352.0 239.0 308.0 311.0 289.0 300.0 333.0 228.0 Grasp 0
342.0 227.0 342.0 297.0 320.0 297.0 320.0 227.0 Grasp 0
359.0 255.0 353.0 286.0 331.0 282.0 337.0 251.0 Grasp 0
370.0 256.0 364.0 290.0 342.0 286.0 348.0 252.0 Grasp 0
283.0 217.0 267.0 300.0 245.0 295.0 260.0 213.0 Grasp 0
302.0 214.0 285.0 308.0 263.0 304.0 280.0 210.0 Grasp 0
387.0 260.0 372.0 298.0 351.0 290.0 366.0 252.0 Grasp 0
318.0 229.0 305.0 299.0 283.0 295.0 296.0 225.0 Grasp 0
315.0 304.0 286.0 229.0 307.0 221.0 336.0 296.0 Grasp 0
338.0 234.0 325.0 302.0 303.0 298.0 316.0 229.0 Grasp 0
304.0 217.0 304.0 304.0 281.0 304.0 281.0 217.0 Grasp 0
293.0 226.0 280.0 295.0 258.0 291.0 271.0 222.0 Grasp 0
335.0 297.0 306.0 224.0 327.0 216.0 356.0 289.0 Grasp 0
341.0 293.0 329.0 229.0 350.0 225.0 363.0 289.0 Grasp 0
329.0 230.0 315.0 301.0 293.0 297.0 307.0 226.0 Grasp 0
275.0 221.0 262.0 293.0 240.0 289.0 253.0 217.0 Grasp 0
398.0 266.0 386.0 295.0 365.0 287.0 377.0 258.0 Grasp 0
347.0 239.0 287.0 305.0 270.0 290.0 330.0 224.0 Grasp 0
363.0 249.0 338.0 313.0 317.0 305.0 342.0 241.0 Grasp 0
318.0 304.0 303.0 224.0 325.0 220.0 340.0 300.0 Grasp 0
