279.0 288.0 264.0 329.0 243.0 321.0 259.0 280.0 Grasp 0
371.0 295.0 356.0 332.0 336.0 324.0 350.0 287.0 Grasp 0
265.0 290.0 252.0 324.0 231.0 316.0 244.0 282.0 Grasp 0
295.0 290.0 289.0 325.0 267.0 321.0 273.0 286.0 Grasp 0
341.0 292.0 325.0 331.0 305.0 323.0 320.0 284.0 Grasp 0
318.0 289.0 301.0 332.0 280.0 324.0 297.0 281.0 Grasp 0
356.0 294.0 342.0 331.0 321.0 323.0 336.0 286.0 Grasp 0
306.0 292.0 292.0 328.0 272.0 320.0 286.0 284.0 Grasp 0
322.0 294.0 309.0 328.0 288.0 320.0 301.0 286.0 Grasp 0
348.0 294.0 334.0 331.0 313.0 323.0 328.0 286.0 Grasp 0
330.0 291.0 314.0 332.0 293.0 324.0 309.0 283.0 Grasp 0
257.0 289.0 244.0 324.0 223.0 316.0 237.0 281.0 Grasp 0
291.0 290.0 276.0 328.0 255.0 320.0 270.0 282.0 Grasp 0
273.0 286.0 256.0 329.0 235.0 321.0 252.0 278.0 Grasp 0
352.0 337.0 335.0 292.0 355.0 284.0 373.0 329.0 Grasp 0
