255.0 204.0 221.0 207.0 219.0 184.0 253.0 181.0 Grasp 0
405.0 284.0 350.0 242.0 364.0 223.0 420.0 265.0 Grasp 0
419.0 229.0 375.0 225.0 377.0 201.0 421.0 206.0 Grasp 0
343.0 311.0 324.0 262.0 346.0 254.0 365.0 303.0 Grasp 0
368.0 136.0 352.0 162.0 332.0 149.0 348.0 123.0 Grasp 0
380.0 301.0 331.0 264.0 345.0 246.0 394.0 282.0 Grasp 0
330.0 318.0 319.0 260.0 342.0 255.0 353.0 313.0 Grasp 0
339.0 260.0 339.0 320.0 315.0 320.0 315.0 260.0 Grasp 0
258.0 177.0 223.0 160.0 234.0 139.0 268.0 156.0 Grasp 0
417.0 256.0 365.0 241.0 371.0 218.0 423.0 233.0 Grasp 0
255.0 187.0 223.0 184.0 225.0 161.0 258.0 164.0 Grasp 0
354.0 126.0 336.0 156.0 316.0 143.0 335.0 113.0 Grasp 0
299.0 325.0 288.0 267.0 311.0 263.0 322.0 321.0 Grasp 0
342.0 121.0 324.0 150.0 304.0 138.0 322.0 109.0 Grasp 0
398.0 173.0 370.0 194.0 356.0 175.0 384.0 154.0 Grasp 0
389.0 297.0 337.0 258.0 352.0 239.0 403.0 278.0 Grasp 0
284.0 269.0 262.0 303.0 242.0 291.0 264.0 257.0 Grasp 0
403.0 191.0 369.0 201.0 363.0 178.0 397.0 169.0 Grasp 0
418.0 244.0 374.0 239.0 376.0 216.0 420.0 220.0 Grasp 0
318.0 327.0 294.0 264.0 316.0 255.0 340.0 318.0 Grasp 0
258.0 195.0 221.0 198.0 219.0 175.0 256.0 172.0 Grasp 0
259.0 169.0 227.0 145.0 241.0 126.0 273.0 150.0 Grasp 0
415.0 215.0 375.0 218.0 373.0 195.0 413.0 191.0 Grasp 0
319.0 268.0 297.0 325.0 275.0 317.0 297.0 260.0 Grasp 0
265.0 244.0 235.0 259.0 224.0 238.0 255.0 223.0 Grasp 0
316.0 105.0 309.0 142.0 286.0 138.0 293.0 101.0 Grasp 0
276.0 258.0 250.0 288.0 232.0 272.0 259.0 243.0 Grasp 0
424.0 260.0 347.0 253.0 350.0 229.0 427.0 236.0 Grasp 0
395.0 160.0 366.0 191.0 349.0 175.0 378.0 144.0 Grasp 0
295.0 335.0 264.0 257.0 286.0 249.0 317.0 327.0 Grasp 0
260.0 234.0 228.0 243.0 222.0 220.0 254.0 211.0 Grasp 0
386.0 156.0 364.0 180.0 346.0 165.0 369.0 140.0 Grasp 0
282.0 146.0 274.0 101.0 296.0 97.0 305.0 142.0 Grasp 0
337.0 262.0 325.0 327.0 301.0 323.0 314.0 258.0 Grasp 0
257.0 226.0 227.0 234.0 221.0 212.0 251.0 203.0 Grasp 0
410.0 269.0 359.0 244.0 370.0 223.0 420.0 248.0 Grasp 0
403.0 296.0 334.0 244.0 348.0 226.0 417.0 278.0 Grasp 0
281.0 261.0 258.0 298.0 237.0 286.0 261.0 248.0 Grasp 0
328.0 114.0 316.0 143.0 295.0 135.0 306.0 105.0 Grasp 0
364.0 309.0 323.0 263.0 340.0 247.0 381.0 293.0 Grasp 0
297.0 268.0 297.0 320.0 273.0 320.0 273.0 268.0 Grasp 0
412.0 204.0 377.0 214.0 370.0 191.0 405.0 181.0 Grasp 0
291.0 273.0 275.0 313.0 253.0 305.0 269.0 265.0 Grasp 0
271.0 255.0 244.0 275.0 230.0 256.0 257.0 236.0 Grasp 0
411.0 197.0 370.0 209.0 363.0 186.0 405.0 174.0 Grasp 0
409.0 269.0 365.0 222.0 383.0 206.0 426.0 254.0 Grasp 0
257.0 184.0 221.0 173.0 227.0 151.0 264.0 161.0 Grasp 0
316.0 269.0 282.0 323.0 262.0 310.0 296.0 256.0 Grasp 0
256.0 212.0 221.0 215.0 219.0 192.0 254.0 189.0 Grasp 0
409.0 282.0 337.0 261.0 343.0 238.0 415.0 259.0 Grasp 0
301.0 155.0 280.0 101.0 302.0 93.0 323.0 147.0 Grasp 0
