444.0 265.0 406.0 326.0 387.0 314.0 425.0 253.0 Grasp 0
420.0 249.0 394.0 318.0 373.0 310.0 399.0 241.0 Grasp 0
405.0 244.0 370.0 302.0 351.0 290.0 386.0 233.0 Grasp 0
325.0 200.0 314.0 258.0 292.0 254.0 303.0 196.0 Grasp 0
285.0 184.0 258.0 227.0 239.0 216.0 266.0 172.0 Grasp 0
389.0 226.0 374.0 306.0 352.0 302.0 367.0 222.0 Grasp 0
323.0 204.0 296.0 247.0 277.0 235.0 304.0 192.0 Grasp 0
435.0 267.0 404.0 318.0 385.0 306.0 416.0 255.0 Grasp 0
388.0 245.0 362.0 287.0 343.0 275.0 369.0 233.0 Grasp 0
386.0 232.0 350.0 291.0 331.0 279.0 367.0 221.0 Grasp 0
366.0 222.0 354.0 284.0 332.0 280.0 344.0 218.0 Grasp 0
339.0 217.0 314.0 257.0 295.0 245.0 320.0 205.0 Grasp 0
361.0 220.0 328.0 275.0 309.0 263.0 342.0 209.0 Grasp 0
304.0 187.0 271.0 241.0 252.0 229.0 285.0 175.0 Grasp 0
332.0 203.0 321.0 262.0 299.0 258.0 310.0 199.0 Grasp 0
356.0 205.0 341.0 286.0 319.0 282.0 334.0 200.0 Grasp 0
428.0 265.0 399.0 313.0 380.0 301.0 409.0 253.0 Grasp 0
294.0 192.0 270.0 230.0 251.0 218.0 275.0 180.0 Grasp 0
414.0 260.0 387.0 303.0 369.0 291.0 395.0 248.0 Grasp 0
433.0 260.0 421.0 326.0 399.0 322.0 412.0 256.0 Grasp 0
339.0 209.0 328.0 265.0 306.0 261.0 317.0 204.0 Grasp 0
329.0 208.0 301.0 253.0 282.0 241.0 310.0 196.0 Grasp 0
400.0 237.0 387.0 310.0 365.0 306.0 378.0 233.0 Grasp 0
315.0 198.0 287.0 243.0 268.0 231.0 296.0 187.0 Grasp 0
410.0 254.0 379.0 302.0 360.0 290.0 391.0 242.0 Grasp 0
370.0 236.0 345.0 276.0 326.0 264.0 351.0 224.0 Grasp 0
333.0 212.0 283.0 249.0 270.0 231.0 319.0 194.0 Grasp 0
366.0 227.0 336.0 276.0 317.0 265.0 347.0 216.0 Grasp 0
368.0 236.0 323.0 271.0 309.0 253.0 354.0 218.0 Grasp 0
397.0 244.0 366.0 294.0 347.0 282.0 378.0 232.0 Grasp 0
374.0 228.0 362.0 288.0 340.0 284.0 351.0 224.0 Grasp 0
347.0 221.0 321.0 263.0 302.0 251.0 328.0 209.0 Grasp 0
453.0 272.0 417.0 331.0 398.0 319.0 435.0 260.0 Grasp 0
346.0 205.0 333.0 275.0 311.0 271.0 324.0 201.0 Grasp 0
388.0 243.0 334.0 284.0 321.0 266.0 374.0 225.0 Grasp 0
318.0 194.0 307.0 254.0 284.0 250.0 296.0 190.0 Grasp 0
353.0 228.0 307.0 262.0 294.0 244.0 340.0 210.0 Grasp 0
310.0 191.0 278.0 244.0 259.0 232.0 291.0 179.0 Grasp 0
