357.0 100.0 286.0 93.0 288.0 70.0 359.0 77.0 Grasp 0
346.0 114.0 289.0 109.0 291.0 86.0 348.0 91.0 Grasp 0
352.0 81.0 299.0 76.0 301.0 53.0 354.0 58.0 Grasp 0
325.0 190.0 275.0 185.0 277.0 163.0 327.0 168.0 Grasp 0
329.0 153.0 284.0 140.0 290.0 118.0 335.0 131.0 Grasp 0
341.0 129.0 286.0 113.0 292.0 91.0 347.0 107.0 Grasp 0
337.0 142.0 283.0 126.0 290.0 105.0 343.0 120.0 Grasp 0
345.0 107.0 290.0 79.0 300.0 58.0 356.0 86.0 Grasp 0
331.0 163.0 283.0 159.0 285.0 136.0 333.0 141.0 Grasp 0
330.0 172.0 278.0 167.0 280.0 144.0 332.0 149.0 Grasp 0
314.0 243.0 267.0 278.0 254.0 261.0 300.0 226.0 Grasp 0
349.0 112.0 286.0 94.0 292.0 72.0 356.0 90.0 Grasp 0
332.0 174.0 274.0 180.0 272.0 157.0 330.0 152.0 Grasp 0
289.0 285.0 268.0 283.0 270.0 262.0 291.0 263.0 Grasp 0
347.0 94.0 296.0 80.0 303.0 58.0 353.0 72.0 Grasp 0
284.0 294.0 258.0 265.0 274.0 250.0 301.0 279.0 Grasp 0
324.0 191.0 275.0 166.0 285.0 146.0 334.0 171.0 Grasp 0
292.0 250.0 277.0 246.0 283.0 225.0 298.0 229.0 Grasp 0
327.0 184.0 275.0 158.0 285.0 138.0 337.0 164.0 Grasp 0
319.0 197.0 273.0 174.0 283.0 154.0 329.0 177.0 Grasp 0
345.0 136.0 288.0 141.0 286.0 118.0 343.0 113.0 Grasp 0
