319.0 251.0 283.0 261.0 277.0 240.0 313.0 230.0 Grasp 0
313.0 231.0 276.0 241.0 270.0 220.0 307.0 209.0 Grasp 0
322.0 267.0 287.0 277.0 281.0 255.0 316.0 245.0 Grasp 0
305.0 213.0 277.0 221.0 271.0 199.0 299.0 191.0 Grasp 0
310.0 224.0 277.0 233.0 271.0 212.0 304.0 202.0 Grasp 0
304.0 185.0 265.0 196.0 259.0 175.0 298.0 164.0 Grasp 0
318.0 260.0 288.0 269.0 282.0 247.0 312.0 239.0 Grasp 0
303.0 201.0 273.0 209.0 267.0 188.0 297.0 179.0 Grasp 0
317.0 242.0 282.0 252.0 276.0 231.0 311.0 221.0 Grasp 0
306.0 188.0 270.0 206.0 260.0 186.0 296.0 168.0 Grasp 0
311.0 216.0 273.0 227.0 267.0 206.0 305.0 195.0 Grasp 0
306.0 198.0 264.0 202.0 262.0 179.0 304.0 175.0 Grasp 0
