325.0 195.0 284.0 239.0 268.0 224.0 308.0 180.0 Grasp 0
333.0 211.0 300.0 247.0 284.0 232.0 316.0 196.0 Grasp 0
380.0 253.0 344.0 293.0 327.0 278.0 364.0 238.0 Grasp 0
299.0 181.0 269.0 214.0 252.0 199.0 283.0 166.0 Grasp 0
431.0 280.0 373.0 344.0 357.0 329.0 415.0 265.0 Grasp 0
283.0 160.0 257.0 203.0 238.0 191.0 264.0 148.0 Grasp 0
377.0 240.0 331.0 291.0 314.0 276.0 361.0 225.0 Grasp 0
390.0 255.0 345.0 303.0 329.0 288.0 373.0 240.0 Grasp 0
315.0 195.0 283.0 229.0 267.0 214.0 298.0 179.0 Grasp 0
399.0 269.0 360.0 311.0 344.0 296.0 383.0 254.0 Grasp 0
322.0 192.0 301.0 245.0 280.0 237.0 301.0 184.0 Grasp 0
330.0 193.0 305.0 256.0 284.0 247.0 308.0 185.0 Grasp 0
404.0 263.0 344.0 308.0 330.0 290.0 390.0 245.0 Grasp 0
301.0 169.0 262.0 212.0 245.0 197.0 284.0 154.0 Grasp 0
410.0 270.0 372.0 332.0 353.0 321.0 391.0 259.0 Grasp 0
326.0 205.0 294.0 240.0 277.0 225.0 309.0 190.0 Grasp 0
364.0 242.0 332.0 277.0 316.0 262.0 348.0 227.0 Grasp 0
359.0 239.0 309.0 264.0 298.0 244.0 349.0 219.0 Grasp 0
352.0 216.0 339.0 286.0 317.0 282.0 330.0 211.0 Grasp 0
358.0 233.0 323.0 273.0 306.0 258.0 342.0 218.0 Grasp 0
411.0 266.0 358.0 324.0 342.0 309.0 395.0 251.0 Grasp 0
393.0 253.0 355.0 313.0 336.0 301.0 374.0 241.0 Grasp 0
353.0 226.0 316.0 267.0 299.0 252.0 337.0 211.0 Grasp 0
377.0 247.0 313.0 279.0 303.0 259.0 367.0 227.0 Grasp 0
311.0 184.0 274.0 225.0 257.0 210.0 295.0 169.0 Grasp 0
359.0 232.0 298.0 262.0 288.0 242.0 349.0 212.0 Grasp 0
425.0 275.0 367.0 338.0 350.0 323.0 408.0 260.0 Grasp 0
343.0 221.0 311.0 256.0 294.0 241.0 326.0 206.0 Grasp 0
336.0 204.0 314.0 260.0 293.0 252.0 315.0 196.0 Grasp 0
366.0 244.0 314.0 270.0 304.0 250.0 356.0 224.0 Grasp 0
418.0 278.0 362.0 321.0 348.0 303.0 405.0 261.0 Grasp 0
353.0 217.0 307.0 267.0 290.0 252.0 337.0 202.0 Grasp 0
410.0 275.0 387.0 335.0 366.0 327.0 390.0 267.0 Grasp 0
364.0 227.0 340.0 290.0 319.0 282.0 343.0 219.0 Grasp 0
371.0 228.0 343.0 299.0 323.0 291.0 350.0 220.0 Grasp 0
312.0 178.0 288.0 239.0 267.0 231.0 291.0 169.0 Grasp 0
294.0 166.0 254.0 210.0 238.0 194.0 277.0 151.0 Grasp 0
