348.0 161.0 312.0 188.0 299.0 171.0 335.0 144.0 Grasp 0
371.0 240.0 346.0 253.0 336.0 233.0 362.0 221.0 Grasp 0
401.0 292.0 365.0 310.0 355.0 290.0 391.0 272.0 Grasp 0
328.0 124.0 289.0 143.0 279.0 123.0 318.0 104.0 Grasp 0
344.0 161.0 296.0 174.0 290.0 153.0 339.0 140.0 Grasp 0
393.0 287.0 364.0 301.0 354.0 281.0 383.0 267.0 Grasp 0
341.0 145.0 295.0 168.0 285.0 148.0 331.0 125.0 Grasp 0
333.0 124.0 291.0 155.0 278.0 138.0 320.0 106.0 Grasp 0
334.0 103.0 292.0 170.0 274.0 158.0 315.0 91.0 Grasp 0
341.0 132.0 289.0 171.0 276.0 154.0 328.0 114.0 Grasp 0
384.0 268.0 358.0 280.0 348.0 261.0 374.0 248.0 Grasp 0
365.0 231.0 344.0 242.0 334.0 222.0 355.0 212.0 Grasp 0
356.0 149.0 323.0 202.0 304.0 191.0 337.0 137.0 Grasp 0
375.0 250.0 351.0 262.0 341.0 243.0 365.0 231.0 Grasp 0
392.0 276.0 359.0 292.0 349.0 273.0 383.0 256.0 Grasp 0
325.0 102.0 294.0 153.0 275.0 141.0 307.0 91.0 Grasp 0
409.0 315.0 373.0 325.0 367.0 304.0 403.0 293.0 Grasp 0
323.0 120.0 284.0 131.0 278.0 110.0 317.0 99.0 Grasp 0
351.0 202.0 332.0 212.0 322.0 192.0 341.0 183.0 Grasp 0
400.0 302.0 371.0 316.0 362.0 297.0 390.0 282.0 Grasp 0
349.0 195.0 285.0 177.0 291.0 156.0 355.0 174.0 Grasp 0
361.0 223.0 340.0 234.0 330.0 215.0 352.0 204.0 Grasp 0
332.0 137.0 283.0 141.0 281.0 120.0 330.0 115.0 Grasp 0
347.0 125.0 320.0 196.0 299.0 188.0 327.0 118.0 Grasp 0
384.0 258.0 355.0 272.0 345.0 253.0 374.0 238.0 Grasp 0
350.0 198.0 298.0 193.0 300.0 171.0 352.0 176.0 Grasp 0
347.0 176.0 316.0 192.0 306.0 172.0 337.0 157.0 Grasp 0
355.0 190.0 330.0 209.0 316.0 192.0 342.0 173.0 Grasp 0
345.0 114.0 299.0 189.0 280.0 177.0 326.0 103.0 Grasp 0
409.0 309.0 378.0 332.0 364.0 315.0 396.0 291.0 Grasp 0
321.0 114.0 291.0 136.0 278.0 118.0 307.0 96.0 Grasp 0
343.0 186.0 284.0 169.0 290.0 148.0 349.0 165.0 Grasp 0
349.0 132.0 333.0 218.0 312.0 214.0 328.0 127.0 Grasp 0
356.0 215.0 329.0 217.0 327.0 195.0 354.0 193.0 Grasp 0
355.0 216.0 339.0 225.0 329.0 205.0 346.0 197.0 Grasp 0
