329.0 171.0 245.0 195.0 239.0 173.0 323.0 149.0 Grasp 0
316.0 100.0 240.0 78.0 246.0 56.0 323.0 78.0 Grasp 0
325.0 152.0 239.0 160.0 237.0 137.0 323.0 129.0 Grasp 0
334.0 237.0 263.0 257.0 257.0 236.0 328.0 215.0 Grasp 0
322.0 127.0 239.0 134.0 237.0 112.0 320.0 104.0 Grasp 0
325.0 118.0 235.0 126.0 233.0 103.0 322.0 95.0 Grasp 0
324.0 144.0 239.0 152.0 237.0 129.0 322.0 121.0 Grasp 0
319.0 82.0 240.0 89.0 238.0 66.0 317.0 59.0 Grasp 0
320.0 106.0 238.0 113.0 236.0 91.0 318.0 83.0 Grasp 0
318.0 101.0 239.0 94.0 241.0 71.0 320.0 78.0 Grasp 0
336.0 228.0 257.0 251.0 251.0 229.0 330.0 206.0 Grasp 0
338.0 202.0 246.0 228.0 240.0 206.0 331.0 180.0 Grasp 0
342.0 238.0 268.0 275.0 258.0 254.0 331.0 218.0 Grasp 0
326.0 135.0 234.0 144.0 232.0 121.0 324.0 112.0 Grasp 0
332.0 202.0 244.0 210.0 242.0 187.0 329.0 179.0 Grasp 0
332.0 255.0 263.0 262.0 261.0 239.0 330.0 233.0 Grasp 0
317.0 73.0 243.0 80.0 241.0 57.0 315.0 51.0 Grasp 0
331.0 228.0 253.0 235.0 251.0 212.0 328.0 205.0 Grasp 0
