336.0 317.0 303.0 300.0 313.0 280.0 346.0 297.0 Grasp 0
310.0 208.0 301.0 232.0 280.0 224.0 289.0 200.0 Grasp 0
362.0 294.0 329.0 207.0 350.0 199.0 383.0 286.0 Grasp 0
415.0 278.0 335.0 270.0 337.0 248.0 417.0 255.0 Grasp 0
397.0 199.0 341.0 261.0 324.0 246.0 381.0 184.0 Grasp 0
324.0 211.0 307.0 239.0 287.0 227.0 305.0 199.0 Grasp 0
344.0 305.0 315.0 290.0 325.0 270.0 354.0 285.0 Grasp 0
378.0 304.0 317.0 274.0 327.0 254.0 388.0 284.0 Grasp 0
376.0 285.0 360.0 202.0 382.0 198.0 398.0 281.0 Grasp 0
366.0 286.0 351.0 205.0 373.0 201.0 388.0 282.0 Grasp 0
410.0 292.0 324.0 267.0 330.0 246.0 416.0 270.0 Grasp 0
353.0 210.0 330.0 247.0 311.0 235.0 334.0 198.0 Grasp 0
363.0 303.0 317.0 280.0 327.0 260.0 373.0 283.0 Grasp 0
324.0 323.0 301.0 306.0 314.0 288.0 337.0 305.0 Grasp 0
366.0 200.0 332.0 255.0 313.0 243.0 346.0 188.0 Grasp 0
408.0 275.0 334.0 254.0 340.0 232.0 414.0 253.0 Grasp 0
328.0 213.0 319.0 238.0 298.0 229.0 307.0 205.0 Grasp 0
409.0 281.0 342.0 208.0 359.0 193.0 425.0 266.0 Grasp 0
342.0 312.0 307.0 294.0 317.0 274.0 352.0 292.0 Grasp 0
427.0 263.0 331.0 254.0 333.0 231.0 429.0 240.0 Grasp 0
390.0 194.0 329.0 261.0 312.0 246.0 373.0 179.0 Grasp 0
340.0 217.0 323.0 243.0 304.0 232.0 320.0 205.0 Grasp 0
391.0 302.0 322.0 268.0 332.0 248.0 401.0 282.0 Grasp 0
