303.0 229.0 273.0 244.0 263.0 224.0 293.0 209.0 Grasp 0
307.0 237.0 276.0 252.0 267.0 233.0 297.0 218.0 Grasp 0
323.0 276.0 295.0 289.0 285.0 270.0 313.0 256.0 Grasp 0
291.0 207.0 263.0 222.0 253.0 202.0 281.0 188.0 Grasp 0
297.0 220.0 269.0 234.0 259.0 214.0 287.0 200.0 Grasp 0
335.0 301.0 308.0 314.0 299.0 294.0 325.0 281.0 Grasp 0
321.0 267.0 291.0 283.0 281.0 263.0 311.0 248.0 Grasp 0
346.0 324.0 319.0 338.0 309.0 318.0 337.0 304.0 Grasp 0
315.0 254.0 285.0 269.0 276.0 249.0 305.0 234.0 Grasp 0
308.0 245.0 281.0 258.0 272.0 239.0 298.0 225.0 Grasp 0
333.0 294.0 303.0 309.0 293.0 289.0 323.0 274.0 Grasp 0
343.0 315.0 314.0 329.0 304.0 309.0 333.0 295.0 Grasp 0
315.0 262.0 290.0 274.0 280.0 255.0 305.0 242.0 Grasp 0
330.0 284.0 298.0 299.0 288.0 280.0 320.0 264.0 Grasp 0
343.0 302.0 311.0 326.0 297.0 309.0 329.0 285.0 Grasp 0
290.0 201.0 255.0 218.0 246.0 198.0 280.0 181.0 Grasp 0
298.0 208.0 266.0 232.0 253.0 214.0 285.0 190.0 Grasp 0
