352.0 240.0 296.0 256.0 290.0 235.0 346.0 219.0 Grasp 0
355.0 216.0 283.0 237.0 277.0 216.0 349.0 195.0 Grasp 0
359.0 261.0 298.0 278.0 292.0 257.0 353.0 240.0 Grasp 0
346.0 209.0 286.0 226.0 280.0 205.0 340.0 188.0 Grasp 0
350.0 224.0 289.0 242.0 283.0 221.0 344.0 203.0 Grasp 0
363.0 288.0 299.0 294.0 297.0 273.0 361.0 267.0 Grasp 0
363.0 273.0 299.0 291.0 293.0 270.0 358.0 252.0 Grasp 0
360.0 253.0 294.0 272.0 288.0 251.0 354.0 232.0 Grasp 0
351.0 226.0 277.0 219.0 279.0 197.0 353.0 204.0 Grasp 0
344.0 195.0 294.0 233.0 281.0 215.0 331.0 178.0 Grasp 0
368.0 239.0 281.0 264.0 275.0 243.0 362.0 218.0 Grasp 0
359.0 228.0 284.0 250.0 278.0 229.0 353.0 207.0 Grasp 0
366.0 265.0 308.0 309.0 295.0 291.0 353.0 247.0 Grasp 0
361.0 295.0 291.0 275.0 297.0 254.0 367.0 274.0 Grasp 0
342.0 236.0 281.0 205.0 291.0 186.0 352.0 216.0 Grasp 0
357.0 220.0 269.0 212.0 271.0 190.0 359.0 198.0 Grasp 0
367.0 265.0 292.0 286.0 287.0 265.0 361.0 244.0 Grasp 0
