319.0 169.0 283.0 209.0 266.0 194.0 302.0 154.0 Grasp 0
326.0 278.0 278.0 241.0 292.0 223.0 340.0 260.0 Grasp 0
396.0 177.0 380.0 265.0 358.0 261.0 374.0 172.0 Grasp 0
409.0 185.0 396.0 255.0 374.0 251.0 387.0 181.0 Grasp 0
334.0 174.0 299.0 212.0 283.0 197.0 318.0 159.0 Grasp 0
301.0 168.0 290.0 198.0 269.0 190.0 281.0 160.0 Grasp 0
309.0 171.0 280.0 203.0 263.0 188.0 292.0 156.0 Grasp 0
373.0 178.0 373.0 255.0 351.0 255.0 351.0 178.0 Grasp 0
353.0 271.0 301.0 232.0 315.0 214.0 367.0 253.0 Grasp 0
295.0 168.0 277.0 197.0 258.0 186.0 276.0 157.0 Grasp 0
309.0 279.0 275.0 243.0 292.0 228.0 325.0 264.0 Grasp 0
376.0 269.0 306.0 234.0 315.0 214.0 386.0 249.0 Grasp 0
362.0 183.0 362.0 257.0 339.0 257.0 339.0 183.0 Grasp 0
349.0 181.0 300.0 217.0 287.0 200.0 335.0 163.0 Grasp 0
350.0 270.0 291.0 241.0 301.0 221.0 360.0 250.0 Grasp 0
422.0 176.0 422.0 267.0 400.0 267.0 400.0 176.0 Grasp 0
276.0 277.0 259.0 251.0 278.0 239.0 294.0 265.0 Grasp 0
338.0 176.0 338.0 261.0 316.0 261.0 316.0 176.0 Grasp 0
370.0 182.0 322.0 218.0 309.0 201.0 357.0 164.0 Grasp 0
263.0 278.0 248.0 254.0 267.0 243.0 282.0 267.0 Grasp 0
368.0 252.0 356.0 185.0 377.0 180.0 390.0 248.0 Grasp 0
437.0 180.0 422.0 261.0 401.0 257.0 416.0 176.0 Grasp 0
298.0 280.0 268.0 247.0 284.0 232.0 314.0 265.0 Grasp 0
355.0 185.0 311.0 218.0 298.0 200.0 342.0 167.0 Grasp 0
366.0 259.0 316.0 221.0 329.0 203.0 379.0 241.0 Grasp 0
284.0 169.0 275.0 193.0 254.0 185.0 263.0 161.0 Grasp 0
309.0 274.0 287.0 239.0 306.0 227.0 328.0 263.0 Grasp 0
442.0 271.0 392.0 189.0 410.0 178.0 461.0 259.0 Grasp 0
332.0 274.0 287.0 239.0 300.0 222.0 346.0 256.0 Grasp 0
393.0 183.0 315.0 223.0 305.0 203.0 383.0 164.0 Grasp 0
423.0 273.0 405.0 182.0 427.0 177.0 445.0 269.0 Grasp 0
445.0 267.0 411.0 179.0 432.0 171.0 466.0 259.0 Grasp 0
418.0 179.0 403.0 257.0 381.0 253.0 396.0 175.0 Grasp 0
353.0 182.0 326.0 225.0 307.0 214.0 334.0 171.0 Grasp 0
308.0 167.0 295.0 202.0 274.0 194.0 288.0 159.0 Grasp 0
