364.0 246.0 291.0 239.0 293.0 217.0 366.0 223.0 Grasp 0
367.0 198.0 287.0 159.0 297.0 139.0 377.0 179.0 Grasp 0
350.0 288.0 282.0 254.0 292.0 234.0 360.0 268.0 Grasp 0
376.0 223.0 286.0 248.0 280.0 227.0 370.0 201.0 Grasp 0
276.0 241.0 266.0 294.0 244.0 290.0 254.0 237.0 Grasp 0
283.0 312.0 270.0 242.0 292.0 238.0 305.0 308.0 Grasp 0
259.0 301.0 247.0 238.0 269.0 234.0 281.0 297.0 Grasp 0
371.0 184.0 296.0 147.0 306.0 127.0 381.0 165.0 Grasp 0
287.0 236.0 287.0 306.0 265.0 306.0 265.0 236.0 Grasp 0
355.0 266.0 293.0 249.0 299.0 228.0 361.0 245.0 Grasp 0
285.0 248.0 256.0 294.0 238.0 283.0 266.0 236.0 Grasp 0
325.0 306.0 279.0 255.0 295.0 240.0 341.0 291.0 Grasp 0
362.0 214.0 293.0 233.0 287.0 212.0 356.0 192.0 Grasp 0
285.0 221.0 246.0 283.0 227.0 272.0 266.0 209.0 Grasp 0
312.0 303.0 290.0 244.0 310.0 236.0 333.0 295.0 Grasp 0
360.0 227.0 268.0 236.0 266.0 213.0 358.0 204.0 Grasp 0
366.0 198.0 285.0 175.0 291.0 153.0 373.0 176.0 Grasp 0
285.0 257.0 246.0 287.0 233.0 269.0 272.0 239.0 Grasp 0
302.0 168.0 302.0 222.0 280.0 222.0 280.0 168.0 Grasp 0
291.0 214.0 276.0 294.0 254.0 290.0 269.0 210.0 Grasp 0
300.0 314.0 273.0 245.0 294.0 237.0 321.0 306.0 Grasp 0
352.0 222.0 277.0 185.0 287.0 164.0 362.0 202.0 Grasp 0
