367.0 310.0 336.0 229.0 357.0 221.0 389.0 302.0 Grasp 0
388.0 295.0 374.0 225.0 397.0 221.0 410.0 291.0 Grasp 0
371.0 301.0 345.0 234.0 366.0 225.0 392.0 293.0 Grasp 0
389.0 301.0 360.0 226.0 381.0 217.0 410.0 293.0 Grasp 0
332.0 320.0 300.0 236.0 321.0 228.0 353.0 311.0 Grasp 0
358.0 306.0 331.0 236.0 352.0 228.0 379.0 297.0 Grasp 0
404.0 226.0 390.0 302.0 368.0 298.0 382.0 222.0 Grasp 0
336.0 310.0 309.0 241.0 330.0 233.0 357.0 302.0 Grasp 0
373.0 302.0 359.0 225.0 381.0 221.0 395.0 298.0 Grasp 0
343.0 226.0 343.0 318.0 321.0 318.0 321.0 226.0 Grasp 0
345.0 313.0 315.0 235.0 336.0 227.0 366.0 304.0 Grasp 0
412.0 304.0 359.0 220.0 379.0 208.0 431.0 292.0 Grasp 0
346.0 315.0 330.0 226.0 352.0 222.0 369.0 311.0 Grasp 0
344.0 236.0 330.0 312.0 307.0 308.0 322.0 232.0 Grasp 0
