321.0 212.0 303.0 259.0 283.0 251.0 301.0 204.0 Grasp 0
318.0 203.0 294.0 265.0 273.0 256.0 297.0 195.0 Grasp 0
353.0 212.0 340.0 282.0 318.0 278.0 331.0 208.0 Grasp 0
296.0 201.0 274.0 258.0 254.0 249.0 276.0 193.0 Grasp 0
413.0 235.0 401.0 300.0 379.0 296.0 391.0 231.0 Grasp 0
373.0 224.0 350.0 283.0 330.0 275.0 353.0 216.0 Grasp 0
392.0 234.0 371.0 287.0 350.0 279.0 371.0 226.0 Grasp 0
455.0 252.0 433.0 311.0 412.0 303.0 435.0 244.0 Grasp 0
306.0 200.0 283.0 260.0 262.0 252.0 285.0 192.0 Grasp 0
430.0 235.0 401.0 308.0 381.0 300.0 409.0 227.0 Grasp 0
366.0 222.0 344.0 279.0 323.0 271.0 346.0 214.0 Grasp 0
287.0 196.0 265.0 251.0 245.0 243.0 266.0 188.0 Grasp 0
457.0 251.0 405.0 308.0 388.0 293.0 441.0 236.0 Grasp 0
277.0 200.0 261.0 241.0 240.0 233.0 256.0 191.0 Grasp 0
396.0 232.0 385.0 291.0 363.0 287.0 374.0 228.0 Grasp 0
382.0 230.0 361.0 283.0 341.0 275.0 361.0 222.0 Grasp 0
345.0 211.0 321.0 275.0 300.0 267.0 325.0 203.0 Grasp 0
350.0 219.0 329.0 272.0 309.0 264.0 329.0 211.0 Grasp 0
338.0 208.0 312.0 274.0 292.0 265.0 317.0 200.0 Grasp 0
406.0 225.0 391.0 304.0 370.0 300.0 384.0 221.0 Grasp 0
439.0 248.0 418.0 304.0 397.0 296.0 419.0 240.0 Grasp 0
362.0 225.0 332.0 273.0 313.0 261.0 343.0 213.0 Grasp 0
413.0 227.0 413.0 309.0 391.0 309.0 391.0 227.0 Grasp 0
269.0 189.0 258.0 246.0 236.0 242.0 247.0 185.0 Grasp 0
404.0 240.0 374.0 288.0 355.0 277.0 385.0 228.0 Grasp 0
432.0 246.0 409.0 304.0 388.0 296.0 411.0 238.0 Grasp 0
