362.0 331.0 309.0 246.0 329.0 234.0 382.0 319.0 Grasp 0
389.0 299.0 347.0 231.0 366.0 219.0 408.0 287.0 Grasp 0
366.0 320.0 320.0 246.0 339.0 234.0 385.0 308.0 Grasp 0
393.0 291.0 356.0 230.0 375.0 218.0 413.0 279.0 Grasp 0
377.0 311.0 332.0 238.0 352.0 226.0 397.0 299.0 Grasp 0
394.0 288.0 368.0 221.0 390.0 213.0 415.0 280.0 Grasp 0
419.0 273.0 347.0 237.0 357.0 217.0 429.0 253.0 Grasp 0
376.0 299.0 376.0 217.0 399.0 217.0 399.0 299.0 Grasp 0
399.0 294.0 334.0 245.0 348.0 226.0 413.0 276.0 Grasp 0
368.0 319.0 303.0 270.0 316.0 252.0 382.0 301.0 Grasp 0
382.0 302.0 342.0 238.0 362.0 226.0 401.0 290.0 Grasp 0
415.0 289.0 340.0 232.0 354.0 214.0 429.0 270.0 Grasp 0
