380.0 288.0 304.0 309.0 298.0 288.0 374.0 267.0 Grasp 0
375.0 266.0 301.0 273.0 299.0 251.0 373.0 244.0 Grasp 0
380.0 278.0 301.0 301.0 295.0 280.0 374.0 257.0 Grasp 0
367.0 220.0 296.0 227.0 294.0 204.0 364.0 198.0 Grasp 0
374.0 235.0 295.0 258.0 289.0 236.0 368.0 214.0 Grasp 0
364.0 192.0 291.0 199.0 288.0 176.0 362.0 169.0 Grasp 0
360.0 207.0 299.0 213.0 297.0 190.0 358.0 184.0 Grasp 0
386.0 304.0 299.0 312.0 297.0 291.0 384.0 283.0 Grasp 0
359.0 182.0 300.0 211.0 290.0 191.0 349.0 161.0 Grasp 0
372.0 254.0 299.0 261.0 297.0 239.0 370.0 232.0 Grasp 0
359.0 173.0 296.0 191.0 290.0 169.0 353.0 151.0 Grasp 0
376.0 279.0 303.0 286.0 301.0 264.0 374.0 257.0 Grasp 0
365.0 230.0 300.0 236.0 298.0 214.0 363.0 208.0 Grasp 0
383.0 304.0 305.0 326.0 299.0 305.0 377.0 283.0 Grasp 0
366.0 215.0 303.0 246.0 293.0 226.0 356.0 195.0 Grasp 0
