377.0 222.0 335.0 289.0 316.0 277.0 358.0 210.0 Grasp 0
440.0 271.0 398.0 339.0 378.0 327.0 421.0 259.0 Grasp 0
451.0 291.0 378.0 328.0 368.0 307.0 441.0 271.0 Grasp 0
434.0 261.0 388.0 335.0 369.0 323.0 415.0 249.0 Grasp 0
383.0 235.0 325.0 279.0 312.0 261.0 369.0 217.0 Grasp 0
413.0 255.0 375.0 316.0 356.0 305.0 394.0 243.0 Grasp 0
350.0 220.0 338.0 283.0 316.0 279.0 327.0 216.0 Grasp 0
354.0 225.0 320.0 263.0 303.0 247.0 337.0 210.0 Grasp 0
400.0 236.0 354.0 310.0 335.0 298.0 381.0 224.0 Grasp 0
366.0 228.0 325.0 273.0 308.0 258.0 349.0 213.0 Grasp 0
369.0 219.0 355.0 297.0 332.0 293.0 347.0 215.0 Grasp 0
405.0 252.0 357.0 305.0 340.0 290.0 389.0 237.0 Grasp 0
347.0 224.0 328.0 273.0 307.0 265.0 326.0 216.0 Grasp 0
423.0 251.0 375.0 329.0 355.0 317.0 404.0 239.0 Grasp 0
386.0 226.0 344.0 294.0 325.0 282.0 367.0 215.0 Grasp 0
373.0 219.0 373.0 310.0 351.0 310.0 351.0 219.0 Grasp 0
431.0 260.0 416.0 340.0 393.0 335.0 408.0 255.0 Grasp 0
392.0 232.0 350.0 300.0 330.0 288.0 373.0 220.0 Grasp 0
