311.0 275.0 278.0 221.0 297.0 209.0 330.0 263.0 Grasp 0
336.0 264.0 302.0 210.0 321.0 198.0 354.0 252.0 Grasp 0
383.0 252.0 329.0 193.0 345.0 178.0 399.0 237.0 Grasp 0
386.0 241.0 352.0 187.0 371.0 176.0 404.0 230.0 Grasp 0
344.0 264.0 318.0 195.0 338.0 187.0 365.0 256.0 Grasp 0
370.0 247.0 347.0 187.0 368.0 179.0 391.0 239.0 Grasp 0
323.0 280.0 279.0 209.0 298.0 198.0 342.0 268.0 Grasp 0
324.0 268.0 291.0 215.0 310.0 204.0 342.0 257.0 Grasp 0
390.0 248.0 337.0 190.0 354.0 175.0 407.0 233.0 Grasp 0
366.0 255.0 339.0 185.0 360.0 177.0 387.0 247.0 Grasp 0
371.0 252.0 356.0 174.0 378.0 170.0 393.0 248.0 Grasp 0
362.0 251.0 330.0 199.0 348.0 187.0 381.0 240.0 Grasp 0
353.0 260.0 326.0 191.0 347.0 183.0 373.0 252.0 Grasp 0
325.0 270.0 274.0 231.0 288.0 214.0 338.0 252.0 Grasp 0
342.0 260.0 309.0 207.0 328.0 195.0 361.0 249.0 Grasp 0
316.0 210.0 316.0 271.0 294.0 271.0 294.0 210.0 Grasp 0
