346.0 198.0 304.0 202.0 302.0 180.0 344.0 176.0 Grasp 0
361.0 238.0 307.0 254.0 301.0 232.0 355.0 217.0 Grasp 0
353.0 263.0 315.0 266.0 313.0 244.0 351.0 241.0 Grasp 0
354.0 198.0 301.0 213.0 295.0 192.0 348.0 177.0 Grasp 0
359.0 288.0 323.0 299.0 317.0 277.0 353.0 267.0 Grasp 0
350.0 210.0 304.0 214.0 302.0 192.0 348.0 188.0 Grasp 0
350.0 214.0 309.0 225.0 303.0 204.0 343.0 192.0 Grasp 0
355.0 250.0 316.0 262.0 309.0 240.0 349.0 229.0 Grasp 0
362.0 283.0 313.0 287.0 311.0 265.0 360.0 260.0 Grasp 0
353.0 230.0 312.0 242.0 305.0 221.0 347.0 209.0 Grasp 0
362.0 218.0 302.0 235.0 296.0 213.0 356.0 196.0 Grasp 0
359.0 267.0 318.0 279.0 312.0 258.0 353.0 246.0 Grasp 0
366.0 293.0 318.0 307.0 311.0 285.0 359.0 272.0 Grasp 0
342.0 192.0 306.0 196.0 304.0 174.0 340.0 171.0 Grasp 0
