398.0 305.0 358.0 335.0 344.0 317.0 384.0 286.0 Grasp 0
315.0 201.0 266.0 238.0 252.0 220.0 302.0 183.0 Grasp 0
326.0 214.0 288.0 255.0 272.0 240.0 309.0 199.0 Grasp 0
380.0 278.0 344.0 318.0 327.0 302.0 363.0 263.0 Grasp 0
354.0 236.0 320.0 292.0 300.0 280.0 335.0 224.0 Grasp 0
362.0 249.0 317.0 299.0 300.0 283.0 345.0 234.0 Grasp 0
376.0 267.0 334.0 313.0 318.0 298.0 359.0 252.0 Grasp 0
346.0 229.0 312.0 285.0 292.0 273.0 327.0 217.0 Grasp 0
395.0 289.0 343.0 328.0 329.0 310.0 381.0 271.0 Grasp 0
339.0 230.0 292.0 265.0 279.0 247.0 325.0 211.0 Grasp 0
318.0 205.0 280.0 246.0 263.0 231.0 301.0 189.0 Grasp 0
399.0 287.0 352.0 340.0 335.0 325.0 383.0 272.0 Grasp 0
370.0 258.0 326.0 306.0 309.0 291.0 353.0 242.0 Grasp 0
353.0 244.0 304.0 280.0 291.0 262.0 339.0 226.0 Grasp 0
343.0 231.0 302.0 276.0 285.0 260.0 326.0 216.0 Grasp 0
335.0 214.0 287.0 267.0 270.0 252.0 318.0 199.0 Grasp 0
