350.0 86.0 277.0 79.0 279.0 56.0 352.0 63.0 Grasp 0
346.0 111.0 269.0 89.0 275.0 67.0 352.0 89.0 Grasp 0
290.0 295.0 248.0 283.0 254.0 262.0 296.0 274.0 Grasp 0
320.0 233.0 247.0 213.0 253.0 191.0 326.0 211.0 Grasp 0
338.0 128.0 269.0 108.0 275.0 86.0 345.0 106.0 Grasp 0
342.0 150.0 257.0 125.0 263.0 103.0 349.0 128.0 Grasp 0
311.0 262.0 242.0 243.0 249.0 221.0 317.0 240.0 Grasp 0
327.0 172.0 262.0 153.0 268.0 132.0 333.0 150.0 Grasp 0
311.0 251.0 246.0 232.0 253.0 210.0 317.0 229.0 Grasp 0
325.0 199.0 254.0 178.0 260.0 157.0 331.0 177.0 Grasp 0
286.0 310.0 248.0 300.0 254.0 278.0 292.0 289.0 Grasp 0
330.0 180.0 257.0 159.0 263.0 137.0 336.0 158.0 Grasp 0
310.0 244.0 249.0 213.0 259.0 193.0 320.0 224.0 Grasp 0
293.0 300.0 249.0 296.0 251.0 273.0 295.0 277.0 Grasp 0
333.0 158.0 262.0 138.0 268.0 116.0 340.0 136.0 Grasp 0
319.0 223.0 250.0 189.0 260.0 169.0 329.0 203.0 Grasp 0
289.0 286.0 252.0 275.0 258.0 254.0 295.0 264.0 Grasp 0
332.0 193.0 250.0 170.0 256.0 148.0 338.0 172.0 Grasp 0
309.0 269.0 243.0 250.0 249.0 229.0 315.0 248.0 Grasp 0
347.0 147.0 257.0 173.0 251.0 151.0 341.0 125.0 Grasp 0
302.0 271.0 242.0 226.0 256.0 208.0 315.0 253.0 Grasp 0
321.0 209.0 254.0 190.0 260.0 168.0 327.0 187.0 Grasp 0
358.0 76.0 273.0 68.0 275.0 45.0 360.0 53.0 Grasp 0
311.0 279.0 254.0 284.0 252.0 262.0 309.0 257.0 Grasp 0
351.0 94.0 273.0 87.0 275.0 64.0 353.0 71.0 Grasp 0
346.0 122.0 264.0 99.0 271.0 77.0 352.0 100.0 Grasp 0
334.0 138.0 269.0 119.0 275.0 97.0 340.0 116.0 Grasp 0
318.0 223.0 251.0 204.0 257.0 182.0 324.0 201.0 Grasp 0
