402.0 235.0 354.0 271.0 341.0 253.0 388.0 217.0 Grasp 0
385.0 192.0 335.0 247.0 318.0 232.0 369.0 177.0 Grasp 0
382.0 210.0 328.0 237.0 318.0 217.0 372.0 190.0 Grasp 0
400.0 220.0 353.0 272.0 336.0 256.0 383.0 204.0 Grasp 0
392.0 219.0 332.0 249.0 322.0 229.0 382.0 199.0 Grasp 0
405.0 247.0 362.0 280.0 348.0 261.0 392.0 228.0 Grasp 0
383.0 183.0 314.0 235.0 301.0 217.0 370.0 165.0 Grasp 0
366.0 171.0 310.0 213.0 297.0 196.0 352.0 154.0 Grasp 0
373.0 175.0 310.0 223.0 297.0 205.0 360.0 157.0 Grasp 0
376.0 195.0 326.0 233.0 313.0 215.0 363.0 178.0 Grasp 0
361.0 148.0 291.0 201.0 278.0 183.0 347.0 130.0 Grasp 0
393.0 229.0 341.0 254.0 331.0 234.0 382.0 208.0 Grasp 0
385.0 202.0 343.0 248.0 326.0 233.0 368.0 187.0 Grasp 0
364.0 164.0 306.0 207.0 293.0 190.0 351.0 146.0 Grasp 0
400.0 223.0 364.0 280.0 345.0 268.0 380.0 211.0 Grasp 0
397.0 213.0 349.0 266.0 332.0 250.0 380.0 198.0 Grasp 0
393.0 197.0 361.0 281.0 340.0 273.0 372.0 189.0 Grasp 0
