441.0 190.0 412.0 266.0 390.0 258.0 420.0 181.0 Grasp 0
481.0 221.0 439.0 289.0 420.0 277.0 462.0 209.0 Grasp 0
473.0 215.0 431.0 283.0 412.0 271.0 453.0 204.0 Grasp 0
448.0 201.0 398.0 256.0 381.0 241.0 431.0 186.0 Grasp 0
486.0 228.0 446.0 292.0 427.0 280.0 467.0 216.0 Grasp 0
452.0 197.0 380.0 252.0 366.0 234.0 439.0 179.0 Grasp 0
459.0 200.0 399.0 267.0 382.0 251.0 443.0 185.0 Grasp 0
461.0 204.0 417.0 274.0 397.0 262.0 441.0 191.0 Grasp 0
469.0 207.0 423.0 282.0 403.0 270.0 449.0 195.0 Grasp 0
438.0 189.0 396.0 256.0 377.0 244.0 418.0 177.0 Grasp 0
495.0 238.0 429.0 287.0 416.0 269.0 481.0 220.0 Grasp 0
