417.0 179.0 388.0 254.0 367.0 246.0 396.0 171.0 Grasp 0
350.0 149.0 328.0 206.0 308.0 198.0 329.0 141.0 Grasp 0
363.0 149.0 337.0 216.0 316.0 208.0 342.0 141.0 Grasp 0
395.0 176.0 373.0 232.0 353.0 224.0 375.0 168.0 Grasp 0
461.0 258.0 391.0 264.0 389.0 242.0 459.0 235.0 Grasp 0
423.0 293.0 383.0 282.0 389.0 260.0 429.0 271.0 Grasp 0
392.0 175.0 359.0 229.0 340.0 218.0 373.0 164.0 Grasp 0
386.0 167.0 348.0 228.0 329.0 216.0 367.0 156.0 Grasp 0
468.0 242.0 386.0 250.0 384.0 227.0 466.0 220.0 Grasp 0
441.0 260.0 410.0 209.0 429.0 197.0 460.0 248.0 Grasp 0
447.0 281.0 385.0 275.0 387.0 253.0 449.0 258.0 Grasp 0
461.0 222.0 427.0 197.0 441.0 179.0 475.0 204.0 Grasp 0
454.0 256.0 394.0 250.0 396.0 228.0 456.0 234.0 Grasp 0
305.0 132.0 294.0 190.0 272.0 185.0 283.0 128.0 Grasp 0
466.0 211.0 429.0 192.0 439.0 172.0 476.0 190.0 Grasp 0
406.0 179.0 381.0 243.0 360.0 235.0 385.0 171.0 Grasp 0
291.0 125.0 291.0 191.0 268.0 191.0 268.0 125.0 Grasp 0
446.0 264.0 421.0 200.0 442.0 192.0 467.0 255.0 Grasp 0
458.0 266.0 384.0 273.0 382.0 251.0 456.0 244.0 Grasp 0
381.0 161.0 342.0 224.0 323.0 212.0 362.0 149.0 Grasp 0
419.0 277.0 405.0 202.0 427.0 198.0 441.0 273.0 Grasp 0
424.0 194.0 377.0 246.0 361.0 230.0 408.0 179.0 Grasp 0
342.0 143.0 318.0 204.0 298.0 196.0 321.0 135.0 Grasp 0
336.0 139.0 312.0 200.0 291.0 192.0 315.0 131.0 Grasp 0
322.0 139.0 302.0 191.0 281.0 183.0 301.0 131.0 Grasp 0
419.0 309.0 376.0 277.0 390.0 259.0 433.0 291.0 Grasp 0
457.0 241.0 424.0 205.0 440.0 189.0 474.0 226.0 Grasp 0
468.0 204.0 385.0 245.0 375.0 225.0 458.0 184.0 Grasp 0
433.0 274.0 405.0 202.0 426.0 193.0 454.0 266.0 Grasp 0
