379.0 136.0 332.0 112.0 342.0 92.0 389.0 116.0 Grasp 0
400.0 101.0 353.0 78.0 363.0 58.0 410.0 81.0 Grasp 0
361.0 152.0 329.0 136.0 339.0 115.0 371.0 132.0 Grasp 0
395.0 112.0 346.0 88.0 356.0 68.0 405.0 92.0 Grasp 0
409.0 97.0 353.0 69.0 363.0 49.0 419.0 77.0 Grasp 0
357.0 180.0 309.0 143.0 323.0 126.0 371.0 162.0 Grasp 0
371.0 140.0 334.0 122.0 344.0 102.0 381.0 120.0 Grasp 0
387.0 126.0 340.0 90.0 354.0 72.0 400.0 108.0 Grasp 0
411.0 92.0 357.0 51.0 371.0 33.0 425.0 74.0 Grasp 0
365.0 162.0 314.0 147.0 320.0 126.0 371.0 140.0 Grasp 0
409.0 81.0 366.0 49.0 380.0 31.0 423.0 63.0 Grasp 0
381.0 128.0 340.0 107.0 350.0 87.0 391.0 108.0 Grasp 0
426.0 67.0 355.0 73.0 353.0 51.0 424.0 44.0 Grasp 0
364.0 170.0 311.0 155.0 317.0 133.0 370.0 148.0 Grasp 0
284.0 260.0 271.0 249.0 284.0 231.0 298.0 242.0 Grasp 0
308.0 230.0 288.0 225.0 294.0 203.0 314.0 209.0 Grasp 0
366.0 166.0 320.0 131.0 333.0 113.0 380.0 148.0 Grasp 0
367.0 154.0 324.0 122.0 338.0 105.0 380.0 136.0 Grasp 0
393.0 120.0 343.0 106.0 349.0 84.0 399.0 98.0 Grasp 0
400.0 100.0 358.0 55.0 375.0 39.0 416.0 85.0 Grasp 0
315.0 209.0 302.0 203.0 312.0 183.0 325.0 189.0 Grasp 0
373.0 155.0 315.0 139.0 321.0 117.0 379.0 134.0 Grasp 0
