381.0 252.0 315.0 202.0 328.0 184.0 395.0 234.0 Grasp 0
312.0 285.0 273.0 243.0 290.0 227.0 328.0 270.0 Grasp 0
299.0 301.0 263.0 243.0 282.0 231.0 318.0 289.0 Grasp 0
343.0 267.0 301.0 221.0 318.0 206.0 359.0 252.0 Grasp 0
334.0 277.0 288.0 226.0 305.0 211.0 351.0 262.0 Grasp 0
384.0 208.0 340.0 186.0 350.0 166.0 394.0 188.0 Grasp 0
397.0 214.0 317.0 207.0 319.0 184.0 399.0 192.0 Grasp 0
387.0 238.0 327.0 192.0 341.0 174.0 401.0 220.0 Grasp 0
395.0 212.0 330.0 194.0 336.0 172.0 401.0 190.0 Grasp 0
358.0 254.0 322.0 196.0 342.0 185.0 377.0 242.0 Grasp 0
327.0 281.0 282.0 232.0 299.0 217.0 343.0 266.0 Grasp 0
354.0 265.0 311.0 196.0 331.0 184.0 373.0 253.0 Grasp 0
366.0 248.0 330.0 191.0 349.0 179.0 385.0 236.0 Grasp 0
387.0 206.0 348.0 176.0 361.0 159.0 400.0 188.0 Grasp 0
321.0 286.0 274.0 234.0 291.0 218.0 338.0 270.0 Grasp 0
343.0 258.0 314.0 211.0 333.0 199.0 362.0 246.0 Grasp 0
308.0 298.0 251.0 255.0 265.0 237.0 322.0 280.0 Grasp 0
378.0 218.0 338.0 174.0 355.0 159.0 395.0 203.0 Grasp 0
382.0 240.0 316.0 221.0 322.0 199.0 388.0 218.0 Grasp 0
420.0 174.0 338.0 182.0 335.0 159.0 417.0 152.0 Grasp 0
373.0 258.0 310.0 210.0 323.0 192.0 386.0 240.0 Grasp 0
385.0 223.0 310.0 216.0 312.0 194.0 387.0 201.0 Grasp 0
391.0 191.0 352.0 172.0 362.0 152.0 401.0 171.0 Grasp 0
387.0 202.0 365.0 165.0 384.0 154.0 406.0 191.0 Grasp 0
382.0 199.0 362.0 177.0 378.0 162.0 399.0 184.0 Grasp 0
401.0 174.0 378.0 163.0 388.0 143.0 411.0 154.0 Grasp 0
