403.0 148.0 343.0 118.0 353.0 98.0 413.0 128.0 Grasp 0
448.0 97.0 395.0 56.0 408.0 38.0 462.0 79.0 Grasp 0
433.0 105.0 388.0 71.0 402.0 53.0 446.0 87.0 Grasp 0
398.0 134.0 362.0 106.0 375.0 89.0 412.0 117.0 Grasp 0
412.0 126.0 371.0 95.0 385.0 77.0 425.0 108.0 Grasp 0
465.0 77.0 409.0 49.0 419.0 29.0 475.0 57.0 Grasp 0
402.0 135.0 364.0 93.0 380.0 78.0 419.0 120.0 Grasp 0
444.0 105.0 386.0 61.0 400.0 44.0 458.0 88.0 Grasp 0
386.0 147.0 352.0 109.0 368.0 94.0 402.0 132.0 Grasp 0
380.0 154.0 346.0 128.0 359.0 111.0 393.0 136.0 Grasp 0
392.0 148.0 347.0 126.0 357.0 107.0 402.0 129.0 Grasp 0
458.0 80.0 417.0 35.0 433.0 20.0 474.0 65.0 Grasp 0
352.0 173.0 331.0 158.0 344.0 140.0 365.0 156.0 Grasp 0
452.0 88.0 403.0 52.0 417.0 34.0 465.0 71.0 Grasp 0
312.0 220.0 286.0 212.0 292.0 191.0 318.0 198.0 Grasp 0
322.0 198.0 308.0 188.0 322.0 171.0 335.0 181.0 Grasp 0
428.0 119.0 380.0 66.0 396.0 51.0 444.0 104.0 Grasp 0
363.0 163.0 341.0 146.0 354.0 128.0 377.0 145.0 Grasp 0
420.0 122.0 373.0 86.0 386.0 68.0 433.0 104.0 Grasp 0
344.0 179.0 325.0 165.0 339.0 148.0 357.0 162.0 Grasp 0
378.0 161.0 343.0 104.0 362.0 92.0 397.0 149.0 Grasp 0
241.0 287.0 229.0 277.0 242.0 260.0 254.0 270.0 Grasp 0
234.0 290.0 224.0 274.0 242.0 262.0 253.0 279.0 Grasp 0
264.0 282.0 227.0 279.0 229.0 257.0 266.0 261.0 Grasp 0
289.0 235.0 276.0 225.0 289.0 207.0 302.0 218.0 Grasp 0
425.0 116.0 378.0 81.0 391.0 63.0 438.0 99.0 Grasp 0
371.0 159.0 342.0 137.0 355.0 119.0 385.0 141.0 Grasp 0
306.0 215.0 293.0 205.0 306.0 188.0 320.0 198.0 Grasp 0
