319.0 331.0 291.0 285.0 310.0 273.0 339.0 319.0 Grasp 0
328.0 328.0 316.0 261.0 338.0 256.0 351.0 324.0 Grasp 0
325.0 333.0 301.0 271.0 322.0 263.0 346.0 325.0 Grasp 0
333.0 323.0 306.0 278.0 325.0 266.0 353.0 311.0 Grasp 0
402.0 279.0 378.0 239.0 397.0 228.0 421.0 267.0 Grasp 0
319.0 341.0 282.0 282.0 302.0 270.0 338.0 329.0 Grasp 0
388.0 288.0 357.0 254.0 373.0 239.0 405.0 273.0 Grasp 0
356.0 307.0 332.0 267.0 351.0 255.0 375.0 295.0 Grasp 0
369.0 300.0 334.0 261.0 350.0 246.0 385.0 285.0 Grasp 0
357.0 255.0 342.0 335.0 319.0 330.0 334.0 251.0 Grasp 0
346.0 324.0 311.0 267.0 330.0 255.0 365.0 312.0 Grasp 0
359.0 316.0 307.0 277.0 321.0 259.0 373.0 298.0 Grasp 0
343.0 330.0 280.0 299.0 290.0 278.0 353.0 309.0 Grasp 0
410.0 279.0 381.0 233.0 400.0 221.0 429.0 267.0 Grasp 0
380.0 292.0 348.0 258.0 365.0 242.0 396.0 277.0 Grasp 0
402.0 291.0 360.0 245.0 377.0 230.0 419.0 276.0 Grasp 0
425.0 262.0 386.0 232.0 399.0 214.0 439.0 244.0 Grasp 0
369.0 296.0 347.0 260.0 366.0 248.0 388.0 284.0 Grasp 0
363.0 316.0 316.0 264.0 333.0 249.0 380.0 301.0 Grasp 0
348.0 314.0 321.0 270.0 340.0 258.0 367.0 302.0 Grasp 0
356.0 325.0 286.0 291.0 296.0 270.0 366.0 305.0 Grasp 0
333.0 265.0 320.0 335.0 298.0 331.0 311.0 261.0 Grasp 0
340.0 332.0 291.0 278.0 307.0 263.0 357.0 317.0 Grasp 0
345.0 261.0 331.0 335.0 309.0 331.0 323.0 256.0 Grasp 0
377.0 308.0 296.0 285.0 302.0 263.0 383.0 286.0 Grasp 0
319.0 273.0 319.0 335.0 296.0 335.0 296.0 273.0 Grasp 0
373.0 306.0 312.0 276.0 322.0 255.0 383.0 286.0 Grasp 0
334.0 321.0 323.0 263.0 345.0 258.0 356.0 316.0 Grasp 0
