473.0 76.0 450.0 16.0 472.0 8.0 495.0 68.0 Grasp 0
474.0 17.0 474.0 67.0 451.0 67.0 451.0 17.0 Grasp 0
407.0 71.0 398.0 21.0 420.0 17.0 429.0 67.0 Grasp 0
505.0 19.0 496.0 70.0 473.0 66.0 482.0 15.0 Grasp 0
484.0 7.0 484.0 78.0 461.0 78.0 461.0 7.0 Grasp 0
463.0 10.0 463.0 74.0 440.0 74.0 440.0 10.0 Grasp 0
455.0 15.0 444.0 71.0 422.0 67.0 433.0 11.0 Grasp 0
405.0 21.0 386.0 70.0 365.0 62.0 384.0 12.0 Grasp 0
494.0 12.0 494.0 76.0 471.0 76.0 471.0 12.0 Grasp 0
418.0 15.0 408.0 68.0 386.0 64.0 396.0 11.0 Grasp 0
383.0 66.0 364.0 18.0 385.0 10.0 404.0 58.0 Grasp 0
397.0 21.0 379.0 68.0 358.0 60.0 376.0 12.0 Grasp 0
500.0 18.0 478.0 74.0 457.0 66.0 478.0 10.0 Grasp 0
433.0 19.0 415.0 65.0 394.0 57.0 412.0 10.0 Grasp 0
435.0 21.0 427.0 65.0 405.0 61.0 413.0 17.0 Grasp 0
473.0 14.0 448.0 78.0 427.0 70.0 451.0 6.0 Grasp 0
445.0 20.0 436.0 66.0 414.0 61.0 423.0 16.0 Grasp 0
280.0 25.0 269.0 53.0 249.0 45.0 260.0 17.0 Grasp 0
428.0 75.0 417.0 16.0 439.0 12.0 450.0 71.0 Grasp 0
415.0 18.0 395.0 71.0 374.0 63.0 394.0 10.0 Grasp 0
359.0 31.0 355.0 51.0 333.0 46.0 337.0 27.0 Grasp 0
397.0 75.0 373.0 13.0 394.0 5.0 418.0 67.0 Grasp 0
322.0 31.0 313.0 53.0 293.0 45.0 301.0 23.0 Grasp 0
492.0 14.0 468.0 76.0 447.0 68.0 471.0 6.0 Grasp 0
370.0 22.0 347.0 58.0 328.0 46.0 351.0 10.0 Grasp 0
483.0 11.0 456.0 79.0 435.0 71.0 462.0 2.0 Grasp 0
