380.0 243.0 361.0 238.0 368.0 215.0 386.0 221.0 Grasp 0
379.0 189.0 367.0 202.0 349.0 186.0 361.0 173.0 Grasp 0
390.0 212.0 367.0 223.0 357.0 202.0 380.0 190.0 Grasp 0
302.0 259.0 291.0 276.0 271.0 263.0 281.0 247.0 Grasp 0
383.0 198.0 368.0 208.0 354.0 189.0 368.0 179.0 Grasp 0
326.0 266.0 318.0 287.0 296.0 278.0 304.0 258.0 Grasp 0
315.0 268.0 304.0 285.0 283.0 273.0 294.0 255.0 Grasp 0
359.0 273.0 344.0 262.0 358.0 243.0 373.0 255.0 Grasp 0
368.0 262.0 354.0 251.0 368.0 232.0 382.0 243.0 Grasp 0
299.0 263.0 284.0 274.0 269.0 255.0 285.0 244.0 Grasp 0
308.0 258.0 300.0 281.0 277.0 272.0 286.0 249.0 Grasp 0
368.0 178.0 355.0 192.0 337.0 176.0 351.0 162.0 Grasp 0
364.0 170.0 357.0 188.0 335.0 180.0 342.0 162.0 Grasp 0
279.0 222.0 259.0 221.0 262.0 197.0 281.0 199.0 Grasp 0
347.0 282.0 333.0 267.0 350.0 251.0 364.0 266.0 Grasp 0
283.0 238.0 262.0 244.0 256.0 221.0 277.0 215.0 Grasp 0
336.0 285.0 325.0 268.0 345.0 255.0 356.0 272.0 Grasp 0
294.0 252.0 280.0 267.0 263.0 251.0 277.0 236.0 Grasp 0
282.0 211.0 261.0 205.0 268.0 183.0 289.0 189.0 Grasp 0
324.0 287.0 317.0 268.0 339.0 259.0 346.0 278.0 Grasp 0
277.0 209.0 261.0 196.0 275.0 177.0 292.0 190.0 Grasp 0
276.0 220.0 256.0 210.0 267.0 189.0 287.0 199.0 Grasp 0
302.0 184.0 293.0 160.0 315.0 152.0 324.0 175.0 Grasp 0
