304.0 276.0 275.0 230.0 294.0 218.0 323.0 264.0 Grasp 0
311.0 277.0 277.0 221.0 296.0 209.0 330.0 265.0 Grasp 0
327.0 237.0 272.0 297.0 256.0 282.0 311.0 222.0 Grasp 0
273.0 292.0 244.0 246.0 263.0 234.0 292.0 280.0 Grasp 0
321.0 269.0 273.0 233.0 287.0 215.0 335.0 251.0 Grasp 0
289.0 284.0 251.0 242.0 267.0 227.0 305.0 269.0 Grasp 0
314.0 281.0 243.0 246.0 253.0 226.0 324.0 261.0 Grasp 0
312.0 279.0 266.0 244.0 280.0 226.0 325.0 261.0 Grasp 0
286.0 232.0 286.0 289.0 263.0 289.0 263.0 232.0 Grasp 0
298.0 282.0 266.0 247.0 282.0 231.0 314.0 267.0 Grasp 0
332.0 257.0 246.0 265.0 244.0 243.0 330.0 235.0 Grasp 0
297.0 273.0 287.0 217.0 309.0 213.0 319.0 269.0 Grasp 0
315.0 220.0 305.0 277.0 283.0 273.0 293.0 215.0 Grasp 0
