339.0 206.0 270.0 240.0 260.0 221.0 329.0 186.0 Grasp 0
367.0 294.0 315.0 320.0 305.0 300.0 357.0 274.0 Grasp 0
352.0 263.0 291.0 281.0 285.0 259.0 346.0 242.0 Grasp 0
361.0 266.0 309.0 306.0 296.0 288.0 348.0 248.0 Grasp 0
347.0 209.0 267.0 249.0 257.0 229.0 337.0 189.0 Grasp 0
351.0 236.0 271.0 259.0 265.0 237.0 345.0 215.0 Grasp 0
365.0 276.0 323.0 323.0 306.0 307.0 348.0 261.0 Grasp 0
365.0 256.0 289.0 294.0 279.0 274.0 355.0 236.0 Grasp 0
361.0 247.0 272.0 272.0 266.0 251.0 355.0 226.0 Grasp 0
355.0 226.0 286.0 278.0 273.0 260.0 342.0 208.0 Grasp 0
344.0 219.0 277.0 252.0 268.0 232.0 334.0 199.0 Grasp 0
360.0 266.0 299.0 296.0 289.0 276.0 350.0 246.0 Grasp 0
369.0 272.0 310.0 316.0 297.0 298.0 355.0 254.0 Grasp 0
351.0 244.0 279.0 265.0 273.0 243.0 345.0 223.0 Grasp 0
348.0 219.0 286.0 266.0 273.0 248.0 334.0 202.0 Grasp 0
377.0 296.0 320.0 339.0 307.0 321.0 363.0 278.0 Grasp 0
363.0 281.0 297.0 300.0 291.0 278.0 357.0 260.0 Grasp 0
355.0 234.0 292.0 282.0 279.0 264.0 342.0 217.0 Grasp 0
