274.0 93.0 240.0 96.0 238.0 73.0 272.0 70.0 Grasp 0
380.0 151.0 347.0 126.0 361.0 108.0 394.0 133.0 Grasp 0
296.0 141.0 233.0 173.0 222.0 153.0 286.0 121.0 Grasp 0
337.0 215.0 300.0 156.0 320.0 144.0 356.0 203.0 Grasp 0
283.0 111.0 239.0 115.0 237.0 92.0 281.0 88.0 Grasp 0
338.0 176.0 320.0 148.0 340.0 136.0 357.0 164.0 Grasp 0
350.0 173.0 323.0 144.0 340.0 129.0 367.0 157.0 Grasp 0
285.0 114.0 230.0 98.0 236.0 76.0 291.0 92.0 Grasp 0
356.0 163.0 335.0 140.0 352.0 124.0 373.0 148.0 Grasp 0
290.0 133.0 246.0 145.0 239.0 123.0 284.0 111.0 Grasp 0
282.0 121.0 249.0 130.0 243.0 108.0 275.0 98.0 Grasp 0
335.0 187.0 314.0 153.0 333.0 141.0 354.0 175.0 Grasp 0
327.0 193.0 302.0 166.0 319.0 150.0 344.0 178.0 Grasp 0
332.0 238.0 297.0 147.0 319.0 139.0 354.0 229.0 Grasp 0
288.0 136.0 249.0 155.0 239.0 135.0 278.0 115.0 Grasp 0
291.0 124.0 245.0 137.0 239.0 115.0 285.0 102.0 Grasp 0
377.0 145.0 356.0 122.0 373.0 106.0 394.0 129.0 Grasp 0
276.0 99.0 246.0 107.0 240.0 85.0 270.0 77.0 Grasp 0
319.0 207.0 275.0 135.0 294.0 123.0 338.0 195.0 Grasp 0
319.0 184.0 279.0 141.0 296.0 125.0 336.0 169.0 Grasp 0
305.0 144.0 218.0 187.0 208.0 166.0 295.0 123.0 Grasp 0
300.0 161.0 225.0 218.0 211.0 200.0 287.0 143.0 Grasp 0
365.0 158.0 341.0 131.0 358.0 116.0 382.0 143.0 Grasp 0
