396.0 199.0 366.0 276.0 334.0 263.0 364.0 186.0 Grasp 0
347.0 286.0 328.0 185.0 362.0 178.0 381.0 280.0 Grasp 0
375.0 297.0 289.0 203.0 315.0 180.0 400.0 273.0 Grasp 0
374.0 296.0 309.0 190.0 338.0 172.0 403.0 278.0 Grasp 0
393.0 182.0 353.0 286.0 321.0 274.0 361.0 170.0 Grasp 0
387.0 269.0 328.0 204.0 353.0 181.0 413.0 246.0 Grasp 0
397.0 205.0 316.0 266.0 295.0 239.0 376.0 177.0 Grasp 0
364.0 292.0 342.0 176.0 376.0 169.0 398.0 285.0 Grasp 0
392.0 177.0 328.0 281.0 298.0 263.0 362.0 159.0 Grasp 0
410.0 242.0 293.0 253.0 290.0 218.0 407.0 207.0 Grasp 0
419.0 197.0 334.0 290.0 309.0 266.0 394.0 173.0 Grasp 0
399.0 291.0 306.0 189.0 332.0 166.0 425.0 268.0 Grasp 0
