383.0 209.0 343.0 274.0 324.0 262.0 364.0 198.0 Grasp 0
322.0 245.0 258.0 197.0 272.0 178.0 336.0 227.0 Grasp 0
323.0 239.0 252.0 219.0 259.0 197.0 329.0 217.0 Grasp 0
331.0 198.0 284.0 250.0 267.0 234.0 314.0 183.0 Grasp 0
331.0 219.0 256.0 226.0 254.0 203.0 329.0 196.0 Grasp 0
363.0 201.0 340.0 261.0 319.0 253.0 342.0 193.0 Grasp 0
318.0 251.0 289.0 176.0 310.0 168.0 339.0 242.0 Grasp 0
387.0 235.0 310.0 257.0 304.0 236.0 381.0 214.0 Grasp 0
371.0 198.0 343.0 269.0 323.0 261.0 350.0 190.0 Grasp 0
348.0 228.0 256.0 237.0 254.0 214.0 346.0 205.0 Grasp 0
309.0 250.0 256.0 210.0 270.0 191.0 323.0 232.0 Grasp 0
339.0 210.0 268.0 245.0 258.0 224.0 329.0 189.0 Grasp 0
334.0 237.0 270.0 205.0 280.0 184.0 344.0 216.0 Grasp 0
319.0 186.0 294.0 250.0 273.0 242.0 298.0 177.0 Grasp 0
343.0 220.0 276.0 253.0 265.0 233.0 333.0 199.0 Grasp 0
354.0 263.0 319.0 205.0 338.0 193.0 373.0 251.0 Grasp 0
373.0 193.0 360.0 262.0 339.0 257.0 351.0 189.0 Grasp 0
305.0 245.0 272.0 191.0 291.0 179.0 325.0 233.0 Grasp 0
299.0 251.0 285.0 176.0 308.0 172.0 322.0 247.0 Grasp 0
342.0 185.0 327.0 265.0 305.0 261.0 320.0 181.0 Grasp 0
347.0 266.0 333.0 192.0 354.0 188.0 368.0 262.0 Grasp 0
350.0 194.0 350.0 261.0 328.0 261.0 328.0 194.0 Grasp 0
382.0 222.0 329.0 262.0 316.0 244.0 369.0 204.0 Grasp 0
325.0 189.0 264.0 235.0 250.0 216.0 311.0 170.0 Grasp 0
329.0 186.0 272.0 247.0 255.0 232.0 312.0 170.0 Grasp 0
