358.0 295.0 299.0 325.0 289.0 304.0 348.0 275.0 Grasp 0
358.0 285.0 292.0 318.0 282.0 298.0 348.0 265.0 Grasp 0
359.0 309.0 307.0 335.0 297.0 314.0 349.0 288.0 Grasp 0
335.0 224.0 270.0 256.0 260.0 237.0 325.0 204.0 Grasp 0
342.0 260.0 279.0 278.0 273.0 257.0 336.0 239.0 Grasp 0
330.0 198.0 256.0 235.0 246.0 216.0 320.0 179.0 Grasp 0
346.0 238.0 259.0 262.0 253.0 241.0 339.0 217.0 Grasp 0
349.0 269.0 277.0 289.0 271.0 268.0 343.0 247.0 Grasp 0
350.0 274.0 292.0 302.0 282.0 282.0 340.0 253.0 Grasp 0
341.0 251.0 273.0 270.0 267.0 249.0 335.0 230.0 Grasp 0
343.0 213.0 257.0 256.0 247.0 236.0 333.0 193.0 Grasp 0
365.0 291.0 302.0 339.0 288.0 320.0 351.0 273.0 Grasp 0
350.0 282.0 295.0 309.0 285.0 288.0 340.0 261.0 Grasp 0
