344.0 165.0 302.0 231.0 283.0 220.0 325.0 153.0 Grasp 0
387.0 195.0 362.0 258.0 341.0 250.0 366.0 187.0 Grasp 0
372.0 189.0 322.0 244.0 305.0 229.0 355.0 174.0 Grasp 0
382.0 198.0 348.0 252.0 329.0 240.0 363.0 186.0 Grasp 0
311.0 144.0 270.0 211.0 251.0 199.0 292.0 133.0 Grasp 0
298.0 130.0 251.0 205.0 232.0 194.0 279.0 118.0 Grasp 0
298.0 137.0 271.0 208.0 250.0 200.0 277.0 128.0 Grasp 0
376.0 191.0 340.0 249.0 321.0 238.0 357.0 179.0 Grasp 0
367.0 167.0 315.0 251.0 296.0 240.0 348.0 155.0 Grasp 0
278.0 125.0 251.0 194.0 230.0 186.0 257.0 117.0 Grasp 0
336.0 158.0 293.0 227.0 274.0 216.0 317.0 146.0 Grasp 0
328.0 155.0 287.0 222.0 268.0 210.0 309.0 143.0 Grasp 0
393.0 209.0 351.0 256.0 334.0 241.0 377.0 194.0 Grasp 0
300.0 134.0 285.0 215.0 262.0 211.0 278.0 130.0 Grasp 0
353.0 175.0 315.0 235.0 296.0 223.0 334.0 163.0 Grasp 0
314.0 147.0 287.0 217.0 266.0 209.0 293.0 139.0 Grasp 0
364.0 185.0 299.0 233.0 286.0 215.0 350.0 167.0 Grasp 0
