272.0 161.0 229.0 165.0 227.0 143.0 270.0 139.0 Grasp 0
278.0 150.0 223.0 155.0 221.0 133.0 275.0 128.0 Grasp 0
275.0 99.0 222.0 114.0 216.0 92.0 269.0 77.0 Grasp 0
273.0 134.0 226.0 138.0 224.0 116.0 271.0 112.0 Grasp 0
282.0 114.0 219.0 131.0 213.0 110.0 275.0 92.0 Grasp 0
281.0 184.0 223.0 190.0 221.0 168.0 279.0 162.0 Grasp 0
292.0 272.0 226.0 279.0 224.0 257.0 290.0 251.0 Grasp 0
279.0 203.0 229.0 207.0 227.0 185.0 277.0 181.0 Grasp 0
279.0 112.0 216.0 118.0 214.0 96.0 277.0 90.0 Grasp 0
282.0 142.0 217.0 148.0 215.0 126.0 280.0 120.0 Grasp 0
282.0 218.0 222.0 213.0 224.0 191.0 284.0 196.0 Grasp 0
294.0 257.0 219.0 250.0 221.0 228.0 296.0 235.0 Grasp 0
302.0 304.0 220.0 297.0 222.0 275.0 304.0 282.0 Grasp 0
286.0 234.0 227.0 251.0 221.0 230.0 280.0 213.0 Grasp 0
272.0 181.0 233.0 185.0 231.0 163.0 270.0 159.0 Grasp 0
282.0 189.0 226.0 205.0 220.0 184.0 276.0 168.0 Grasp 0
300.0 306.0 225.0 313.0 223.0 292.0 298.0 285.0 Grasp 0
289.0 257.0 227.0 275.0 221.0 254.0 283.0 236.0 Grasp 0
288.0 248.0 223.0 242.0 225.0 220.0 290.0 226.0 Grasp 0
296.0 249.0 220.0 271.0 214.0 250.0 290.0 228.0 Grasp 0
294.0 284.0 226.0 290.0 224.0 268.0 292.0 262.0 Grasp 0
289.0 216.0 223.0 235.0 217.0 213.0 283.0 194.0 Grasp 0
274.0 103.0 218.0 98.0 221.0 76.0 276.0 81.0 Grasp 0
289.0 233.0 222.0 239.0 220.0 217.0 287.0 211.0 Grasp 0
293.0 269.0 223.0 262.0 225.0 240.0 295.0 247.0 Grasp 0
279.0 169.0 225.0 174.0 223.0 152.0 277.0 147.0 Grasp 0
272.0 111.0 219.0 106.0 221.0 84.0 274.0 89.0 Grasp 0
294.0 242.0 221.0 263.0 215.0 242.0 288.0 221.0 Grasp 0
