360.0 157.0 310.0 171.0 304.0 150.0 354.0 136.0 Grasp 0
409.0 291.0 379.0 307.0 369.0 287.0 400.0 272.0 Grasp 0
415.0 307.0 385.0 322.0 375.0 302.0 406.0 287.0 Grasp 0
354.0 132.0 301.0 148.0 295.0 126.0 348.0 111.0 Grasp 0
376.0 221.0 352.0 233.0 343.0 213.0 366.0 202.0 Grasp 0
364.0 132.0 323.0 177.0 307.0 163.0 348.0 118.0 Grasp 0
397.0 263.0 367.0 278.0 357.0 258.0 387.0 243.0 Grasp 0
400.0 274.0 372.0 288.0 362.0 268.0 390.0 254.0 Grasp 0
383.0 238.0 359.0 249.0 349.0 230.0 373.0 218.0 Grasp 0
364.0 116.0 299.0 165.0 285.0 147.0 350.0 98.0 Grasp 0
387.0 244.0 359.0 257.0 349.0 238.0 377.0 224.0 Grasp 0
369.0 118.0 339.0 194.0 318.0 186.0 348.0 110.0 Grasp 0
369.0 154.0 292.0 161.0 290.0 139.0 367.0 132.0 Grasp 0
382.0 232.0 352.0 241.0 346.0 220.0 376.0 211.0 Grasp 0
363.0 138.0 286.0 130.0 288.0 108.0 365.0 116.0 Grasp 0
412.0 300.0 383.0 315.0 373.0 295.0 402.0 281.0 Grasp 0
359.0 135.0 307.0 161.0 297.0 141.0 349.0 115.0 Grasp 0
370.0 211.0 350.0 221.0 341.0 201.0 360.0 192.0 Grasp 0
343.0 93.0 314.0 168.0 293.0 160.0 322.0 85.0 Grasp 0
391.0 249.0 362.0 264.0 352.0 245.0 382.0 230.0 Grasp 0
370.0 136.0 300.0 171.0 290.0 152.0 360.0 117.0 Grasp 0
352.0 117.0 304.0 153.0 291.0 135.0 338.0 99.0 Grasp 0
404.0 284.0 374.0 299.0 365.0 279.0 394.0 264.0 Grasp 0
369.0 141.0 285.0 148.0 283.0 127.0 367.0 119.0 Grasp 0
361.0 163.0 326.0 180.0 316.0 160.0 351.0 143.0 Grasp 0
