319.0 264.0 299.0 214.0 320.0 205.0 340.0 256.0 Grasp 0
337.0 260.0 311.0 217.0 330.0 206.0 356.0 248.0 Grasp 0
354.0 260.0 325.0 213.0 344.0 201.0 373.0 249.0 Grasp 0
275.0 274.0 244.0 224.0 263.0 212.0 294.0 263.0 Grasp 0
317.0 268.0 286.0 218.0 305.0 207.0 336.0 257.0 Grasp 0
294.0 269.0 274.0 218.0 295.0 210.0 315.0 261.0 Grasp 0
305.0 266.0 279.0 223.0 298.0 211.0 324.0 254.0 Grasp 0
373.0 207.0 364.0 255.0 342.0 251.0 351.0 203.0 Grasp 0
358.0 254.0 340.0 208.0 361.0 200.0 379.0 246.0 Grasp 0
282.0 271.0 262.0 220.0 283.0 212.0 303.0 263.0 Grasp 0
261.0 268.0 246.0 230.0 267.0 222.0 282.0 260.0 Grasp 0
367.0 204.0 342.0 268.0 322.0 260.0 347.0 195.0 Grasp 0
301.0 213.0 275.0 280.0 254.0 272.0 280.0 205.0 Grasp 0
283.0 222.0 274.0 270.0 252.0 266.0 261.0 218.0 Grasp 0
345.0 259.0 317.0 214.0 336.0 202.0 364.0 247.0 Grasp 0
286.0 265.0 270.0 225.0 291.0 217.0 306.0 257.0 Grasp 0
332.0 259.0 322.0 210.0 344.0 205.0 353.0 255.0 Grasp 0
327.0 265.0 306.0 211.0 327.0 203.0 348.0 257.0 Grasp 0
274.0 267.0 258.0 226.0 279.0 218.0 295.0 259.0 Grasp 0
342.0 258.0 332.0 206.0 354.0 202.0 364.0 254.0 Grasp 0
