367.0 280.0 302.0 298.0 296.0 276.0 361.0 258.0 Grasp 0
368.0 319.0 298.0 313.0 300.0 290.0 370.0 297.0 Grasp 0
364.0 229.0 296.0 248.0 290.0 226.0 357.0 207.0 Grasp 0
361.0 254.0 298.0 260.0 296.0 237.0 359.0 231.0 Grasp 0
360.0 301.0 302.0 295.0 304.0 273.0 362.0 278.0 Grasp 0
366.0 274.0 298.0 280.0 295.0 258.0 363.0 251.0 Grasp 0
365.0 262.0 296.0 268.0 294.0 246.0 363.0 239.0 Grasp 0
358.0 223.0 303.0 238.0 296.0 216.0 351.0 201.0 Grasp 0
369.0 305.0 298.0 311.0 296.0 289.0 367.0 282.0 Grasp 0
359.0 295.0 298.0 278.0 304.0 256.0 365.0 273.0 Grasp 0
357.0 245.0 302.0 250.0 300.0 228.0 355.0 223.0 Grasp 0
366.0 254.0 308.0 298.0 295.0 279.0 352.0 236.0 Grasp 0
365.0 320.0 306.0 325.0 304.0 303.0 363.0 297.0 Grasp 0
356.0 269.0 305.0 274.0 303.0 251.0 354.0 247.0 Grasp 0
361.0 235.0 291.0 228.0 293.0 206.0 363.0 212.0 Grasp 0
363.0 235.0 304.0 265.0 293.0 244.0 353.0 215.0 Grasp 0
366.0 217.0 302.0 265.0 288.0 246.0 352.0 198.0 Grasp 0
361.0 316.0 299.0 298.0 305.0 276.0 367.0 294.0 Grasp 0
