393.0 230.0 328.0 198.0 338.0 178.0 403.0 210.0 Grasp 0
390.0 178.0 341.0 192.0 335.0 171.0 384.0 157.0 Grasp 0
348.0 288.0 301.0 236.0 318.0 221.0 365.0 273.0 Grasp 0
379.0 248.0 320.0 219.0 330.0 199.0 389.0 228.0 Grasp 0
342.0 300.0 293.0 246.0 309.0 231.0 359.0 285.0 Grasp 0
356.0 283.0 305.0 226.0 322.0 211.0 373.0 268.0 Grasp 0
398.0 210.0 332.0 204.0 334.0 181.0 400.0 187.0 Grasp 0
342.0 321.0 258.0 297.0 264.0 275.0 348.0 299.0 Grasp 0
388.0 194.0 342.0 199.0 340.0 176.0 386.0 172.0 Grasp 0
330.0 334.0 257.0 298.0 268.0 278.0 340.0 314.0 Grasp 0
331.0 320.0 273.0 276.0 286.0 258.0 344.0 302.0 Grasp 0
365.0 264.0 306.0 235.0 316.0 214.0 375.0 244.0 Grasp 0
393.0 237.0 321.0 217.0 327.0 195.0 399.0 216.0 Grasp 0
355.0 283.0 291.0 251.0 301.0 230.0 365.0 262.0 Grasp 0
370.0 255.0 315.0 228.0 325.0 208.0 380.0 235.0 Grasp 0
367.0 282.0 286.0 242.0 296.0 222.0 377.0 262.0 Grasp 0
348.0 301.0 276.0 265.0 287.0 245.0 358.0 281.0 Grasp 0
351.0 291.0 285.0 258.0 295.0 238.0 361.0 271.0 Grasp 0
337.0 313.0 277.0 267.0 290.0 249.0 351.0 295.0 Grasp 0
395.0 194.0 333.0 188.0 335.0 166.0 397.0 172.0 Grasp 0
397.0 224.0 330.0 218.0 333.0 196.0 399.0 202.0 Grasp 0
