341.0 317.0 305.0 260.0 325.0 248.0 360.0 305.0 Grasp 0
327.0 330.0 284.0 284.0 301.0 268.0 344.0 315.0 Grasp 0
383.0 293.0 335.0 240.0 352.0 225.0 400.0 278.0 Grasp 0
331.0 330.0 291.0 266.0 311.0 254.0 351.0 318.0 Grasp 0
372.0 302.0 330.0 233.0 349.0 221.0 391.0 290.0 Grasp 0
412.0 277.0 367.0 205.0 386.0 193.0 430.0 265.0 Grasp 0
353.0 308.0 318.0 251.0 337.0 240.0 372.0 296.0 Grasp 0
364.0 316.0 316.0 238.0 335.0 226.0 384.0 304.0 Grasp 0
338.0 319.0 298.0 275.0 315.0 260.0 355.0 304.0 Grasp 0
396.0 288.0 351.0 214.0 370.0 202.0 415.0 276.0 Grasp 0
373.0 304.0 322.0 247.0 338.0 232.0 390.0 289.0 Grasp 0
371.0 316.0 288.0 274.0 298.0 254.0 381.0 295.0 Grasp 0
397.0 291.0 341.0 229.0 357.0 214.0 413.0 276.0 Grasp 0
344.0 325.0 286.0 282.0 300.0 264.0 357.0 307.0 Grasp 0
