392.0 214.0 340.0 253.0 326.0 236.0 379.0 196.0 Grasp 0
419.0 266.0 366.0 292.0 356.0 272.0 409.0 246.0 Grasp 0
418.0 246.0 381.0 305.0 363.0 294.0 399.0 234.0 Grasp 0
364.0 169.0 297.0 202.0 287.0 183.0 355.0 149.0 Grasp 0
413.0 254.0 368.0 288.0 354.0 270.0 400.0 236.0 Grasp 0
372.0 191.0 324.0 227.0 311.0 210.0 359.0 173.0 Grasp 0
421.0 266.0 377.0 300.0 364.0 282.0 408.0 249.0 Grasp 0
366.0 183.0 320.0 218.0 307.0 200.0 353.0 165.0 Grasp 0
381.0 199.0 330.0 237.0 317.0 219.0 368.0 181.0 Grasp 0
409.0 247.0 363.0 282.0 350.0 264.0 396.0 229.0 Grasp 0
387.0 206.0 334.0 246.0 321.0 228.0 374.0 188.0 Grasp 0
410.0 236.0 352.0 279.0 339.0 261.0 396.0 218.0 Grasp 0
398.0 231.0 352.0 266.0 339.0 248.0 385.0 214.0 Grasp 0
362.0 170.0 311.0 209.0 298.0 191.0 348.0 153.0 Grasp 0
398.0 222.0 344.0 262.0 331.0 244.0 385.0 204.0 Grasp 0
369.0 163.0 315.0 222.0 299.0 207.0 353.0 148.0 Grasp 0
