305.0 312.0 282.0 286.0 298.0 271.0 322.0 297.0 Grasp 0
281.0 328.0 258.0 303.0 274.0 288.0 297.0 313.0 Grasp 0
270.0 336.0 249.0 303.0 268.0 291.0 289.0 325.0 Grasp 0
304.0 318.0 274.0 286.0 291.0 271.0 320.0 304.0 Grasp 0
341.0 290.0 313.0 260.0 329.0 245.0 357.0 275.0 Grasp 0
316.0 306.0 290.0 278.0 307.0 263.0 332.0 291.0 Grasp 0
320.0 301.0 299.0 268.0 318.0 256.0 339.0 290.0 Grasp 0
329.0 294.0 307.0 270.0 323.0 255.0 345.0 279.0 Grasp 0
291.0 322.0 265.0 294.0 281.0 279.0 307.0 307.0 Grasp 0
333.0 300.0 295.0 272.0 309.0 254.0 346.0 282.0 Grasp 0
282.0 334.0 250.0 310.0 264.0 292.0 295.0 316.0 Grasp 0
