350.0 175.0 331.0 161.0 344.0 143.0 363.0 158.0 Grasp 0
340.0 200.0 296.0 179.0 306.0 159.0 350.0 180.0 Grasp 0
311.0 250.0 257.0 209.0 271.0 192.0 324.0 232.0 Grasp 0
318.0 235.0 268.0 197.0 282.0 180.0 332.0 218.0 Grasp 0
332.0 227.0 273.0 197.0 283.0 177.0 342.0 207.0 Grasp 0
322.0 226.0 286.0 187.0 303.0 172.0 339.0 211.0 Grasp 0
343.0 194.0 312.0 171.0 325.0 153.0 356.0 177.0 Grasp 0
343.0 185.0 322.0 168.0 335.0 151.0 357.0 167.0 Grasp 0
289.0 255.0 261.0 210.0 280.0 198.0 308.0 243.0 Grasp 0
311.0 239.0 269.0 206.0 282.0 189.0 325.0 221.0 Grasp 0
363.0 161.0 342.0 150.0 351.0 131.0 372.0 141.0 Grasp 0
329.0 215.0 297.0 180.0 313.0 165.0 346.0 200.0 Grasp 0
360.0 169.0 333.0 155.0 343.0 136.0 370.0 149.0 Grasp 0
306.0 253.0 252.0 226.0 262.0 206.0 316.0 233.0 Grasp 0
335.0 220.0 281.0 193.0 291.0 173.0 345.0 200.0 Grasp 0
335.0 204.0 308.0 174.0 324.0 159.0 351.0 189.0 Grasp 0
356.0 164.0 342.0 149.0 358.0 134.0 372.0 149.0 Grasp 0
297.0 258.0 260.0 199.0 279.0 187.0 316.0 246.0 Grasp 0
