442.0 168.0 404.0 230.0 385.0 218.0 423.0 157.0 Grasp 0
482.0 181.0 471.0 207.0 451.0 199.0 461.0 173.0 Grasp 0
443.0 237.0 388.0 242.0 386.0 220.0 441.0 215.0 Grasp 0
427.0 159.0 386.0 225.0 367.0 213.0 408.0 147.0 Grasp 0
489.0 184.0 478.0 210.0 458.0 202.0 468.0 176.0 Grasp 0
463.0 261.0 435.0 282.0 422.0 264.0 450.0 243.0 Grasp 0
452.0 211.0 433.0 163.0 453.0 155.0 472.0 203.0 Grasp 0
456.0 256.0 422.0 273.0 413.0 253.0 446.0 236.0 Grasp 0
468.0 267.0 449.0 288.0 433.0 273.0 451.0 252.0 Grasp 0
413.0 147.0 369.0 218.0 350.0 206.0 394.0 136.0 Grasp 0
444.0 212.0 425.0 161.0 445.0 153.0 465.0 204.0 Grasp 0
415.0 157.0 378.0 216.0 359.0 204.0 396.0 145.0 Grasp 0
386.0 133.0 334.0 190.0 317.0 175.0 369.0 118.0 Grasp 0
444.0 247.0 407.0 258.0 401.0 236.0 438.0 226.0 Grasp 0
516.0 195.0 501.0 219.0 483.0 207.0 497.0 183.0 Grasp 0
455.0 254.0 434.0 277.0 417.0 262.0 439.0 239.0 Grasp 0
445.0 216.0 404.0 150.0 422.0 138.0 464.0 205.0 Grasp 0
397.0 142.0 359.0 203.0 341.0 191.0 378.0 130.0 Grasp 0
453.0 247.0 412.0 267.0 403.0 247.0 443.0 227.0 Grasp 0
446.0 239.0 397.0 253.0 391.0 232.0 440.0 218.0 Grasp 0
424.0 208.0 401.0 149.0 422.0 141.0 445.0 200.0 Grasp 0
472.0 219.0 452.0 167.0 473.0 159.0 493.0 211.0 Grasp 0
414.0 146.0 356.0 210.0 339.0 195.0 398.0 131.0 Grasp 0
508.0 190.0 493.0 214.0 474.0 202.0 489.0 178.0 Grasp 0
464.0 265.0 420.0 278.0 414.0 257.0 458.0 244.0 Grasp 0
389.0 113.0 357.0 196.0 336.0 189.0 369.0 105.0 Grasp 0
466.0 166.0 458.0 207.0 437.0 203.0 444.0 162.0 Grasp 0
430.0 229.0 380.0 234.0 378.0 212.0 428.0 207.0 Grasp 0
395.0 144.0 322.0 199.0 309.0 181.0 381.0 126.0 Grasp 0
472.0 170.0 465.0 207.0 444.0 203.0 450.0 166.0 Grasp 0
457.0 215.0 447.0 162.0 469.0 158.0 479.0 211.0 Grasp 0
431.0 210.0 421.0 156.0 443.0 152.0 453.0 206.0 Grasp 0
447.0 243.0 424.0 268.0 408.0 253.0 431.0 228.0 Grasp 0
