298.0 287.0 259.0 267.0 269.0 248.0 308.0 267.0 Grasp 0
301.0 299.0 254.0 285.0 260.0 264.0 307.0 278.0 Grasp 0
302.0 297.0 251.0 272.0 261.0 252.0 312.0 277.0 Grasp 0
336.0 189.0 298.0 178.0 304.0 157.0 342.0 168.0 Grasp 0
316.0 237.0 281.0 227.0 287.0 206.0 322.0 216.0 Grasp 0
316.0 261.0 265.0 247.0 271.0 226.0 322.0 240.0 Grasp 0
307.0 266.0 269.0 255.0 275.0 234.0 313.0 245.0 Grasp 0
332.0 208.0 288.0 195.0 294.0 174.0 338.0 187.0 Grasp 0
317.0 253.0 269.0 239.0 275.0 218.0 323.0 232.0 Grasp 0
311.0 279.0 256.0 263.0 262.0 242.0 317.0 258.0 Grasp 0
314.0 246.0 276.0 235.0 282.0 214.0 320.0 225.0 Grasp 0
331.0 196.0 297.0 186.0 303.0 165.0 337.0 174.0 Grasp 0
319.0 228.0 284.0 219.0 290.0 197.0 325.0 207.0 Grasp 0
327.0 220.0 283.0 208.0 289.0 186.0 333.0 199.0 Grasp 0
324.0 212.0 289.0 202.0 295.0 181.0 330.0 191.0 Grasp 0
309.0 283.0 256.0 278.0 258.0 256.0 311.0 261.0 Grasp 0
294.0 307.0 250.0 274.0 263.0 257.0 307.0 290.0 Grasp 0
