444.0 287.0 399.0 321.0 385.0 303.0 430.0 269.0 Grasp 0
359.0 123.0 302.0 166.0 288.0 149.0 346.0 105.0 Grasp 0
415.0 211.0 361.0 270.0 345.0 255.0 398.0 196.0 Grasp 0
434.0 271.0 381.0 298.0 371.0 278.0 424.0 251.0 Grasp 0
371.0 162.0 321.0 186.0 311.0 166.0 361.0 142.0 Grasp 0
365.0 145.0 310.0 172.0 300.0 152.0 355.0 125.0 Grasp 0
422.0 248.0 378.0 282.0 364.0 263.0 409.0 230.0 Grasp 0
401.0 189.0 339.0 235.0 325.0 218.0 387.0 171.0 Grasp 0
364.0 129.0 309.0 171.0 296.0 153.0 351.0 111.0 Grasp 0
436.0 280.0 386.0 304.0 376.0 284.0 426.0 259.0 Grasp 0
382.0 184.0 331.0 209.0 321.0 189.0 372.0 164.0 Grasp 0
417.0 236.0 360.0 265.0 350.0 244.0 407.0 216.0 Grasp 0
401.0 205.0 353.0 242.0 339.0 224.0 387.0 187.0 Grasp 0
379.0 169.0 323.0 197.0 313.0 177.0 369.0 150.0 Grasp 0
389.0 184.0 342.0 220.0 329.0 202.0 375.0 166.0 Grasp 0
424.0 262.0 378.0 284.0 368.0 264.0 414.0 241.0 Grasp 0
402.0 191.0 361.0 256.0 342.0 244.0 382.0 179.0 Grasp 0
385.0 157.0 343.0 224.0 324.0 212.0 366.0 145.0 Grasp 0
409.0 223.0 353.0 251.0 343.0 231.0 399.0 203.0 Grasp 0
367.0 146.0 321.0 180.0 308.0 162.0 354.0 128.0 Grasp 0
392.0 205.0 348.0 227.0 338.0 207.0 382.0 185.0 Grasp 0
420.0 229.0 373.0 280.0 356.0 265.0 403.0 214.0 Grasp 0
424.0 245.0 364.0 275.0 354.0 255.0 414.0 225.0 Grasp 0
364.0 115.0 320.0 187.0 301.0 175.0 345.0 104.0 Grasp 0
388.0 193.0 348.0 223.0 335.0 205.0 375.0 175.0 Grasp 0
392.0 178.0 356.0 236.0 337.0 225.0 373.0 166.0 Grasp 0
402.0 219.0 354.0 243.0 344.0 223.0 392.0 199.0 Grasp 0
414.0 224.0 371.0 272.0 354.0 257.0 397.0 209.0 Grasp 0
405.0 233.0 364.0 253.0 354.0 233.0 395.0 213.0 Grasp 0
