321.0 274.0 311.0 331.0 286.0 326.0 297.0 269.0 Grasp 0
396.0 169.0 338.0 152.0 345.0 129.0 402.0 145.0 Grasp 0
393.0 121.0 368.0 183.0 345.0 174.0 369.0 112.0 Grasp 0
334.0 312.0 275.0 318.0 273.0 293.0 332.0 287.0 Grasp 0
334.0 292.0 298.0 332.0 279.0 315.0 316.0 275.0 Grasp 0
259.0 215.0 259.0 280.0 236.0 280.0 236.0 215.0 Grasp 0
340.0 243.0 260.0 203.0 270.0 182.0 350.0 222.0 Grasp 0
407.0 128.0 355.0 186.0 337.0 169.0 389.0 112.0 Grasp 0
369.0 187.0 356.0 116.0 380.0 111.0 393.0 182.0 Grasp 0
344.0 298.0 278.0 331.0 267.0 309.0 333.0 276.0 Grasp 0
