315.0 285.0 280.0 228.0 299.0 216.0 335.0 273.0 Grasp 0
291.0 301.0 245.0 250.0 262.0 235.0 308.0 286.0 Grasp 0
324.0 281.0 288.0 222.0 307.0 210.0 343.0 269.0 Grasp 0
274.0 300.0 253.0 246.0 274.0 238.0 295.0 292.0 Grasp 0
337.0 267.0 306.0 218.0 326.0 206.0 356.0 255.0 Grasp 0
343.0 259.0 316.0 216.0 335.0 204.0 362.0 247.0 Grasp 0
304.0 281.0 278.0 239.0 297.0 227.0 323.0 269.0 Grasp 0
291.0 296.0 258.0 242.0 278.0 230.0 311.0 284.0 Grasp 0
349.0 255.0 323.0 212.0 342.0 200.0 369.0 243.0 Grasp 0
329.0 268.0 300.0 222.0 320.0 210.0 348.0 256.0 Grasp 0
299.0 290.0 267.0 239.0 287.0 227.0 318.0 278.0 Grasp 0
359.0 257.0 326.0 203.0 345.0 192.0 379.0 245.0 Grasp 0
274.0 309.0 240.0 254.0 260.0 242.0 294.0 297.0 Grasp 0
371.0 254.0 317.0 213.0 331.0 195.0 384.0 235.0 Grasp 0
368.0 260.0 307.0 214.0 320.0 196.0 381.0 242.0 Grasp 0
288.0 233.0 288.0 302.0 265.0 302.0 265.0 233.0 Grasp 0
