314.0 180.0 241.0 201.0 235.0 178.0 307.0 158.0 Grasp 0
323.0 187.0 277.0 222.0 263.0 204.0 309.0 169.0 Grasp 0
419.0 166.0 400.0 117.0 421.0 109.0 440.0 158.0 Grasp 0
337.0 246.0 313.0 184.0 335.0 176.0 359.0 238.0 Grasp 0
419.0 225.0 393.0 252.0 376.0 237.0 402.0 209.0 Grasp 0
443.0 249.0 417.0 277.0 400.0 261.0 426.0 233.0 Grasp 0
394.0 201.0 371.0 239.0 351.0 227.0 375.0 189.0 Grasp 0
311.0 173.0 267.0 125.0 284.0 109.0 327.0 157.0 Grasp 0
428.0 158.0 406.0 122.0 425.0 110.0 447.0 146.0 Grasp 0
427.0 217.0 397.0 266.0 377.0 254.0 407.0 205.0 Grasp 0
332.0 189.0 290.0 235.0 274.0 219.0 315.0 173.0 Grasp 0
404.0 207.0 365.0 249.0 348.0 234.0 387.0 192.0 Grasp 0
453.0 149.0 428.0 108.0 447.0 96.0 472.0 137.0 Grasp 0
346.0 108.0 346.0 155.0 323.0 155.0 323.0 108.0 Grasp 0
456.0 253.0 422.0 290.0 405.0 274.0 439.0 238.0 Grasp 0
431.0 239.0 407.0 266.0 390.0 251.0 415.0 224.0 Grasp 0
480.0 138.0 449.0 104.0 465.0 88.0 496.0 122.0 Grasp 0
416.0 172.0 386.0 124.0 406.0 112.0 435.0 160.0 Grasp 0
444.0 149.0 423.0 114.0 442.0 102.0 464.0 137.0 Grasp 0
466.0 275.0 442.0 301.0 425.0 286.0 449.0 260.0 Grasp 0
407.0 171.0 396.0 113.0 419.0 108.0 430.0 167.0 Grasp 0
387.0 175.0 369.0 128.0 390.0 120.0 408.0 167.0 Grasp 0
327.0 177.0 327.0 242.0 304.0 242.0 304.0 177.0 Grasp 0
363.0 113.0 329.0 169.0 309.0 157.0 344.0 101.0 Grasp 0
305.0 176.0 241.0 144.0 251.0 124.0 315.0 155.0 Grasp 0
460.0 141.0 439.0 106.0 458.0 94.0 479.0 129.0 Grasp 0
459.0 271.0 438.0 294.0 421.0 279.0 442.0 256.0 Grasp 0
443.0 240.0 408.0 278.0 392.0 263.0 426.0 225.0 Grasp 0
479.0 132.0 458.0 98.0 477.0 86.0 498.0 120.0 Grasp 0
332.0 104.0 332.0 159.0 309.0 159.0 309.0 104.0 Grasp 0
363.0 102.0 349.0 177.0 326.0 173.0 340.0 98.0 Grasp 0
305.0 181.0 235.0 188.0 233.0 165.0 303.0 158.0 Grasp 0
401.0 172.0 370.0 121.0 389.0 109.0 421.0 160.0 Grasp 0
327.0 175.0 313.0 246.0 291.0 242.0 304.0 171.0 Grasp 0
436.0 157.0 409.0 114.0 429.0 102.0 456.0 145.0 Grasp 0
386.0 119.0 336.0 174.0 319.0 159.0 369.0 104.0 Grasp 0
338.0 187.0 316.0 245.0 295.0 236.0 317.0 179.0 Grasp 0
455.0 241.0 432.0 301.0 411.0 292.0 433.0 233.0 Grasp 0
402.0 166.0 388.0 129.0 409.0 121.0 423.0 158.0 Grasp 0
316.0 189.0 269.0 213.0 259.0 192.0 306.0 169.0 Grasp 0
322.0 248.0 309.0 178.0 332.0 174.0 345.0 244.0 Grasp 0
309.0 176.0 250.0 132.0 264.0 113.0 323.0 158.0 Grasp 0
352.0 241.0 330.0 184.0 351.0 176.0 373.0 232.0 Grasp 0
378.0 176.0 358.0 126.0 380.0 118.0 399.0 168.0 Grasp 0
410.0 209.0 386.0 248.0 366.0 236.0 391.0 197.0 Grasp 0
403.0 176.0 340.0 170.0 342.0 147.0 406.0 153.0 Grasp 0
460.0 244.0 448.0 310.0 425.0 306.0 438.0 240.0 Grasp 0
