333.0 234.0 299.0 196.0 316.0 181.0 350.0 218.0 Grasp 0
297.0 256.0 270.0 213.0 290.0 201.0 316.0 244.0 Grasp 0
310.0 242.0 288.0 207.0 307.0 195.0 329.0 230.0 Grasp 0
290.0 263.0 260.0 215.0 280.0 203.0 309.0 251.0 Grasp 0
271.0 274.0 241.0 226.0 261.0 214.0 291.0 262.0 Grasp 0
356.0 220.0 324.0 186.0 340.0 171.0 372.0 205.0 Grasp 0
342.0 229.0 311.0 195.0 328.0 180.0 359.0 214.0 Grasp 0
262.0 285.0 229.0 231.0 248.0 219.0 282.0 273.0 Grasp 0
288.0 266.0 251.0 225.0 268.0 210.0 305.0 250.0 Grasp 0
317.0 253.0 253.0 221.0 263.0 200.0 328.0 233.0 Grasp 0
457.0 119.0 449.0 161.0 427.0 157.0 435.0 115.0 Grasp 0
441.0 162.0 411.0 147.0 421.0 127.0 451.0 142.0 Grasp 0
320.0 240.0 295.0 199.0 314.0 187.0 340.0 228.0 Grasp 0
282.0 278.0 229.0 237.0 242.0 219.0 296.0 259.0 Grasp 0
302.0 266.0 228.0 245.0 234.0 223.0 309.0 244.0 Grasp 0
371.0 196.0 356.0 180.0 373.0 165.0 387.0 181.0 Grasp 0
309.0 248.0 275.0 212.0 292.0 196.0 326.0 233.0 Grasp 0
416.0 173.0 395.0 157.0 408.0 140.0 429.0 156.0 Grasp 0
350.0 226.0 329.0 170.0 350.0 162.0 371.0 218.0 Grasp 0
344.0 224.0 320.0 185.0 339.0 173.0 363.0 212.0 Grasp 0
442.0 149.0 432.0 132.0 451.0 121.0 461.0 137.0 Grasp 0
377.0 199.0 344.0 174.0 358.0 156.0 390.0 181.0 Grasp 0
