342.0 160.0 272.0 180.0 266.0 158.0 336.0 138.0 Grasp 0
333.0 139.0 290.0 91.0 306.0 76.0 350.0 124.0 Grasp 0
363.0 255.0 312.0 294.0 298.0 276.0 350.0 237.0 Grasp 0
342.0 160.0 282.0 191.0 272.0 171.0 333.0 141.0 Grasp 0
274.0 93.0 274.0 144.0 252.0 144.0 252.0 93.0 Grasp 0
346.0 231.0 294.0 246.0 288.0 225.0 340.0 210.0 Grasp 0
368.0 273.0 327.0 303.0 313.0 286.0 354.0 255.0 Grasp 0
300.0 86.0 278.0 143.0 257.0 135.0 279.0 78.0 Grasp 0
351.0 208.0 281.0 228.0 275.0 207.0 345.0 187.0 Grasp 0
311.0 146.0 274.0 104.0 290.0 89.0 328.0 131.0 Grasp 0
355.0 244.0 302.0 270.0 292.0 250.0 345.0 224.0 Grasp 0
340.0 201.0 289.0 216.0 283.0 194.0 334.0 180.0 Grasp 0
348.0 128.0 331.0 85.0 352.0 76.0 368.0 119.0 Grasp 0
352.0 237.0 297.0 264.0 287.0 244.0 342.0 217.0 Grasp 0
336.0 178.0 283.0 193.0 277.0 172.0 330.0 157.0 Grasp 0
344.0 189.0 279.0 195.0 277.0 173.0 342.0 167.0 Grasp 0
374.0 267.0 309.0 300.0 299.0 280.0 364.0 247.0 Grasp 0
334.0 137.0 302.0 85.0 321.0 73.0 353.0 125.0 Grasp 0
348.0 217.0 286.0 235.0 280.0 213.0 342.0 195.0 Grasp 0
322.0 139.0 270.0 99.0 283.0 82.0 336.0 121.0 Grasp 0
355.0 234.0 282.0 255.0 276.0 233.0 349.0 213.0 Grasp 0
353.0 253.0 307.0 275.0 297.0 255.0 343.0 233.0 Grasp 0
334.0 145.0 277.0 174.0 267.0 154.0 324.0 125.0 Grasp 0
357.0 250.0 282.0 257.0 280.0 235.0 355.0 228.0 Grasp 0
323.0 166.0 265.0 102.0 282.0 87.0 340.0 151.0 Grasp 0
327.0 93.0 289.0 154.0 270.0 142.0 308.0 81.0 Grasp 0
261.0 100.0 261.0 156.0 239.0 156.0 239.0 100.0 Grasp 0
300.0 93.0 290.0 144.0 268.0 140.0 277.0 89.0 Grasp 0
348.0 135.0 319.0 88.0 338.0 76.0 367.0 123.0 Grasp 0
316.0 84.0 288.0 158.0 267.0 150.0 295.0 76.0 Grasp 0
329.0 144.0 278.0 88.0 295.0 73.0 345.0 129.0 Grasp 0
242.0 153.0 228.0 116.0 249.0 107.0 263.0 144.0 Grasp 0
364.0 253.0 300.0 285.0 290.0 265.0 354.0 233.0 Grasp 0
350.0 170.0 276.0 207.0 266.0 187.0 340.0 150.0 Grasp 0
