330.0 221.0 263.0 254.0 253.0 234.0 319.0 201.0 Grasp 0
377.0 273.0 345.0 324.0 326.0 312.0 357.0 261.0 Grasp 0
382.0 271.0 358.0 332.0 337.0 324.0 361.0 263.0 Grasp 0
388.0 282.0 370.0 328.0 349.0 320.0 367.0 274.0 Grasp 0
313.0 196.0 250.0 213.0 244.0 191.0 306.0 174.0 Grasp 0
309.0 161.0 243.0 194.0 233.0 174.0 299.0 141.0 Grasp 0
325.0 209.0 257.0 243.0 246.0 223.0 315.0 188.0 Grasp 0
352.0 243.0 297.0 303.0 280.0 288.0 335.0 227.0 Grasp 0
297.0 161.0 245.0 166.0 243.0 144.0 295.0 139.0 Grasp 0
308.0 177.0 244.0 195.0 237.0 173.0 301.0 155.0 Grasp 0
343.0 231.0 276.0 281.0 263.0 263.0 329.0 212.0 Grasp 0
360.0 245.0 314.0 320.0 294.0 308.0 341.0 233.0 Grasp 0
338.0 223.0 272.0 273.0 258.0 254.0 324.0 205.0 Grasp 0
419.0 287.0 413.0 319.0 391.0 315.0 398.0 282.0 Grasp 0
411.0 285.0 403.0 328.0 381.0 323.0 389.0 281.0 Grasp 0
400.0 317.0 389.0 290.0 410.0 282.0 420.0 309.0 Grasp 0
320.0 205.0 248.0 226.0 242.0 204.0 314.0 183.0 Grasp 0
311.0 184.0 246.0 203.0 240.0 181.0 304.0 162.0 Grasp 0
302.0 157.0 247.0 185.0 237.0 164.0 292.0 137.0 Grasp 0
365.0 265.0 332.0 317.0 313.0 305.0 345.0 253.0 Grasp 0
373.0 264.0 335.0 325.0 316.0 313.0 353.0 252.0 Grasp 0
362.0 254.0 322.0 319.0 303.0 307.0 343.0 242.0 Grasp 0
353.0 243.0 310.0 312.0 291.0 300.0 334.0 231.0 Grasp 0
348.0 232.0 289.0 297.0 272.0 281.0 331.0 217.0 Grasp 0
294.0 153.0 247.0 158.0 245.0 135.0 292.0 131.0 Grasp 0
342.0 247.0 280.0 278.0 270.0 257.0 332.0 226.0 Grasp 0
302.0 168.0 241.0 174.0 239.0 151.0 300.0 146.0 Grasp 0
