342.0 258.0 281.0 264.0 279.0 242.0 340.0 236.0 Grasp 0
338.0 170.0 283.0 175.0 281.0 153.0 336.0 148.0 Grasp 0
341.0 238.0 282.0 243.0 280.0 221.0 339.0 215.0 Grasp 0
350.0 248.0 273.0 255.0 271.0 233.0 348.0 226.0 Grasp 0
353.0 300.0 275.0 308.0 273.0 286.0 351.0 278.0 Grasp 0
346.0 309.0 281.0 327.0 275.0 306.0 339.0 288.0 Grasp 0
346.0 225.0 277.0 231.0 275.0 209.0 344.0 203.0 Grasp 0
339.0 188.0 282.0 193.0 280.0 171.0 337.0 165.0 Grasp 0
339.0 136.0 282.0 152.0 275.0 131.0 333.0 114.0 Grasp 0
350.0 326.0 276.0 333.0 274.0 311.0 348.0 304.0 Grasp 0
339.0 179.0 282.0 184.0 280.0 162.0 337.0 157.0 Grasp 0
351.0 281.0 273.0 289.0 271.0 267.0 349.0 259.0 Grasp 0
356.0 317.0 270.0 309.0 272.0 287.0 358.0 295.0 Grasp 0
351.0 269.0 273.0 276.0 271.0 254.0 349.0 246.0 Grasp 0
332.0 150.0 286.0 155.0 284.0 132.0 330.0 128.0 Grasp 0
334.0 145.0 281.0 140.0 283.0 117.0 336.0 122.0 Grasp 0
335.0 160.0 285.0 165.0 282.0 142.0 333.0 138.0 Grasp 0
345.0 296.0 277.0 290.0 279.0 268.0 347.0 274.0 Grasp 0
350.0 285.0 285.0 334.0 272.0 317.0 337.0 268.0 Grasp 0
340.0 219.0 282.0 224.0 280.0 202.0 338.0 196.0 Grasp 0
348.0 209.0 274.0 216.0 272.0 194.0 346.0 187.0 Grasp 0
342.0 276.0 283.0 282.0 281.0 260.0 340.0 254.0 Grasp 0
343.0 201.0 279.0 207.0 277.0 184.0 341.0 178.0 Grasp 0
