443.0 242.0 407.0 300.0 388.0 288.0 424.0 230.0 Grasp 0
469.0 276.0 416.0 315.0 402.0 297.0 455.0 257.0 Grasp 0
460.0 256.0 423.0 316.0 403.0 304.0 441.0 244.0 Grasp 0
404.0 227.0 375.0 259.0 358.0 244.0 387.0 212.0 Grasp 0
424.0 236.0 385.0 278.0 369.0 263.0 408.0 220.0 Grasp 0
468.0 278.0 433.0 316.0 416.0 301.0 451.0 263.0 Grasp 0
415.0 233.0 381.0 270.0 364.0 254.0 398.0 218.0 Grasp 0
385.0 207.0 342.0 239.0 328.0 221.0 371.0 189.0 Grasp 0
442.0 239.0 442.0 315.0 420.0 315.0 420.0 239.0 Grasp 0
379.0 199.0 353.0 241.0 334.0 229.0 360.0 187.0 Grasp 0
445.0 247.0 422.0 305.0 401.0 297.0 423.0 239.0 Grasp 0
428.0 239.0 399.0 287.0 380.0 275.0 409.0 227.0 Grasp 0
455.0 255.0 408.0 307.0 392.0 291.0 438.0 240.0 Grasp 0
392.0 208.0 365.0 250.0 346.0 239.0 373.0 196.0 Grasp 0
434.0 245.0 387.0 281.0 373.0 263.0 420.0 227.0 Grasp 0
429.0 232.0 416.0 302.0 393.0 298.0 406.0 228.0 Grasp 0
426.0 244.0 378.0 268.0 368.0 248.0 416.0 224.0 Grasp 0
370.0 204.0 348.0 228.0 331.0 213.0 354.0 188.0 Grasp 0
396.0 216.0 350.0 251.0 336.0 233.0 383.0 198.0 Grasp 0
328.0 178.0 298.0 186.0 292.0 165.0 322.0 157.0 Grasp 0
471.0 277.0 389.0 300.0 383.0 278.0 464.0 255.0 Grasp 0
443.0 249.0 390.0 289.0 376.0 271.0 429.0 231.0 Grasp 0
378.0 195.0 330.0 219.0 320.0 199.0 368.0 175.0 Grasp 0
437.0 237.0 400.0 296.0 381.0 284.0 418.0 225.0 Grasp 0
464.0 268.0 413.0 307.0 399.0 288.0 451.0 250.0 Grasp 0
