347.0 323.0 326.0 290.0 346.0 277.0 367.0 311.0 Grasp 0
260.0 237.0 225.0 240.0 223.0 216.0 258.0 213.0 Grasp 0
281.0 176.0 259.0 118.0 281.0 110.0 303.0 168.0 Grasp 0
382.0 289.0 353.0 274.0 363.0 253.0 393.0 268.0 Grasp 0
254.0 196.0 218.0 185.0 224.0 163.0 260.0 173.0 Grasp 0
291.0 282.0 261.0 305.0 247.0 286.0 277.0 264.0 Grasp 0
335.0 110.0 324.0 170.0 301.0 166.0 312.0 105.0 Grasp 0
266.0 177.0 246.0 126.0 268.0 117.0 288.0 168.0 Grasp 0
373.0 121.0 363.0 174.0 340.0 170.0 350.0 116.0 Grasp 0
405.0 231.0 373.0 234.0 370.0 211.0 403.0 207.0 Grasp 0
314.0 107.0 314.0 174.0 290.0 174.0 290.0 107.0 Grasp 0
413.0 190.0 376.0 208.0 365.0 187.0 402.0 169.0 Grasp 0
404.0 143.0 377.0 187.0 357.0 174.0 384.0 130.0 Grasp 0
293.0 184.0 219.0 147.0 229.0 126.0 303.0 162.0 Grasp 0
263.0 185.0 225.0 143.0 242.0 128.0 280.0 169.0 Grasp 0
253.0 219.0 216.0 208.0 222.0 186.0 259.0 196.0 Grasp 0
407.0 218.0 374.0 221.0 372.0 197.0 405.0 194.0 Grasp 0
352.0 114.0 352.0 172.0 329.0 172.0 329.0 114.0 Grasp 0
311.0 289.0 296.0 327.0 275.0 318.0 289.0 281.0 Grasp 0
394.0 259.0 365.0 251.0 371.0 228.0 401.0 237.0 Grasp 0
277.0 264.0 247.0 287.0 233.0 268.0 263.0 245.0 Grasp 0
356.0 315.0 333.0 289.0 350.0 274.0 373.0 299.0 Grasp 0
258.0 183.0 224.0 158.0 238.0 139.0 272.0 164.0 Grasp 0
389.0 131.0 360.0 178.0 339.0 166.0 369.0 119.0 Grasp 0
388.0 273.0 360.0 260.0 371.0 239.0 398.0 252.0 Grasp 0
297.0 285.0 279.0 314.0 259.0 302.0 277.0 273.0 Grasp 0
254.0 228.0 226.0 230.0 224.0 207.0 252.0 204.0 Grasp 0
380.0 299.0 344.0 281.0 354.0 260.0 390.0 278.0 Grasp 0
286.0 187.0 230.0 126.0 247.0 110.0 303.0 171.0 Grasp 0
411.0 173.0 378.0 198.0 364.0 179.0 397.0 154.0 Grasp 0
304.0 284.0 289.0 321.0 268.0 312.0 282.0 276.0 Grasp 0
337.0 332.0 320.0 289.0 342.0 280.0 359.0 323.0 Grasp 0
335.0 105.0 303.0 187.0 281.0 179.0 313.0 97.0 Grasp 0
261.0 247.0 234.0 255.0 227.0 232.0 254.0 224.0 Grasp 0
386.0 282.0 353.0 266.0 364.0 245.0 396.0 261.0 Grasp 0
316.0 178.0 302.0 107.0 326.0 103.0 339.0 173.0 Grasp 0
396.0 127.0 374.0 184.0 352.0 176.0 374.0 118.0 Grasp 0
365.0 119.0 355.0 171.0 332.0 167.0 341.0 114.0 Grasp 0
271.0 185.0 257.0 110.0 280.0 106.0 294.0 181.0 Grasp 0
285.0 185.0 242.0 117.0 262.0 104.0 305.0 173.0 Grasp 0
401.0 249.0 368.0 246.0 370.0 222.0 403.0 225.0 Grasp 0
365.0 307.0 339.0 287.0 353.0 268.0 379.0 288.0 Grasp 0
301.0 175.0 276.0 111.0 298.0 103.0 323.0 167.0 Grasp 0
253.0 185.0 232.0 130.0 254.0 121.0 275.0 176.0 Grasp 0
283.0 274.0 252.0 297.0 238.0 278.0 269.0 255.0 Grasp 0
411.0 203.0 375.0 214.0 369.0 191.0 405.0 181.0 Grasp 0
250.0 200.0 221.0 198.0 224.0 174.0 253.0 177.0 Grasp 0
267.0 254.0 238.0 269.0 228.0 248.0 257.0 233.0 Grasp 0
248.0 194.0 213.0 168.0 228.0 149.0 262.0 175.0 Grasp 0
351.0 112.0 339.0 173.0 316.0 169.0 327.0 108.0 Grasp 0
251.0 210.0 216.0 200.0 222.0 177.0 258.0 187.0 Grasp 0
