498.0 233.0 415.0 256.0 408.0 234.0 491.0 210.0 Grasp 0
504.0 269.0 433.0 289.0 427.0 267.0 498.0 247.0 Grasp 0
309.0 255.0 230.0 247.0 232.0 224.0 311.0 231.0 Grasp 0
317.0 236.0 283.0 149.0 305.0 140.0 339.0 228.0 Grasp 0
326.0 233.0 295.0 153.0 317.0 145.0 347.0 224.0 Grasp 0
376.0 145.0 376.0 228.0 353.0 228.0 353.0 145.0 Grasp 0
496.0 219.0 408.0 244.0 401.0 222.0 490.0 197.0 Grasp 0
321.0 251.0 238.0 275.0 232.0 252.0 314.0 229.0 Grasp 0
384.0 143.0 384.0 231.0 361.0 231.0 361.0 143.0 Grasp 0
351.0 139.0 351.0 230.0 328.0 230.0 328.0 139.0 Grasp 0
311.0 237.0 227.0 229.0 229.0 206.0 314.0 213.0 Grasp 0
500.0 259.0 433.0 278.0 427.0 256.0 493.0 237.0 Grasp 0
503.0 285.0 431.0 292.0 429.0 269.0 501.0 262.0 Grasp 0
309.0 273.0 229.0 265.0 232.0 242.0 311.0 249.0 Grasp 0
312.0 270.0 247.0 288.0 240.0 266.0 306.0 247.0 Grasp 0
302.0 285.0 238.0 279.0 240.0 255.0 304.0 261.0 Grasp 0
299.0 236.0 268.0 158.0 290.0 149.0 320.0 228.0 Grasp 0
299.0 235.0 283.0 150.0 306.0 146.0 322.0 230.0 Grasp 0
310.0 278.0 248.0 296.0 242.0 273.0 303.0 256.0 Grasp 0
313.0 247.0 225.0 239.0 227.0 215.0 315.0 224.0 Grasp 0
303.0 263.0 236.0 256.0 238.0 233.0 305.0 239.0 Grasp 0
359.0 142.0 359.0 227.0 336.0 227.0 336.0 142.0 Grasp 0
496.0 241.0 433.0 272.0 423.0 251.0 486.0 220.0 Grasp 0
504.0 238.0 440.0 287.0 426.0 268.0 490.0 220.0 Grasp 0
