365.0 278.0 313.0 239.0 327.0 220.0 379.0 260.0 Grasp 0
325.0 324.0 278.0 271.0 294.0 256.0 342.0 308.0 Grasp 0
305.0 335.0 261.0 313.0 271.0 293.0 315.0 315.0 Grasp 0
346.0 298.0 295.0 260.0 309.0 242.0 359.0 280.0 Grasp 0
360.0 272.0 324.0 233.0 341.0 218.0 377.0 257.0 Grasp 0
355.0 283.0 307.0 247.0 321.0 229.0 369.0 265.0 Grasp 0
376.0 269.0 320.0 227.0 334.0 209.0 390.0 251.0 Grasp 0
340.0 312.0 283.0 269.0 297.0 251.0 354.0 294.0 Grasp 0
336.0 315.0 274.0 284.0 284.0 263.0 346.0 294.0 Grasp 0
348.0 286.0 308.0 256.0 322.0 238.0 361.0 268.0 Grasp 0
319.0 330.0 267.0 304.0 277.0 284.0 329.0 310.0 Grasp 0
320.0 323.0 273.0 288.0 286.0 270.0 333.0 305.0 Grasp 0
299.0 336.0 264.0 298.0 281.0 283.0 315.0 320.0 Grasp 0
336.0 300.0 295.0 269.0 308.0 251.0 350.0 282.0 Grasp 0
385.0 260.0 318.0 241.0 324.0 219.0 391.0 238.0 Grasp 0
291.0 341.0 259.0 318.0 273.0 300.0 304.0 323.0 Grasp 0
