312.0 270.0 291.0 254.0 304.0 237.0 325.0 252.0 Grasp 0
349.0 207.0 339.0 181.0 359.0 173.0 370.0 200.0 Grasp 0
315.0 280.0 278.0 262.0 288.0 242.0 325.0 261.0 Grasp 0
324.0 254.0 304.0 243.0 313.0 224.0 334.0 234.0 Grasp 0
286.0 305.0 264.0 289.0 278.0 271.0 300.0 287.0 Grasp 0
345.0 234.0 311.0 231.0 313.0 209.0 347.0 212.0 Grasp 0
304.0 286.0 279.0 267.0 292.0 249.0 317.0 268.0 Grasp 0
339.0 223.0 327.0 203.0 345.0 192.0 357.0 212.0 Grasp 0
326.0 248.0 307.0 234.0 320.0 217.0 339.0 231.0 Grasp 0
324.0 259.0 296.0 246.0 306.0 226.0 334.0 240.0 Grasp 0
302.0 294.0 271.0 271.0 284.0 253.0 315.0 276.0 Grasp 0
293.0 299.0 269.0 281.0 282.0 263.0 306.0 281.0 Grasp 0
368.0 201.0 339.0 198.0 341.0 177.0 370.0 179.0 Grasp 0
374.0 187.0 352.0 185.0 354.0 163.0 376.0 165.0 Grasp 0
362.0 214.0 324.0 218.0 322.0 196.0 360.0 192.0 Grasp 0
361.0 191.0 350.0 173.0 369.0 161.0 380.0 179.0 Grasp 0
350.0 219.0 328.0 212.0 334.0 191.0 356.0 198.0 Grasp 0
