356.0 153.0 327.0 156.0 325.0 134.0 354.0 131.0 Grasp 0
339.0 227.0 298.0 182.0 314.0 167.0 355.0 212.0 Grasp 0
360.0 157.0 315.0 170.0 309.0 149.0 354.0 136.0 Grasp 0
359.0 178.0 291.0 212.0 281.0 192.0 349.0 158.0 Grasp 0
362.0 224.0 295.0 173.0 308.0 156.0 375.0 206.0 Grasp 0
344.0 234.0 285.0 190.0 298.0 172.0 357.0 216.0 Grasp 0
372.0 173.0 344.0 245.0 323.0 236.0 351.0 165.0 Grasp 0
358.0 169.0 314.0 239.0 295.0 227.0 339.0 157.0 Grasp 0
399.0 178.0 394.0 204.0 372.0 200.0 377.0 174.0 Grasp 0
353.0 149.0 330.0 147.0 332.0 125.0 355.0 127.0 Grasp 0
360.0 181.0 287.0 188.0 285.0 166.0 358.0 159.0 Grasp 0
364.0 210.0 318.0 160.0 334.0 145.0 380.0 196.0 Grasp 0
362.0 173.0 292.0 180.0 290.0 158.0 360.0 151.0 Grasp 0
361.0 226.0 279.0 203.0 285.0 182.0 367.0 205.0 Grasp 0
388.0 178.0 382.0 207.0 361.0 203.0 366.0 174.0 Grasp 0
366.0 181.0 328.0 242.0 309.0 230.0 347.0 169.0 Grasp 0
331.0 245.0 298.0 161.0 319.0 153.0 351.0 237.0 Grasp 0
314.0 240.0 300.0 165.0 322.0 161.0 336.0 236.0 Grasp 0
366.0 217.0 289.0 195.0 295.0 174.0 372.0 195.0 Grasp 0
359.0 227.0 283.0 220.0 285.0 198.0 361.0 205.0 Grasp 0
349.0 225.0 307.0 158.0 326.0 146.0 368.0 213.0 Grasp 0
365.0 218.0 308.0 175.0 321.0 157.0 379.0 201.0 Grasp 0
365.0 193.0 297.0 212.0 291.0 191.0 359.0 172.0 Grasp 0
345.0 231.0 304.0 165.0 322.0 154.0 363.0 220.0 Grasp 0
