274.0 295.0 235.0 253.0 251.0 238.0 290.0 280.0 Grasp 0
317.0 213.0 298.0 198.0 311.0 180.0 331.0 195.0 Grasp 0
300.0 281.0 239.0 235.0 252.0 217.0 314.0 263.0 Grasp 0
301.0 246.0 272.0 223.0 285.0 206.0 315.0 228.0 Grasp 0
297.0 262.0 261.0 223.0 277.0 208.0 313.0 247.0 Grasp 0
322.0 217.0 288.0 201.0 298.0 181.0 332.0 198.0 Grasp 0
300.0 272.0 247.0 232.0 261.0 215.0 313.0 254.0 Grasp 0
295.0 281.0 238.0 252.0 248.0 232.0 305.0 261.0 Grasp 0
308.0 260.0 253.0 233.0 263.0 213.0 318.0 240.0 Grasp 0
284.0 295.0 226.0 266.0 236.0 246.0 294.0 275.0 Grasp 0
307.0 234.0 280.0 214.0 293.0 196.0 321.0 217.0 Grasp 0
307.0 251.0 259.0 227.0 269.0 207.0 317.0 231.0 Grasp 0
312.0 222.0 290.0 206.0 304.0 188.0 325.0 204.0 Grasp 0
291.0 288.0 230.0 258.0 240.0 238.0 301.0 268.0 Grasp 0
308.0 248.0 276.0 212.0 292.0 197.0 324.0 233.0 Grasp 0
269.0 303.0 229.0 259.0 245.0 244.0 286.0 288.0 Grasp 0
316.0 230.0 269.0 217.0 275.0 195.0 322.0 209.0 Grasp 0
322.0 205.0 304.0 192.0 318.0 174.0 335.0 187.0 Grasp 0
331.0 200.0 306.0 187.0 315.0 167.0 341.0 180.0 Grasp 0
324.0 199.0 310.0 183.0 326.0 168.0 341.0 184.0 Grasp 0
292.0 287.0 228.0 281.0 230.0 259.0 294.0 265.0 Grasp 0
282.0 286.0 242.0 242.0 259.0 227.0 298.0 271.0 Grasp 0
