422.0 308.0 407.0 345.0 387.0 337.0 401.0 300.0 Grasp 0
348.0 306.0 333.0 344.0 313.0 336.0 328.0 298.0 Grasp 0
383.0 348.0 358.0 306.0 377.0 295.0 402.0 336.0 Grasp 0
338.0 306.0 324.0 343.0 304.0 335.0 318.0 298.0 Grasp 0
387.0 306.0 373.0 343.0 353.0 335.0 367.0 298.0 Grasp 0
363.0 306.0 349.0 343.0 328.0 335.0 342.0 298.0 Grasp 0
369.0 348.0 343.0 306.0 362.0 294.0 388.0 336.0 Grasp 0
251.0 344.0 237.0 307.0 257.0 299.0 271.0 336.0 Grasp 0
306.0 307.0 291.0 344.0 271.0 336.0 285.0 299.0 Grasp 0
396.0 306.0 382.0 342.0 361.0 334.0 375.0 298.0 Grasp 0
381.0 307.0 366.0 344.0 346.0 336.0 360.0 299.0 Grasp 0
413.0 307.0 399.0 344.0 378.0 336.0 392.0 300.0 Grasp 0
326.0 307.0 312.0 344.0 291.0 336.0 305.0 299.0 Grasp 0
295.0 306.0 281.0 343.0 260.0 335.0 274.0 298.0 Grasp 0
281.0 307.0 267.0 343.0 246.0 335.0 260.0 299.0 Grasp 0
315.0 307.0 301.0 344.0 280.0 336.0 295.0 299.0 Grasp 0
371.0 306.0 357.0 344.0 336.0 336.0 350.0 299.0 Grasp 0
266.0 309.0 260.0 339.0 238.0 334.0 244.0 305.0 Grasp 0
356.0 348.0 331.0 307.0 350.0 296.0 375.0 336.0 Grasp 0
286.0 347.0 262.0 308.0 281.0 296.0 305.0 335.0 Grasp 0
404.0 306.0 389.0 344.0 369.0 336.0 383.0 298.0 Grasp 0
319.0 347.0 294.0 307.0 313.0 295.0 338.0 336.0 Grasp 0
311.0 347.0 287.0 308.0 306.0 296.0 330.0 336.0 Grasp 0
278.0 348.0 252.0 307.0 271.0 295.0 296.0 337.0 Grasp 0
356.0 307.0 342.0 344.0 321.0 336.0 336.0 299.0 Grasp 0
338.0 344.0 324.0 306.0 344.0 299.0 359.0 336.0 Grasp 0
299.0 347.0 274.0 307.0 293.0 295.0 318.0 335.0 Grasp 0
400.0 339.0 389.0 309.0 410.0 301.0 421.0 331.0 Grasp 0
332.0 347.0 307.0 307.0 325.0 295.0 350.0 336.0 Grasp 0
