382.0 322.0 323.0 305.0 329.0 283.0 388.0 300.0 Grasp 0
409.0 258.0 368.0 213.0 384.0 198.0 425.0 243.0 Grasp 0
386.0 368.0 353.0 404.0 336.0 389.0 370.0 353.0 Grasp 0
375.0 342.0 313.0 311.0 323.0 291.0 385.0 322.0 Grasp 0
432.0 247.0 375.0 204.0 389.0 186.0 445.0 229.0 Grasp 0
373.0 340.0 320.0 300.0 333.0 282.0 387.0 322.0 Grasp 0
387.0 298.0 340.0 275.0 350.0 255.0 397.0 278.0 Grasp 0
405.0 275.0 347.0 246.0 357.0 226.0 415.0 255.0 Grasp 0
411.0 268.0 354.0 225.0 368.0 207.0 425.0 250.0 Grasp 0
401.0 269.0 355.0 234.0 368.0 216.0 414.0 251.0 Grasp 0
388.0 311.0 331.0 295.0 337.0 274.0 394.0 290.0 Grasp 0
308.0 392.0 297.0 330.0 319.0 326.0 330.0 388.0 Grasp 0
394.0 287.0 345.0 262.0 355.0 242.0 404.0 267.0 Grasp 0
378.0 364.0 332.0 399.0 318.0 381.0 364.0 346.0 Grasp 0
302.0 313.0 282.0 345.0 263.0 333.0 283.0 301.0 Grasp 0
374.0 346.0 303.0 381.0 293.0 361.0 364.0 326.0 Grasp 0
390.0 311.0 329.0 281.0 339.0 261.0 400.0 291.0 Grasp 0
316.0 324.0 316.0 382.0 293.0 382.0 293.0 324.0 Grasp 0
370.0 363.0 295.0 385.0 289.0 363.0 364.0 342.0 Grasp 0
408.0 252.0 378.0 203.0 397.0 191.0 427.0 240.0 Grasp 0
407.0 288.0 335.0 252.0 345.0 232.0 417.0 268.0 Grasp 0
427.0 261.0 349.0 223.0 359.0 203.0 437.0 241.0 Grasp 0
377.0 331.0 322.0 289.0 336.0 271.0 391.0 313.0 Grasp 0
395.0 365.0 377.0 413.0 356.0 405.0 375.0 357.0 Grasp 0
375.0 362.0 310.0 394.0 300.0 374.0 365.0 342.0 Grasp 0
332.0 321.0 332.0 386.0 310.0 386.0 310.0 321.0 Grasp 0
339.0 395.0 312.0 325.0 333.0 317.0 360.0 387.0 Grasp 0
396.0 370.0 363.0 407.0 347.0 392.0 380.0 355.0 Grasp 0
312.0 325.0 303.0 371.0 281.0 367.0 290.0 320.0 Grasp 0
367.0 351.0 317.0 389.0 304.0 371.0 354.0 333.0 Grasp 0
306.0 316.0 290.0 359.0 269.0 351.0 286.0 308.0 Grasp 0
417.0 241.0 390.0 197.0 409.0 185.0 436.0 229.0 Grasp 0
426.0 256.0 364.0 209.0 378.0 192.0 440.0 238.0 Grasp 0
