275.0 323.0 255.0 270.0 276.0 262.0 296.0 315.0 Grasp 0
372.0 277.0 300.0 270.0 302.0 248.0 374.0 255.0 Grasp 0
386.0 253.0 292.0 262.0 290.0 240.0 384.0 231.0 Grasp 0
291.0 245.0 279.0 309.0 257.0 305.0 269.0 241.0 Grasp 0
339.0 327.0 290.0 273.0 307.0 258.0 356.0 312.0 Grasp 0
323.0 333.0 294.0 256.0 314.0 248.0 344.0 325.0 Grasp 0
316.0 253.0 275.0 320.0 256.0 308.0 297.0 241.0 Grasp 0
377.0 231.0 301.0 269.0 291.0 249.0 367.0 212.0 Grasp 0
305.0 329.0 282.0 270.0 303.0 262.0 325.0 321.0 Grasp 0
365.0 298.0 293.0 278.0 300.0 256.0 371.0 277.0 Grasp 0
298.0 331.0 259.0 269.0 278.0 257.0 316.0 320.0 Grasp 0
324.0 335.0 281.0 266.0 300.0 254.0 343.0 323.0 Grasp 0
341.0 309.0 286.0 249.0 303.0 234.0 358.0 294.0 Grasp 0
360.0 209.0 290.0 157.0 303.0 139.0 373.0 192.0 Grasp 0
291.0 250.0 280.0 188.0 301.0 184.0 313.0 246.0 Grasp 0
361.0 218.0 301.0 247.0 291.0 228.0 351.0 198.0 Grasp 0
290.0 264.0 279.0 322.0 257.0 318.0 268.0 260.0 Grasp 0
301.0 271.0 269.0 322.0 250.0 311.0 282.0 259.0 Grasp 0
363.0 203.0 288.0 181.0 294.0 160.0 369.0 181.0 Grasp 0
371.0 191.0 288.0 167.0 295.0 146.0 377.0 169.0 Grasp 0
359.0 217.0 287.0 196.0 293.0 175.0 365.0 195.0 Grasp 0
365.0 233.0 272.0 207.0 278.0 185.0 371.0 212.0 Grasp 0
306.0 327.0 294.0 262.0 315.0 258.0 328.0 323.0 Grasp 0
