294.0 275.0 234.0 293.0 228.0 271.0 288.0 254.0 Grasp 0
350.0 166.0 306.0 117.0 323.0 102.0 367.0 151.0 Grasp 0
327.0 181.0 287.0 137.0 304.0 121.0 344.0 165.0 Grasp 0
312.0 220.0 239.0 184.0 250.0 164.0 322.0 200.0 Grasp 0
296.0 254.0 224.0 247.0 226.0 225.0 298.0 231.0 Grasp 0
297.0 244.0 227.0 237.0 229.0 215.0 299.0 221.0 Grasp 0
286.0 301.0 258.0 314.0 248.0 294.0 276.0 281.0 Grasp 0
310.0 206.0 258.0 167.0 272.0 149.0 324.0 188.0 Grasp 0
351.0 152.0 327.0 113.0 346.0 101.0 370.0 140.0 Grasp 0
295.0 267.0 221.0 260.0 223.0 237.0 297.0 244.0 Grasp 0
291.0 320.0 271.0 330.0 261.0 310.0 281.0 300.0 Grasp 0
305.0 236.0 226.0 228.0 228.0 206.0 308.0 213.0 Grasp 0
360.0 150.0 333.0 106.0 352.0 94.0 379.0 138.0 Grasp 0
288.0 277.0 226.0 271.0 228.0 248.0 290.0 254.0 Grasp 0
322.0 198.0 263.0 153.0 276.0 135.0 336.0 180.0 Grasp 0
339.0 177.0 292.0 126.0 309.0 111.0 355.0 161.0 Grasp 0
308.0 229.0 233.0 192.0 244.0 172.0 318.0 209.0 Grasp 0
312.0 216.0 249.0 168.0 263.0 149.0 326.0 197.0 Grasp 0
324.0 193.0 275.0 139.0 292.0 123.0 341.0 177.0 Grasp 0
320.0 213.0 229.0 239.0 223.0 217.0 314.0 191.0 Grasp 0
288.0 261.0 229.0 255.0 232.0 233.0 290.0 238.0 Grasp 0
362.0 141.0 342.0 109.0 361.0 97.0 381.0 129.0 Grasp 0
340.0 169.0 301.0 126.0 318.0 111.0 357.0 154.0 Grasp 0
295.0 236.0 236.0 207.0 246.0 186.0 305.0 216.0 Grasp 0
