243.0 280.0 232.0 225.0 255.0 220.0 265.0 276.0 Grasp 0
302.0 221.0 290.0 283.0 268.0 279.0 279.0 216.0 Grasp 0
337.0 226.0 328.0 276.0 306.0 272.0 315.0 222.0 Grasp 0
291.0 215.0 278.0 286.0 255.0 282.0 268.0 211.0 Grasp 0
371.0 226.0 355.0 268.0 334.0 260.0 350.0 218.0 Grasp 0
340.0 277.0 319.0 223.0 340.0 215.0 361.0 269.0 Grasp 0
329.0 227.0 308.0 282.0 286.0 273.0 307.0 219.0 Grasp 0
274.0 285.0 262.0 218.0 285.0 214.0 297.0 280.0 Grasp 0
310.0 223.0 300.0 280.0 277.0 276.0 288.0 219.0 Grasp 0
283.0 221.0 271.0 284.0 249.0 279.0 260.0 217.0 Grasp 0
349.0 272.0 331.0 227.0 352.0 219.0 370.0 264.0 Grasp 0
294.0 285.0 268.0 219.0 290.0 211.0 315.0 277.0 Grasp 0
260.0 290.0 233.0 220.0 254.0 212.0 281.0 282.0 Grasp 0
311.0 274.0 291.0 223.0 312.0 214.0 332.0 266.0 Grasp 0
443.0 229.0 432.0 256.0 412.0 248.0 422.0 221.0 Grasp 0
324.0 273.0 305.0 225.0 326.0 216.0 345.0 264.0 Grasp 0
364.0 224.0 345.0 273.0 324.0 265.0 343.0 216.0 Grasp 0
275.0 218.0 262.0 288.0 240.0 284.0 253.0 214.0 Grasp 0
423.0 258.0 407.0 231.0 426.0 220.0 442.0 246.0 Grasp 0
290.0 288.0 224.0 238.0 238.0 220.0 304.0 270.0 Grasp 0
358.0 267.0 342.0 227.0 363.0 219.0 379.0 259.0 Grasp 0
260.0 287.0 247.0 217.0 269.0 213.0 282.0 283.0 Grasp 0
376.0 265.0 349.0 220.0 368.0 209.0 395.0 253.0 Grasp 0
391.0 259.0 375.0 233.0 394.0 222.0 410.0 248.0 Grasp 0
296.0 274.0 287.0 226.0 309.0 222.0 318.0 269.0 Grasp 0
