278.0 296.0 231.0 245.0 248.0 230.0 295.0 281.0 Grasp 0
306.0 273.0 256.0 235.0 269.0 217.0 320.0 255.0 Grasp 0
321.0 246.0 295.0 218.0 311.0 203.0 337.0 231.0 Grasp 0
316.0 255.0 275.0 223.0 288.0 206.0 329.0 237.0 Grasp 0
293.0 282.0 249.0 234.0 266.0 219.0 310.0 267.0 Grasp 0
262.0 294.0 241.0 240.0 262.0 232.0 282.0 286.0 Grasp 0
300.0 267.0 273.0 224.0 292.0 212.0 319.0 255.0 Grasp 0
295.0 274.0 265.0 225.0 283.0 213.0 314.0 263.0 Grasp 0
305.0 259.0 284.0 224.0 302.0 213.0 324.0 247.0 Grasp 0
288.0 285.0 230.0 268.0 236.0 247.0 294.0 263.0 Grasp 0
283.0 284.0 246.0 243.0 262.0 228.0 300.0 269.0 Grasp 0
330.0 232.0 311.0 212.0 328.0 197.0 346.0 217.0 Grasp 0
256.0 300.0 234.0 243.0 255.0 235.0 277.0 292.0 Grasp 0
338.0 223.0 323.0 207.0 340.0 192.0 355.0 208.0 Grasp 0
348.0 218.0 329.0 203.0 342.0 186.0 361.0 200.0 Grasp 0
315.0 250.0 285.0 218.0 301.0 203.0 331.0 235.0 Grasp 0
270.0 299.0 227.0 250.0 243.0 235.0 287.0 283.0 Grasp 0
322.0 240.0 306.0 214.0 325.0 202.0 341.0 228.0 Grasp 0
270.0 231.0 270.0 294.0 248.0 294.0 248.0 231.0 Grasp 0
276.0 288.0 253.0 229.0 274.0 221.0 297.0 280.0 Grasp 0
