433.0 199.0 390.0 221.0 380.0 201.0 423.0 180.0 Grasp 0
419.0 164.0 387.0 180.0 377.0 160.0 409.0 144.0 Grasp 0
402.0 129.0 373.0 137.0 367.0 116.0 396.0 108.0 Grasp 0
396.0 115.0 372.0 127.0 363.0 107.0 386.0 96.0 Grasp 0
445.0 220.0 390.0 236.0 384.0 214.0 439.0 199.0 Grasp 0
395.0 108.0 368.0 122.0 358.0 102.0 385.0 89.0 Grasp 0
436.0 213.0 395.0 224.0 389.0 203.0 430.0 191.0 Grasp 0
454.0 227.0 381.0 263.0 372.0 243.0 444.0 207.0 Grasp 0
388.0 98.0 363.0 106.0 357.0 84.0 382.0 77.0 Grasp 0
431.0 198.0 386.0 202.0 384.0 180.0 429.0 176.0 Grasp 0
458.0 232.0 389.0 239.0 387.0 217.0 456.0 210.0 Grasp 0
408.0 149.0 374.0 152.0 372.0 130.0 406.0 127.0 Grasp 0
414.0 152.0 383.0 168.0 373.0 148.0 405.0 133.0 Grasp 0
424.0 184.0 388.0 202.0 378.0 183.0 414.0 165.0 Grasp 0
419.0 174.0 389.0 189.0 380.0 170.0 410.0 155.0 Grasp 0
411.0 150.0 359.0 135.0 365.0 114.0 417.0 129.0 Grasp 0
391.0 107.0 367.0 113.0 361.0 92.0 385.0 85.0 Grasp 0
404.0 135.0 379.0 148.0 369.0 128.0 394.0 115.0 Grasp 0
409.0 143.0 380.0 158.0 370.0 138.0 400.0 123.0 Grasp 0
412.0 157.0 376.0 160.0 374.0 138.0 410.0 135.0 Grasp 0
438.0 206.0 389.0 210.0 387.0 188.0 436.0 184.0 Grasp 0
396.0 82.0 369.0 125.0 350.0 113.0 377.0 70.0 Grasp 0
405.0 101.0 376.0 148.0 357.0 137.0 387.0 89.0 Grasp 0
439.0 209.0 374.0 258.0 361.0 241.0 425.0 192.0 Grasp 0
402.0 127.0 354.0 114.0 360.0 93.0 408.0 106.0 Grasp 0
