355.0 282.0 329.0 240.0 348.0 228.0 374.0 270.0 Grasp 0
450.0 193.0 414.0 211.0 404.0 190.0 440.0 172.0 Grasp 0
387.0 234.0 379.0 276.0 357.0 272.0 365.0 229.0 Grasp 0
434.0 177.0 403.0 193.0 393.0 172.0 424.0 157.0 Grasp 0
422.0 157.0 390.0 182.0 376.0 164.0 409.0 139.0 Grasp 0
395.0 298.0 382.0 227.0 405.0 223.0 418.0 293.0 Grasp 0
430.0 167.0 400.0 189.0 386.0 171.0 416.0 148.0 Grasp 0
444.0 190.0 398.0 203.0 392.0 181.0 438.0 168.0 Grasp 0
374.0 234.0 356.0 280.0 335.0 271.0 353.0 225.0 Grasp 0
414.0 146.0 390.0 165.0 376.0 147.0 400.0 128.0 Grasp 0
356.0 278.0 342.0 239.0 363.0 231.0 378.0 269.0 Grasp 0
380.0 280.0 371.0 230.0 393.0 226.0 403.0 276.0 Grasp 0
502.0 215.0 410.0 223.0 408.0 200.0 500.0 192.0 Grasp 0
421.0 149.0 389.0 173.0 375.0 155.0 407.0 131.0 Grasp 0
363.0 238.0 348.0 278.0 326.0 270.0 342.0 230.0 Grasp 0
348.0 238.0 341.0 276.0 319.0 272.0 326.0 234.0 Grasp 0
364.0 277.0 350.0 240.0 372.0 231.0 386.0 268.0 Grasp 0
491.0 201.0 409.0 224.0 403.0 202.0 485.0 179.0 Grasp 0
373.0 277.0 358.0 239.0 380.0 230.0 394.0 269.0 Grasp 0
484.0 195.0 401.0 219.0 395.0 197.0 478.0 174.0 Grasp 0
446.0 182.0 408.0 211.0 394.0 192.0 433.0 163.0 Grasp 0
388.0 284.0 378.0 234.0 401.0 230.0 410.0 280.0 Grasp 0
408.0 137.0 384.0 163.0 368.0 148.0 392.0 122.0 Grasp 0
