328.0 338.0 302.0 269.0 323.0 261.0 349.0 329.0 Grasp 0
340.0 252.0 340.0 333.0 318.0 333.0 318.0 252.0 Grasp 0
430.0 305.0 402.0 233.0 423.0 225.0 451.0 297.0 Grasp 0
398.0 315.0 371.0 245.0 392.0 237.0 419.0 307.0 Grasp 0
338.0 333.0 312.0 266.0 333.0 258.0 359.0 325.0 Grasp 0
356.0 331.0 327.0 257.0 348.0 249.0 376.0 323.0 Grasp 0
414.0 311.0 399.0 232.0 421.0 228.0 436.0 307.0 Grasp 0
289.0 334.0 268.0 301.0 287.0 289.0 308.0 322.0 Grasp 0
409.0 310.0 383.0 242.0 404.0 234.0 430.0 302.0 Grasp 0
299.0 332.0 282.0 288.0 303.0 280.0 320.0 324.0 Grasp 0
442.0 298.0 392.0 244.0 408.0 228.0 458.0 283.0 Grasp 0
382.0 322.0 353.0 249.0 374.0 241.0 402.0 314.0 Grasp 0
364.0 331.0 333.0 252.0 354.0 244.0 385.0 323.0 Grasp 0
315.0 335.0 294.0 280.0 315.0 272.0 336.0 327.0 Grasp 0
370.0 326.0 342.0 252.0 363.0 244.0 391.0 318.0 Grasp 0
340.0 246.0 323.0 336.0 301.0 332.0 317.0 242.0 Grasp 0
427.0 307.0 384.0 238.0 403.0 226.0 446.0 295.0 Grasp 0
273.0 335.0 259.0 301.0 280.0 293.0 294.0 327.0 Grasp 0
439.0 223.0 439.0 313.0 417.0 313.0 417.0 223.0 Grasp 0
354.0 340.0 298.0 278.0 314.0 263.0 371.0 325.0 Grasp 0
352.0 249.0 352.0 335.0 329.0 335.0 329.0 249.0 Grasp 0
341.0 346.0 290.0 289.0 306.0 274.0 358.0 331.0 Grasp 0
398.0 320.0 353.0 247.0 372.0 235.0 417.0 308.0 Grasp 0
