508.0 127.0 475.0 91.0 492.0 76.0 525.0 112.0 Grasp 0
533.0 126.0 473.0 81.0 486.0 63.0 546.0 109.0 Grasp 0
486.0 147.0 452.0 110.0 468.0 95.0 502.0 132.0 Grasp 0
479.0 159.0 438.0 114.0 454.0 99.0 496.0 144.0 Grasp 0
499.0 143.0 459.0 99.0 476.0 84.0 515.0 128.0 Grasp 0
342.0 246.0 323.0 232.0 336.0 214.0 355.0 228.0 Grasp 0
434.0 182.0 409.0 142.0 428.0 130.0 453.0 170.0 Grasp 0
441.0 189.0 398.0 156.0 412.0 139.0 454.0 171.0 Grasp 0
458.0 169.0 426.0 134.0 443.0 119.0 475.0 154.0 Grasp 0
503.0 133.0 470.0 97.0 486.0 82.0 519.0 118.0 Grasp 0
448.0 175.0 418.0 142.0 435.0 127.0 464.0 160.0 Grasp 0
370.0 231.0 341.0 217.0 351.0 197.0 380.0 211.0 Grasp 0
316.0 260.0 304.0 247.0 320.0 232.0 332.0 245.0 Grasp 0
530.0 122.0 483.0 72.0 500.0 57.0 546.0 107.0 Grasp 0
358.0 234.0 339.0 219.0 352.0 202.0 371.0 216.0 Grasp 0
473.0 166.0 430.0 120.0 447.0 105.0 489.0 151.0 Grasp 0
426.0 185.0 405.0 151.0 424.0 140.0 445.0 173.0 Grasp 0
295.0 276.0 284.0 263.0 300.0 249.0 311.0 261.0 Grasp 0
376.0 220.0 359.0 207.0 373.0 189.0 390.0 202.0 Grasp 0
348.0 240.0 330.0 227.0 343.0 210.0 361.0 223.0 Grasp 0
457.0 176.0 418.0 134.0 435.0 119.0 473.0 161.0 Grasp 0
495.0 149.0 450.0 100.0 467.0 85.0 512.0 134.0 Grasp 0
488.0 157.0 441.0 106.0 458.0 91.0 505.0 142.0 Grasp 0
518.0 130.0 481.0 70.0 500.0 59.0 537.0 119.0 Grasp 0
331.0 252.0 315.0 240.0 328.0 223.0 344.0 235.0 Grasp 0
449.0 182.0 408.0 151.0 421.0 134.0 463.0 165.0 Grasp 0
424.0 190.0 396.0 160.0 412.0 145.0 440.0 176.0 Grasp 0
401.0 196.0 388.0 182.0 404.0 167.0 417.0 182.0 Grasp 0
502.0 131.0 490.0 66.0 512.0 62.0 524.0 127.0 Grasp 0
383.0 213.0 366.0 201.0 380.0 183.0 396.0 195.0 Grasp 0
400.0 195.0 387.0 162.0 407.0 154.0 420.0 187.0 Grasp 0
412.0 189.0 397.0 172.0 413.0 157.0 429.0 174.0 Grasp 0
