390.0 189.0 322.0 240.0 309.0 222.0 376.0 171.0 Grasp 0
375.0 161.0 306.0 181.0 300.0 159.0 368.0 140.0 Grasp 0
403.0 226.0 339.0 257.0 329.0 237.0 393.0 205.0 Grasp 0
396.0 221.0 300.0 212.0 302.0 189.0 398.0 198.0 Grasp 0
376.0 243.0 305.0 223.0 311.0 201.0 382.0 221.0 Grasp 0
379.0 237.0 341.0 248.0 335.0 226.0 373.0 215.0 Grasp 0
390.0 226.0 328.0 244.0 322.0 222.0 384.0 205.0 Grasp 0
387.0 187.0 307.0 210.0 301.0 189.0 381.0 166.0 Grasp 0
392.0 219.0 311.0 227.0 309.0 204.0 390.0 197.0 Grasp 0
387.0 206.0 317.0 225.0 311.0 204.0 381.0 184.0 Grasp 0
372.0 150.0 303.0 170.0 297.0 149.0 366.0 129.0 Grasp 0
379.0 170.0 307.0 190.0 301.0 169.0 373.0 148.0 Grasp 0
378.0 250.0 347.0 259.0 341.0 237.0 372.0 229.0 Grasp 0
380.0 275.0 356.0 282.0 350.0 261.0 374.0 254.0 Grasp 0
379.0 257.0 349.0 266.0 343.0 244.0 373.0 236.0 Grasp 0
397.0 198.0 346.0 254.0 330.0 238.0 380.0 183.0 Grasp 0
384.0 173.0 326.0 236.0 310.0 221.0 368.0 158.0 Grasp 0
378.0 267.0 354.0 274.0 348.0 253.0 372.0 246.0 Grasp 0
387.0 288.0 365.0 299.0 355.0 279.0 377.0 268.0 Grasp 0
379.0 178.0 311.0 197.0 304.0 175.0 373.0 156.0 Grasp 0
400.0 192.0 324.0 250.0 310.0 232.0 387.0 175.0 Grasp 0
