358.0 257.0 317.0 226.0 330.0 209.0 371.0 240.0 Grasp 0
383.0 198.0 360.0 181.0 373.0 163.0 396.0 181.0 Grasp 0
389.0 195.0 364.0 154.0 382.0 142.0 408.0 184.0 Grasp 0
374.0 212.0 350.0 194.0 363.0 177.0 387.0 195.0 Grasp 0
362.0 275.0 299.0 227.0 312.0 209.0 376.0 257.0 Grasp 0
388.0 188.0 373.0 148.0 393.0 140.0 409.0 180.0 Grasp 0
356.0 246.0 323.0 221.0 337.0 204.0 369.0 228.0 Grasp 0
363.0 232.0 334.0 211.0 348.0 193.0 376.0 215.0 Grasp 0
363.0 241.0 326.0 213.0 339.0 195.0 376.0 223.0 Grasp 0
397.0 179.0 375.0 155.0 392.0 140.0 413.0 164.0 Grasp 0
401.0 188.0 362.0 177.0 368.0 156.0 407.0 167.0 Grasp 0
409.0 171.0 377.0 155.0 386.0 136.0 419.0 152.0 Grasp 0
362.0 275.0 284.0 236.0 294.0 216.0 372.0 255.0 Grasp 0
395.0 183.0 368.0 163.0 382.0 145.0 409.0 165.0 Grasp 0
362.0 246.0 293.0 227.0 299.0 206.0 368.0 225.0 Grasp 0
412.0 160.0 390.0 144.0 403.0 126.0 425.0 143.0 Grasp 0
375.0 232.0 321.0 216.0 327.0 195.0 381.0 211.0 Grasp 0
390.0 191.0 364.0 172.0 377.0 154.0 403.0 174.0 Grasp 0
411.0 164.0 383.0 150.0 393.0 131.0 420.0 144.0 Grasp 0
419.0 143.0 402.0 130.0 415.0 113.0 433.0 126.0 Grasp 0
405.0 180.0 369.0 169.0 375.0 148.0 411.0 158.0 Grasp 0
422.0 152.0 393.0 137.0 402.0 117.0 432.0 132.0 Grasp 0
382.0 206.0 352.0 183.0 365.0 165.0 395.0 188.0 Grasp 0
368.0 219.0 345.0 201.0 358.0 183.0 382.0 201.0 Grasp 0
367.0 236.0 313.0 221.0 319.0 200.0 373.0 215.0 Grasp 0
412.0 158.0 394.0 128.0 412.0 116.0 431.0 146.0 Grasp 0
