353.0 209.0 304.0 263.0 288.0 248.0 337.0 195.0 Grasp 0
341.0 203.0 318.0 264.0 297.0 256.0 321.0 195.0 Grasp 0
298.0 195.0 284.0 231.0 263.0 223.0 277.0 187.0 Grasp 0
333.0 209.0 308.0 250.0 289.0 238.0 314.0 198.0 Grasp 0
308.0 199.0 285.0 237.0 266.0 226.0 290.0 188.0 Grasp 0
296.0 192.0 272.0 231.0 254.0 220.0 278.0 181.0 Grasp 0
324.0 206.0 300.0 244.0 282.0 233.0 306.0 194.0 Grasp 0
328.0 193.0 315.0 264.0 294.0 260.0 307.0 189.0 Grasp 0
318.0 197.0 289.0 244.0 270.0 232.0 299.0 186.0 Grasp 0
351.0 215.0 321.0 263.0 303.0 251.0 333.0 203.0 Grasp 0
287.0 187.0 264.0 225.0 245.0 213.0 268.0 175.0 Grasp 0
315.0 272.0 299.0 189.0 321.0 185.0 336.0 268.0 Grasp 0
307.0 187.0 296.0 250.0 274.0 246.0 286.0 183.0 Grasp 0
276.0 186.0 263.0 221.0 242.0 213.0 256.0 178.0 Grasp 0
280.0 182.0 271.0 228.0 249.0 224.0 258.0 178.0 Grasp 0
