308.0 185.0 284.0 246.0 263.0 238.0 287.0 177.0 Grasp 0
298.0 182.0 262.0 240.0 243.0 229.0 279.0 170.0 Grasp 0
380.0 243.0 369.0 262.0 350.0 250.0 361.0 231.0 Grasp 0
304.0 188.0 271.0 240.0 252.0 229.0 285.0 176.0 Grasp 0
319.0 188.0 294.0 253.0 273.0 245.0 299.0 180.0 Grasp 0
328.0 201.0 297.0 251.0 278.0 239.0 309.0 189.0 Grasp 0
321.0 192.0 310.0 252.0 288.0 248.0 299.0 188.0 Grasp 0
334.0 203.0 315.0 253.0 294.0 245.0 313.0 195.0 Grasp 0
352.0 222.0 339.0 253.0 319.0 245.0 331.0 214.0 Grasp 0
370.0 236.0 355.0 261.0 336.0 250.0 352.0 224.0 Grasp 0
382.0 236.0 377.0 261.0 355.0 257.0 360.0 232.0 Grasp 0
288.0 178.0 277.0 238.0 255.0 234.0 266.0 174.0 Grasp 0
311.0 193.0 292.0 243.0 271.0 235.0 291.0 185.0 Grasp 0
340.0 211.0 324.0 251.0 304.0 243.0 319.0 203.0 Grasp 0
286.0 180.0 265.0 234.0 244.0 226.0 265.0 172.0 Grasp 0
363.0 234.0 347.0 260.0 328.0 249.0 345.0 222.0 Grasp 0
378.0 235.0 361.0 263.0 342.0 251.0 359.0 223.0 Grasp 0
306.0 189.0 246.0 235.0 233.0 217.0 293.0 171.0 Grasp 0
347.0 216.0 333.0 254.0 312.0 246.0 327.0 208.0 Grasp 0
