344.0 249.0 296.0 253.0 294.0 231.0 342.0 226.0 Grasp 0
356.0 274.0 285.0 280.0 283.0 258.0 354.0 251.0 Grasp 0
344.0 205.0 298.0 209.0 296.0 187.0 342.0 183.0 Grasp 0
352.0 279.0 294.0 295.0 288.0 273.0 345.0 257.0 Grasp 0
351.0 298.0 291.0 304.0 289.0 281.0 349.0 276.0 Grasp 0
341.0 217.0 297.0 213.0 299.0 191.0 343.0 195.0 Grasp 0
350.0 266.0 286.0 261.0 288.0 238.0 352.0 244.0 Grasp 0
350.0 190.0 297.0 205.0 291.0 183.0 344.0 168.0 Grasp 0
343.0 188.0 297.0 192.0 295.0 170.0 341.0 166.0 Grasp 0
356.0 263.0 295.0 293.0 284.0 273.0 346.0 242.0 Grasp 0
356.0 269.0 300.0 311.0 286.0 293.0 342.0 251.0 Grasp 0
342.0 233.0 298.0 237.0 296.0 214.0 340.0 210.0 Grasp 0
342.0 245.0 295.0 241.0 297.0 218.0 344.0 223.0 Grasp 0
342.0 206.0 287.0 190.0 293.0 169.0 348.0 184.0 Grasp 0
354.0 291.0 283.0 284.0 285.0 262.0 356.0 268.0 Grasp 0
351.0 251.0 295.0 279.0 285.0 258.0 341.0 230.0 Grasp 0
349.0 235.0 291.0 251.0 285.0 230.0 342.0 213.0 Grasp 0
344.0 306.0 289.0 290.0 295.0 268.0 350.0 284.0 Grasp 0
