324.0 213.0 302.0 273.0 281.0 265.0 304.0 205.0 Grasp 0
304.0 208.0 283.0 261.0 261.0 253.0 282.0 199.0 Grasp 0
275.0 196.0 253.0 253.0 231.0 244.0 253.0 188.0 Grasp 0
366.0 234.0 347.0 282.0 327.0 274.0 345.0 226.0 Grasp 0
284.0 201.0 263.0 255.0 241.0 247.0 262.0 192.0 Grasp 0
346.0 221.0 324.0 278.0 303.0 270.0 325.0 213.0 Grasp 0
312.0 195.0 297.0 277.0 274.0 273.0 289.0 191.0 Grasp 0
360.0 230.0 340.0 282.0 319.0 274.0 339.0 222.0 Grasp 0
286.0 200.0 276.0 256.0 253.0 252.0 264.0 195.0 Grasp 0
395.0 237.0 372.0 296.0 351.0 288.0 374.0 229.0 Grasp 0
326.0 213.0 315.0 274.0 293.0 270.0 304.0 209.0 Grasp 0
397.0 229.0 383.0 304.0 361.0 300.0 375.0 225.0 Grasp 0
375.0 234.0 354.0 287.0 333.0 279.0 354.0 226.0 Grasp 0
382.0 234.0 362.0 288.0 341.0 280.0 361.0 226.0 Grasp 0
333.0 219.0 323.0 274.0 301.0 270.0 312.0 215.0 Grasp 0
283.0 201.0 236.0 252.0 219.0 237.0 266.0 185.0 Grasp 0
350.0 217.0 337.0 285.0 315.0 281.0 328.0 213.0 Grasp 0
294.0 191.0 279.0 269.0 257.0 265.0 271.0 186.0 Grasp 0
267.0 192.0 245.0 249.0 224.0 241.0 246.0 184.0 Grasp 0
