330.0 273.0 273.0 230.0 287.0 212.0 343.0 255.0 Grasp 0
317.0 290.0 273.0 218.0 292.0 206.0 336.0 278.0 Grasp 0
319.0 290.0 252.0 257.0 262.0 237.0 329.0 270.0 Grasp 0
294.0 304.0 265.0 227.0 286.0 219.0 315.0 296.0 Grasp 0
339.0 240.0 278.0 307.0 262.0 291.0 323.0 225.0 Grasp 0
326.0 281.0 266.0 236.0 280.0 218.0 339.0 263.0 Grasp 0
307.0 297.0 258.0 242.0 274.0 227.0 324.0 282.0 Grasp 0
339.0 239.0 255.0 281.0 245.0 261.0 329.0 219.0 Grasp 0
343.0 259.0 260.0 283.0 254.0 261.0 337.0 238.0 Grasp 0
341.0 268.0 260.0 245.0 266.0 223.0 348.0 246.0 Grasp 0
328.0 225.0 298.0 302.0 277.0 294.0 307.0 217.0 Grasp 0
323.0 227.0 269.0 285.0 253.0 270.0 306.0 211.0 Grasp 0
335.0 276.0 254.0 253.0 261.0 231.0 341.0 254.0 Grasp 0
321.0 287.0 260.0 241.0 274.0 223.0 334.0 269.0 Grasp 0
317.0 298.0 245.0 263.0 255.0 242.0 327.0 278.0 Grasp 0
304.0 304.0 251.0 246.0 268.0 231.0 320.0 289.0 Grasp 0
