351.0 195.0 303.0 248.0 287.0 233.0 334.0 180.0 Grasp 0
363.0 212.0 324.0 255.0 307.0 240.0 347.0 196.0 Grasp 0
325.0 170.0 289.0 228.0 270.0 216.0 306.0 158.0 Grasp 0
342.0 195.0 303.0 238.0 287.0 223.0 325.0 180.0 Grasp 0
326.0 178.0 277.0 215.0 264.0 197.0 313.0 160.0 Grasp 0
377.0 218.0 331.0 268.0 315.0 253.0 360.0 203.0 Grasp 0
386.0 221.0 336.0 275.0 320.0 260.0 369.0 206.0 Grasp 0
391.0 229.0 359.0 281.0 340.0 269.0 372.0 217.0 Grasp 0
367.0 221.0 332.0 259.0 316.0 243.0 351.0 205.0 Grasp 0
342.0 186.0 297.0 235.0 280.0 220.0 325.0 171.0 Grasp 0
356.0 201.0 311.0 251.0 294.0 236.0 340.0 186.0 Grasp 0
355.0 194.0 329.0 262.0 308.0 254.0 335.0 186.0 Grasp 0
330.0 184.0 292.0 226.0 275.0 211.0 313.0 169.0 Grasp 0
402.0 219.0 342.0 285.0 325.0 270.0 385.0 204.0 Grasp 0
332.0 178.0 309.0 237.0 288.0 229.0 311.0 170.0 Grasp 0
366.0 199.0 338.0 271.0 317.0 263.0 345.0 191.0 Grasp 0
