299.0 179.0 249.0 233.0 233.0 218.0 282.0 164.0 Grasp 0
304.0 192.0 261.0 239.0 245.0 224.0 287.0 177.0 Grasp 0
285.0 160.0 234.0 216.0 217.0 201.0 268.0 145.0 Grasp 0
331.0 223.0 288.0 270.0 272.0 255.0 315.0 208.0 Grasp 0
316.0 199.0 268.0 253.0 251.0 238.0 300.0 185.0 Grasp 0
325.0 201.0 269.0 262.0 253.0 247.0 308.0 187.0 Grasp 0
291.0 184.0 223.0 203.0 217.0 181.0 285.0 162.0 Grasp 0
308.0 200.0 269.0 243.0 252.0 228.0 292.0 185.0 Grasp 0
288.0 173.0 245.0 221.0 229.0 206.0 272.0 158.0 Grasp 0
341.0 220.0 285.0 281.0 268.0 266.0 325.0 205.0 Grasp 0
331.0 219.0 273.0 263.0 260.0 245.0 318.0 202.0 Grasp 0
347.0 234.0 272.0 271.0 262.0 251.0 337.0 214.0 Grasp 0
