395.0 241.0 334.0 287.0 321.0 269.0 381.0 223.0 Grasp 0
382.0 230.0 327.0 272.0 314.0 254.0 369.0 212.0 Grasp 0
348.0 183.0 279.0 217.0 269.0 197.0 338.0 163.0 Grasp 0
400.0 248.0 340.0 294.0 327.0 276.0 387.0 230.0 Grasp 0
417.0 274.0 348.0 308.0 338.0 288.0 407.0 254.0 Grasp 0
377.0 219.0 318.0 263.0 305.0 245.0 363.0 201.0 Grasp 0
338.0 174.0 296.0 220.0 280.0 205.0 322.0 159.0 Grasp 0
361.0 205.0 308.0 244.0 295.0 226.0 347.0 187.0 Grasp 0
360.0 192.0 296.0 240.0 283.0 223.0 347.0 175.0 Grasp 0
405.0 249.0 353.0 306.0 336.0 291.0 388.0 234.0 Grasp 0
345.0 182.0 301.0 231.0 284.0 216.0 328.0 167.0 Grasp 0
332.0 175.0 287.0 209.0 274.0 192.0 319.0 158.0 Grasp 0
402.0 239.0 370.0 320.0 349.0 312.0 381.0 231.0 Grasp 0
373.0 208.0 308.0 257.0 295.0 239.0 359.0 190.0 Grasp 0
416.0 258.0 357.0 322.0 341.0 307.0 399.0 242.0 Grasp 0
333.0 159.0 303.0 236.0 282.0 228.0 312.0 151.0 Grasp 0
383.0 240.0 336.0 275.0 322.0 258.0 369.0 222.0 Grasp 0
387.0 219.0 316.0 273.0 303.0 255.0 373.0 201.0 Grasp 0
322.0 160.0 295.0 229.0 275.0 221.0 301.0 152.0 Grasp 0
