365.0 255.0 317.0 202.0 334.0 187.0 382.0 239.0 Grasp 0
330.0 285.0 282.0 232.0 299.0 217.0 347.0 270.0 Grasp 0
307.0 317.0 247.0 251.0 263.0 236.0 323.0 302.0 Grasp 0
395.0 230.0 339.0 187.0 353.0 169.0 409.0 211.0 Grasp 0
399.0 222.0 332.0 203.0 338.0 181.0 405.0 200.0 Grasp 0
342.0 285.0 284.0 221.0 301.0 206.0 359.0 270.0 Grasp 0
343.0 274.0 296.0 222.0 313.0 207.0 360.0 259.0 Grasp 0
400.0 227.0 310.0 219.0 312.0 196.0 402.0 205.0 Grasp 0
373.0 236.0 336.0 196.0 353.0 181.0 390.0 221.0 Grasp 0
354.0 265.0 306.0 212.0 323.0 197.0 370.0 249.0 Grasp 0
318.0 296.0 269.0 242.0 285.0 227.0 335.0 281.0 Grasp 0
368.0 246.0 326.0 200.0 343.0 184.0 385.0 230.0 Grasp 0
310.0 303.0 261.0 250.0 277.0 235.0 326.0 288.0 Grasp 0
295.0 321.0 241.0 262.0 258.0 247.0 312.0 306.0 Grasp 0
373.0 260.0 301.0 206.0 315.0 188.0 387.0 242.0 Grasp 0
392.0 240.0 324.0 189.0 338.0 171.0 405.0 222.0 Grasp 0
325.0 293.0 273.0 236.0 289.0 221.0 341.0 278.0 Grasp 0
