358.0 227.0 283.0 220.0 286.0 197.0 360.0 204.0 Grasp 0
341.0 312.0 285.0 307.0 287.0 285.0 343.0 290.0 Grasp 0
353.0 251.0 285.0 245.0 287.0 223.0 356.0 229.0 Grasp 0
355.0 214.0 289.0 208.0 291.0 186.0 357.0 192.0 Grasp 0
347.0 278.0 283.0 272.0 285.0 249.0 349.0 255.0 Grasp 0
362.0 282.0 275.0 307.0 269.0 286.0 356.0 261.0 Grasp 0
352.0 238.0 288.0 232.0 290.0 209.0 354.0 215.0 Grasp 0
350.0 300.0 280.0 293.0 282.0 271.0 352.0 278.0 Grasp 0
358.0 258.0 281.0 265.0 279.0 243.0 356.0 235.0 Grasp 0
346.0 287.0 284.0 281.0 286.0 259.0 348.0 264.0 Grasp 0
367.0 190.0 283.0 198.0 281.0 175.0 364.0 167.0 Grasp 0
353.0 180.0 296.0 175.0 298.0 152.0 355.0 158.0 Grasp 0
361.0 198.0 281.0 175.0 287.0 153.0 368.0 176.0 Grasp 0
362.0 244.0 276.0 236.0 278.0 213.0 364.0 221.0 Grasp 0
372.0 201.0 275.0 210.0 273.0 187.0 370.0 178.0 Grasp 0
