332.0 91.0 265.0 141.0 252.0 123.0 319.0 72.0 Grasp 0
344.0 122.0 293.0 161.0 279.0 143.0 330.0 104.0 Grasp 0
329.0 105.0 261.0 124.0 254.0 102.0 323.0 83.0 Grasp 0
381.0 184.0 319.0 215.0 309.0 195.0 372.0 164.0 Grasp 0
372.0 158.0 317.0 218.0 301.0 203.0 356.0 143.0 Grasp 0
330.0 88.0 261.0 123.0 250.0 102.0 320.0 68.0 Grasp 0
328.0 103.0 283.0 137.0 270.0 119.0 314.0 85.0 Grasp 0
347.0 128.0 309.0 170.0 292.0 154.0 330.0 113.0 Grasp 0
370.0 145.0 315.0 205.0 298.0 190.0 353.0 130.0 Grasp 0
342.0 109.0 282.0 155.0 268.0 137.0 328.0 91.0 Grasp 0
366.0 174.0 333.0 210.0 317.0 195.0 350.0 159.0 Grasp 0
337.0 119.0 295.0 151.0 281.0 133.0 323.0 101.0 Grasp 0
379.0 157.0 348.0 237.0 327.0 229.0 359.0 149.0 Grasp 0
357.0 144.0 305.0 183.0 291.0 165.0 344.0 126.0 Grasp 0
357.0 125.0 304.0 183.0 288.0 167.0 340.0 110.0 Grasp 0
391.0 192.0 367.0 254.0 346.0 246.0 370.0 184.0 Grasp 0
366.0 136.0 310.0 198.0 293.0 182.0 349.0 121.0 Grasp 0
379.0 174.0 330.0 227.0 313.0 212.0 362.0 158.0 Grasp 0
367.0 144.0 335.0 226.0 314.0 218.0 346.0 136.0 Grasp 0
377.0 170.0 308.0 205.0 298.0 184.0 367.0 150.0 Grasp 0
335.0 113.0 271.0 131.0 265.0 109.0 329.0 91.0 Grasp 0
