355.0 223.0 264.0 214.0 266.0 192.0 357.0 201.0 Grasp 0
310.0 267.0 240.0 287.0 234.0 265.0 304.0 245.0 Grasp 0
357.0 191.0 278.0 184.0 280.0 162.0 359.0 169.0 Grasp 0
353.0 284.0 288.0 333.0 274.0 315.0 339.0 266.0 Grasp 0
307.0 283.0 239.0 277.0 241.0 255.0 309.0 261.0 Grasp 0
358.0 186.0 277.0 163.0 283.0 141.0 364.0 164.0 Grasp 0
347.0 287.0 311.0 328.0 294.0 313.0 331.0 272.0 Grasp 0
315.0 286.0 242.0 293.0 240.0 271.0 313.0 264.0 Grasp 0
338.0 275.0 316.0 332.0 295.0 324.0 317.0 267.0 Grasp 0
373.0 217.0 333.0 260.0 317.0 245.0 356.0 202.0 Grasp 0
320.0 263.0 248.0 208.0 261.0 191.0 333.0 245.0 Grasp 0
357.0 208.0 331.0 251.0 312.0 239.0 338.0 196.0 Grasp 0
308.0 279.0 232.0 258.0 238.0 236.0 314.0 258.0 Grasp 0
330.0 272.0 294.0 330.0 275.0 318.0 310.0 260.0 Grasp 0
318.0 260.0 292.0 326.0 271.0 318.0 297.0 251.0 Grasp 0
315.0 279.0 254.0 309.0 244.0 289.0 305.0 259.0 Grasp 0
328.0 274.0 263.0 323.0 249.0 305.0 314.0 256.0 Grasp 0
303.0 265.0 247.0 223.0 260.0 206.0 316.0 248.0 Grasp 0
343.0 284.0 267.0 322.0 258.0 302.0 333.0 264.0 Grasp 0
345.0 205.0 276.0 153.0 289.0 135.0 359.0 187.0 Grasp 0
329.0 270.0 249.0 262.0 251.0 240.0 331.0 247.0 Grasp 0
324.0 278.0 282.0 324.0 266.0 308.0 307.0 263.0 Grasp 0
362.0 167.0 280.0 190.0 274.0 169.0 356.0 145.0 Grasp 0
