250.0 255.0 228.0 245.0 238.0 225.0 260.0 236.0 Grasp 0
269.0 227.0 234.0 188.0 251.0 173.0 286.0 212.0 Grasp 0
350.0 229.0 313.0 257.0 299.0 239.0 336.0 211.0 Grasp 0
330.0 182.0 255.0 176.0 257.0 154.0 332.0 160.0 Grasp 0
343.0 126.0 268.0 133.0 266.0 111.0 341.0 104.0 Grasp 0
338.0 174.0 256.0 167.0 259.0 144.0 340.0 152.0 Grasp 0
349.0 191.0 305.0 239.0 289.0 224.0 333.0 176.0 Grasp 0
263.0 233.0 236.0 220.0 246.0 200.0 272.0 213.0 Grasp 0
346.0 180.0 309.0 221.0 292.0 206.0 329.0 165.0 Grasp 0
348.0 221.0 312.0 248.0 299.0 231.0 335.0 204.0 Grasp 0
253.0 248.0 226.0 219.0 243.0 204.0 270.0 233.0 Grasp 0
350.0 247.0 311.0 267.0 301.0 247.0 340.0 228.0 Grasp 0
261.0 229.0 236.0 201.0 252.0 186.0 278.0 214.0 Grasp 0
336.0 125.0 267.0 118.0 269.0 96.0 339.0 103.0 Grasp 0
339.0 264.0 317.0 270.0 311.0 249.0 333.0 243.0 Grasp 0
331.0 159.0 266.0 153.0 268.0 131.0 333.0 137.0 Grasp 0
341.0 117.0 258.0 109.0 260.0 87.0 343.0 94.0 Grasp 0
347.0 206.0 312.0 244.0 296.0 229.0 330.0 191.0 Grasp 0
258.0 242.0 229.0 195.0 248.0 184.0 277.0 230.0 Grasp 0
267.0 225.0 238.0 211.0 248.0 191.0 277.0 205.0 Grasp 0
290.0 204.0 262.0 132.0 283.0 124.0 311.0 196.0 Grasp 0
275.0 218.0 242.0 165.0 261.0 153.0 294.0 207.0 Grasp 0
332.0 142.0 269.0 136.0 271.0 114.0 334.0 120.0 Grasp 0
252.0 263.0 223.0 255.0 229.0 233.0 258.0 242.0 Grasp 0
359.0 228.0 313.0 278.0 297.0 263.0 343.0 213.0 Grasp 0
262.0 239.0 235.0 232.0 241.0 210.0 268.0 218.0 Grasp 0
342.0 146.0 259.0 153.0 257.0 131.0 340.0 123.0 Grasp 0
341.0 240.0 309.0 243.0 307.0 221.0 339.0 218.0 Grasp 0
261.0 240.0 235.0 172.0 256.0 164.0 282.0 232.0 Grasp 0
252.0 251.0 228.0 232.0 241.0 214.0 265.0 233.0 Grasp 0
333.0 199.0 250.0 175.0 256.0 154.0 339.0 177.0 Grasp 0
275.0 206.0 249.0 137.0 269.0 129.0 296.0 198.0 Grasp 0
290.0 206.0 254.0 148.0 273.0 136.0 309.0 195.0 Grasp 0
343.0 248.0 314.0 256.0 307.0 235.0 337.0 227.0 Grasp 0
