368.0 252.0 327.0 206.0 344.0 191.0 385.0 236.0 Grasp 0
387.0 234.0 354.0 180.0 373.0 168.0 407.0 222.0 Grasp 0
333.0 282.0 295.0 221.0 314.0 209.0 352.0 270.0 Grasp 0
347.0 264.0 309.0 222.0 326.0 207.0 364.0 248.0 Grasp 0
391.0 230.0 367.0 167.0 388.0 159.0 412.0 222.0 Grasp 0
359.0 260.0 315.0 211.0 332.0 196.0 376.0 244.0 Grasp 0
381.0 240.0 341.0 196.0 358.0 181.0 398.0 225.0 Grasp 0
396.0 223.0 360.0 183.0 376.0 168.0 413.0 208.0 Grasp 0
347.0 273.0 292.0 232.0 306.0 213.0 360.0 255.0 Grasp 0
400.0 216.0 373.0 173.0 392.0 161.0 419.0 205.0 Grasp 0
334.0 269.0 306.0 224.0 325.0 212.0 353.0 257.0 Grasp 0
384.0 230.0 350.0 193.0 367.0 178.0 400.0 215.0 Grasp 0
376.0 248.0 329.0 197.0 346.0 182.0 392.0 233.0 Grasp 0
384.0 246.0 310.0 225.0 316.0 203.0 391.0 224.0 Grasp 0
414.0 223.0 355.0 178.0 369.0 160.0 427.0 205.0 Grasp 0
346.0 267.0 320.0 199.0 341.0 191.0 368.0 258.0 Grasp 0
