296.0 286.0 278.0 240.0 299.0 231.0 317.0 277.0 Grasp 0
311.0 292.0 285.0 222.0 305.0 214.0 332.0 284.0 Grasp 0
344.0 285.0 282.0 239.0 296.0 221.0 357.0 267.0 Grasp 0
280.0 287.0 262.0 257.0 281.0 245.0 299.0 275.0 Grasp 0
361.0 281.0 330.0 199.0 350.0 191.0 382.0 273.0 Grasp 0
271.0 290.0 253.0 260.0 272.0 249.0 290.0 278.0 Grasp 0
370.0 279.0 337.0 195.0 358.0 187.0 390.0 271.0 Grasp 0
252.0 294.0 235.0 268.0 254.0 256.0 271.0 282.0 Grasp 0
328.0 290.0 299.0 213.0 320.0 205.0 349.0 282.0 Grasp 0
341.0 286.0 311.0 208.0 332.0 200.0 362.0 278.0 Grasp 0
297.0 298.0 266.0 248.0 285.0 236.0 316.0 286.0 Grasp 0
341.0 298.0 270.0 244.0 283.0 227.0 354.0 280.0 Grasp 0
342.0 202.0 325.0 297.0 303.0 293.0 320.0 198.0 Grasp 0
304.0 294.0 278.0 228.0 299.0 220.0 325.0 286.0 Grasp 0
374.0 268.0 348.0 200.0 368.0 192.0 395.0 260.0 Grasp 0
345.0 278.0 319.0 211.0 340.0 202.0 366.0 270.0 Grasp 0
282.0 281.0 270.0 250.0 291.0 242.0 303.0 273.0 Grasp 0
264.0 291.0 246.0 263.0 265.0 251.0 283.0 280.0 Grasp 0
