291.0 190.0 291.0 266.0 268.0 266.0 268.0 190.0 Grasp 0
380.0 206.0 353.0 275.0 332.0 267.0 359.0 198.0 Grasp 0
320.0 203.0 320.0 258.0 298.0 258.0 298.0 203.0 Grasp 0
284.0 199.0 284.0 256.0 262.0 256.0 262.0 199.0 Grasp 0
359.0 275.0 330.0 202.0 351.0 193.0 380.0 267.0 Grasp 0
350.0 204.0 350.0 263.0 327.0 263.0 327.0 204.0 Grasp 0
305.0 197.0 292.0 264.0 270.0 260.0 282.0 193.0 Grasp 0
308.0 201.0 308.0 260.0 285.0 260.0 285.0 201.0 Grasp 0
363.0 207.0 363.0 262.0 340.0 262.0 340.0 207.0 Grasp 0
333.0 198.0 333.0 266.0 310.0 266.0 310.0 198.0 Grasp 0
381.0 213.0 371.0 267.0 348.0 263.0 359.0 209.0 Grasp 0
320.0 198.0 308.0 266.0 285.0 262.0 298.0 194.0 Grasp 0
370.0 204.0 343.0 275.0 322.0 267.0 349.0 196.0 Grasp 0
346.0 209.0 336.0 260.0 314.0 256.0 324.0 205.0 Grasp 0
352.0 208.0 295.0 271.0 278.0 255.0 335.0 193.0 Grasp 0
361.0 204.0 335.0 272.0 313.0 264.0 340.0 195.0 Grasp 0
