376.0 218.0 333.0 265.0 317.0 250.0 359.0 203.0 Grasp 0
407.0 247.0 373.0 302.0 354.0 290.0 388.0 235.0 Grasp 0
418.0 270.0 382.0 309.0 365.0 294.0 401.0 255.0 Grasp 0
309.0 156.0 270.0 200.0 253.0 185.0 293.0 141.0 Grasp 0
346.0 185.0 322.0 247.0 301.0 239.0 325.0 177.0 Grasp 0
373.0 213.0 350.0 273.0 329.0 265.0 352.0 205.0 Grasp 0
320.0 168.0 280.0 211.0 264.0 196.0 303.0 153.0 Grasp 0
304.0 144.0 244.0 189.0 231.0 171.0 290.0 126.0 Grasp 0
332.0 181.0 294.0 222.0 278.0 207.0 315.0 166.0 Grasp 0
389.0 233.0 345.0 280.0 329.0 265.0 372.0 218.0 Grasp 0
430.0 281.0 396.0 318.0 379.0 303.0 413.0 266.0 Grasp 0
361.0 207.0 295.0 240.0 285.0 220.0 351.0 187.0 Grasp 0
357.0 183.0 325.0 263.0 305.0 255.0 336.0 175.0 Grasp 0
376.0 227.0 317.0 256.0 307.0 236.0 366.0 207.0 Grasp 0
292.0 134.0 247.0 183.0 231.0 168.0 275.0 119.0 Grasp 0
399.0 251.0 365.0 288.0 349.0 273.0 382.0 236.0 Grasp 0
338.0 187.0 301.0 228.0 284.0 213.0 322.0 172.0 Grasp 0
395.0 239.0 355.0 284.0 338.0 269.0 379.0 224.0 Grasp 0
331.0 163.0 277.0 222.0 260.0 207.0 314.0 148.0 Grasp 0
378.0 228.0 343.0 267.0 326.0 252.0 361.0 213.0 Grasp 0
423.0 276.0 391.0 312.0 374.0 297.0 407.0 261.0 Grasp 0
373.0 210.0 325.0 263.0 308.0 248.0 357.0 195.0 Grasp 0
314.0 145.0 258.0 206.0 242.0 191.0 297.0 130.0 Grasp 0
350.0 189.0 304.0 239.0 288.0 224.0 334.0 174.0 Grasp 0
308.0 139.0 251.0 201.0 235.0 186.0 292.0 124.0 Grasp 0
361.0 199.0 336.0 263.0 315.0 255.0 340.0 190.0 Grasp 0
336.0 163.0 305.0 243.0 284.0 235.0 316.0 155.0 Grasp 0
340.0 172.0 312.0 245.0 291.0 237.0 319.0 164.0 Grasp 0
366.0 206.0 343.0 266.0 322.0 258.0 345.0 198.0 Grasp 0
410.0 265.0 379.0 299.0 362.0 284.0 394.0 250.0 Grasp 0
321.0 157.0 271.0 213.0 254.0 198.0 305.0 142.0 Grasp 0
