379.0 244.0 356.0 305.0 335.0 297.0 358.0 236.0 Grasp 0
343.0 224.0 327.0 307.0 306.0 303.0 321.0 220.0 Grasp 0
295.0 218.0 282.0 286.0 261.0 281.0 273.0 214.0 Grasp 0
304.0 222.0 292.0 287.0 270.0 283.0 283.0 218.0 Grasp 0
327.0 228.0 315.0 294.0 293.0 290.0 306.0 224.0 Grasp 0
360.0 242.0 339.0 297.0 318.0 289.0 339.0 234.0 Grasp 0
269.0 215.0 257.0 277.0 235.0 272.0 247.0 211.0 Grasp 0
318.0 227.0 307.0 290.0 285.0 286.0 297.0 223.0 Grasp 0
264.0 221.0 246.0 268.0 225.0 260.0 243.0 213.0 Grasp 0
285.0 222.0 275.0 277.0 253.0 273.0 263.0 218.0 Grasp 0
367.0 242.0 345.0 299.0 325.0 291.0 347.0 234.0 Grasp 0
312.0 223.0 299.0 290.0 278.0 285.0 290.0 219.0 Grasp 0
351.0 241.0 330.0 295.0 310.0 287.0 331.0 233.0 Grasp 0
279.0 215.0 267.0 281.0 245.0 277.0 257.0 211.0 Grasp 0
292.0 224.0 258.0 279.0 239.0 267.0 273.0 212.0 Grasp 0
386.0 248.0 363.0 307.0 342.0 299.0 365.0 240.0 Grasp 0
387.0 251.0 340.0 303.0 324.0 288.0 371.0 236.0 Grasp 0
248.0 283.0 234.0 209.0 256.0 205.0 270.0 279.0 Grasp 0
365.0 239.0 365.0 306.0 343.0 306.0 343.0 239.0 Grasp 0
