353.0 192.0 292.0 197.0 290.0 176.0 351.0 170.0 Grasp 0
341.0 145.0 308.0 136.0 314.0 115.0 347.0 124.0 Grasp 0
359.0 295.0 274.0 287.0 276.0 265.0 361.0 273.0 Grasp 0
341.0 244.0 293.0 239.0 295.0 217.0 343.0 222.0 Grasp 0
348.0 217.0 292.0 222.0 290.0 201.0 346.0 195.0 Grasp 0
354.0 211.0 288.0 217.0 286.0 195.0 352.0 189.0 Grasp 0
345.0 277.0 292.0 282.0 290.0 260.0 343.0 255.0 Grasp 0
345.0 232.0 291.0 237.0 289.0 215.0 343.0 210.0 Grasp 0
337.0 327.0 281.0 285.0 295.0 267.0 350.0 309.0 Grasp 0
349.0 162.0 296.0 157.0 298.0 135.0 351.0 140.0 Grasp 0
344.0 190.0 295.0 185.0 297.0 164.0 346.0 168.0 Grasp 0
347.0 205.0 291.0 200.0 293.0 178.0 349.0 183.0 Grasp 0
350.0 265.0 282.0 259.0 284.0 237.0 352.0 243.0 Grasp 0
341.0 211.0 297.0 207.0 299.0 185.0 343.0 189.0 Grasp 0
347.0 252.0 286.0 247.0 288.0 225.0 350.0 230.0 Grasp 0
354.0 149.0 294.0 155.0 292.0 133.0 352.0 127.0 Grasp 0
352.0 277.0 280.0 270.0 282.0 249.0 354.0 255.0 Grasp 0
348.0 305.0 284.0 300.0 286.0 277.0 350.0 283.0 Grasp 0
342.0 253.0 293.0 257.0 291.0 235.0 340.0 231.0 Grasp 0
359.0 279.0 278.0 302.0 272.0 281.0 353.0 258.0 Grasp 0
351.0 171.0 291.0 166.0 293.0 144.0 353.0 149.0 Grasp 0
345.0 180.0 296.0 175.0 298.0 153.0 347.0 158.0 Grasp 0
364.0 287.0 279.0 312.0 273.0 290.0 358.0 266.0 Grasp 0
343.0 158.0 300.0 145.0 306.0 124.0 349.0 136.0 Grasp 0
352.0 262.0 284.0 281.0 278.0 260.0 346.0 240.0 Grasp 0
358.0 291.0 294.0 322.0 285.0 303.0 348.0 271.0 Grasp 0
352.0 320.0 274.0 297.0 280.0 276.0 359.0 298.0 Grasp 0
345.0 225.0 294.0 230.0 292.0 208.0 343.0 203.0 Grasp 0
358.0 274.0 295.0 321.0 282.0 304.0 345.0 256.0 Grasp 0
346.0 292.0 289.0 297.0 287.0 275.0 344.0 270.0 Grasp 0
346.0 171.0 293.0 144.0 302.0 124.0 356.0 151.0 Grasp 0
