279.0 219.0 256.0 256.0 237.0 244.0 260.0 207.0 Grasp 0
322.0 251.0 307.0 276.0 288.0 264.0 303.0 240.0 Grasp 0
332.0 258.0 311.0 280.0 295.0 265.0 315.0 243.0 Grasp 0
307.0 242.0 291.0 267.0 273.0 256.0 288.0 231.0 Grasp 0
297.0 236.0 281.0 263.0 262.0 251.0 278.0 224.0 Grasp 0
290.0 226.0 269.0 261.0 250.0 249.0 271.0 215.0 Grasp 0
338.0 257.0 320.0 286.0 301.0 275.0 319.0 246.0 Grasp 0
271.0 217.0 251.0 250.0 232.0 238.0 252.0 205.0 Grasp 0
288.0 219.0 260.0 263.0 241.0 251.0 269.0 207.0 Grasp 0
297.0 228.0 273.0 266.0 254.0 255.0 278.0 216.0 Grasp 0
342.0 308.0 316.0 241.0 336.0 233.0 362.0 300.0 Grasp 0
374.0 286.0 294.0 294.0 292.0 272.0 372.0 264.0 Grasp 0
