431.0 74.0 405.0 115.0 386.0 103.0 412.0 62.0 Grasp 0
347.0 105.0 310.0 165.0 291.0 153.0 328.0 93.0 Grasp 0
404.0 41.0 381.0 100.0 360.0 92.0 383.0 33.0 Grasp 0
477.0 137.0 410.0 131.0 412.0 108.0 479.0 114.0 Grasp 0
403.0 139.0 373.0 216.0 351.0 208.0 381.0 131.0 Grasp 0
472.0 144.0 396.0 151.0 393.0 128.0 470.0 121.0 Grasp 0
389.0 141.0 355.0 196.0 336.0 184.0 370.0 129.0 Grasp 0
359.0 117.0 325.0 171.0 306.0 159.0 339.0 105.0 Grasp 0
398.0 146.0 362.0 204.0 343.0 192.0 379.0 134.0 Grasp 0
390.0 122.0 373.0 30.0 395.0 26.0 413.0 118.0 Grasp 0
462.0 92.0 410.0 131.0 396.0 113.0 448.0 74.0 Grasp 0
360.0 114.0 310.0 169.0 293.0 154.0 343.0 99.0 Grasp 0
411.0 156.0 387.0 216.0 366.0 208.0 389.0 148.0 Grasp 0
391.0 28.0 391.0 100.0 369.0 100.0 369.0 28.0 Grasp 0
424.0 52.0 424.0 133.0 402.0 133.0 402.0 52.0 Grasp 0
375.0 120.0 347.0 190.0 326.0 182.0 353.0 112.0 Grasp 0
384.0 111.0 351.0 26.0 372.0 18.0 405.0 103.0 Grasp 0
488.0 113.0 429.0 157.0 416.0 139.0 474.0 95.0 Grasp 0
430.0 63.0 395.0 120.0 376.0 108.0 411.0 51.0 Grasp 0
416.0 43.0 416.0 129.0 394.0 129.0 394.0 43.0 Grasp 0
470.0 145.0 426.0 141.0 428.0 118.0 473.0 122.0 Grasp 0
360.0 119.0 261.0 128.0 259.0 106.0 358.0 96.0 Grasp 0
361.0 95.0 347.0 23.0 370.0 19.0 383.0 91.0 Grasp 0
373.0 128.0 324.0 181.0 307.0 166.0 356.0 112.0 Grasp 0
398.0 32.0 373.0 98.0 352.0 89.0 377.0 24.0 Grasp 0
350.0 96.0 308.0 64.0 322.0 46.0 363.0 78.0 Grasp 0
352.0 87.0 309.0 155.0 290.0 143.0 332.0 75.0 Grasp 0
431.0 158.0 384.0 235.0 364.0 223.0 412.0 146.0 Grasp 0
369.0 124.0 292.0 162.0 281.0 142.0 358.0 103.0 Grasp 0
362.0 119.0 281.0 142.0 275.0 120.0 356.0 97.0 Grasp 0
443.0 71.0 405.0 130.0 386.0 119.0 424.0 59.0 Grasp 0
364.0 92.0 332.0 40.0 351.0 28.0 383.0 80.0 Grasp 0
453.0 89.0 390.0 120.0 380.0 100.0 443.0 68.0 Grasp 0
385.0 17.0 385.0 102.0 362.0 102.0 362.0 17.0 Grasp 0
422.0 58.0 388.0 113.0 369.0 101.0 403.0 46.0 Grasp 0
443.0 66.0 428.0 143.0 406.0 139.0 421.0 62.0 Grasp 0
477.0 107.0 399.0 129.0 393.0 108.0 471.0 85.0 Grasp 0
409.0 34.0 394.0 117.0 371.0 112.0 387.0 30.0 Grasp 0
482.0 130.0 393.0 122.0 395.0 100.0 484.0 108.0 Grasp 0
408.0 156.0 375.0 209.0 355.0 197.0 388.0 144.0 Grasp 0
474.0 103.0 433.0 148.0 417.0 133.0 458.0 88.0 Grasp 0
474.0 125.0 430.0 138.0 423.0 116.0 468.0 103.0 Grasp 0
350.0 116.0 323.0 45.0 344.0 37.0 372.0 108.0 Grasp 0
382.0 136.0 348.0 191.0 328.0 179.0 362.0 124.0 Grasp 0
351.0 114.0 296.0 156.0 282.0 138.0 337.0 96.0 Grasp 0
478.0 116.0 419.0 133.0 412.0 111.0 472.0 94.0 Grasp 0
336.0 113.0 276.0 119.0 274.0 96.0 334.0 91.0 Grasp 0
389.0 91.0 354.0 182.0 333.0 174.0 368.0 83.0 Grasp 0
453.0 169.0 424.0 155.0 435.0 134.0 463.0 148.0 Grasp 0
459.0 88.0 369.0 114.0 363.0 92.0 453.0 67.0 Grasp 0
440.0 81.0 394.0 116.0 380.0 98.0 426.0 63.0 Grasp 0
413.0 148.0 413.0 222.0 390.0 222.0 390.0 148.0 Grasp 0
429.0 202.0 401.0 171.0 418.0 156.0 446.0 187.0 Grasp 0
401.0 227.0 368.0 142.0 390.0 134.0 422.0 219.0 Grasp 0
382.0 25.0 359.0 85.0 337.0 77.0 361.0 17.0 Grasp 0
367.0 130.0 314.0 169.0 300.0 151.0 353.0 112.0 Grasp 0
416.0 47.0 403.0 117.0 381.0 113.0 394.0 43.0 Grasp 0
447.0 79.0 415.0 130.0 396.0 119.0 428.0 67.0 Grasp 0
468.0 101.0 391.0 123.0 385.0 101.0 462.0 79.0 Grasp 0
345.0 109.0 286.0 139.0 276.0 118.0 335.0 89.0 Grasp 0
475.0 100.0 420.0 141.0 406.0 123.0 461.0 82.0 Grasp 0
427.0 69.0 411.0 154.0 389.0 150.0 405.0 65.0 Grasp 0
393.0 135.0 393.0 218.0 370.0 218.0 370.0 135.0 Grasp 0
444.0 182.0 420.0 164.0 434.0 146.0 457.0 164.0 Grasp 0
