351.0 284.0 292.0 313.0 282.0 293.0 341.0 264.0 Grasp 0
321.0 208.0 256.0 257.0 243.0 239.0 308.0 190.0 Grasp 0
334.0 237.0 271.0 284.0 257.0 266.0 320.0 219.0 Grasp 0
303.0 194.0 239.0 226.0 229.0 206.0 293.0 175.0 Grasp 0
328.0 248.0 282.0 283.0 268.0 265.0 315.0 230.0 Grasp 0
342.0 276.0 306.0 316.0 289.0 301.0 325.0 261.0 Grasp 0
322.0 226.0 257.0 259.0 247.0 239.0 312.0 206.0 Grasp 0
332.0 238.0 261.0 273.0 251.0 253.0 322.0 218.0 Grasp 0
341.0 264.0 291.0 302.0 277.0 284.0 328.0 246.0 Grasp 0
307.0 201.0 243.0 233.0 233.0 214.0 297.0 182.0 Grasp 0
315.0 212.0 247.0 245.0 237.0 226.0 305.0 192.0 Grasp 0
346.0 270.0 294.0 310.0 280.0 292.0 332.0 252.0 Grasp 0
334.0 228.0 253.0 269.0 243.0 249.0 325.0 209.0 Grasp 0
304.0 181.0 251.0 239.0 235.0 224.0 287.0 167.0 Grasp 0
303.0 185.0 232.0 221.0 222.0 201.0 293.0 166.0 Grasp 0
338.0 248.0 278.0 293.0 264.0 275.0 324.0 230.0 Grasp 0
339.0 257.0 285.0 297.0 272.0 279.0 325.0 239.0 Grasp 0
