327.0 129.0 309.0 176.0 288.0 168.0 306.0 121.0 Grasp 0
383.0 141.0 357.0 209.0 336.0 201.0 362.0 133.0 Grasp 0
452.0 171.0 427.0 236.0 406.0 228.0 431.0 163.0 Grasp 0
482.0 174.0 450.0 255.0 429.0 247.0 461.0 166.0 Grasp 0
359.0 139.0 338.0 192.0 317.0 184.0 338.0 131.0 Grasp 0
462.0 173.0 435.0 241.0 415.0 233.0 441.0 165.0 Grasp 0
432.0 160.0 405.0 231.0 384.0 223.0 411.0 152.0 Grasp 0
412.0 155.0 387.0 219.0 366.0 211.0 391.0 147.0 Grasp 0
424.0 157.0 397.0 227.0 376.0 219.0 404.0 149.0 Grasp 0
321.0 128.0 293.0 172.0 274.0 161.0 302.0 116.0 Grasp 0
351.0 137.0 331.0 189.0 311.0 181.0 331.0 129.0 Grasp 0
391.0 155.0 363.0 200.0 344.0 188.0 372.0 143.0 Grasp 0
490.0 191.0 456.0 246.0 438.0 234.0 471.0 179.0 Grasp 0
334.0 133.0 315.0 183.0 294.0 175.0 314.0 125.0 Grasp 0
367.0 143.0 347.0 196.0 326.0 188.0 347.0 135.0 Grasp 0
395.0 152.0 373.0 210.0 352.0 202.0 374.0 144.0 Grasp 0
465.0 184.0 445.0 236.0 424.0 228.0 444.0 176.0 Grasp 0
443.0 168.0 418.0 232.0 397.0 224.0 422.0 160.0 Grasp 0
346.0 132.0 324.0 188.0 303.0 180.0 325.0 124.0 Grasp 0
408.0 158.0 375.0 212.0 356.0 201.0 389.0 146.0 Grasp 0
416.0 163.0 396.0 216.0 375.0 208.0 396.0 155.0 Grasp 0
456.0 178.0 407.0 232.0 391.0 217.0 439.0 163.0 Grasp 0
446.0 170.0 446.0 237.0 424.0 237.0 424.0 170.0 Grasp 0
377.0 152.0 350.0 195.0 331.0 183.0 358.0 140.0 Grasp 0
473.0 178.0 446.0 246.0 426.0 238.0 452.0 170.0 Grasp 0
498.0 196.0 436.0 243.0 422.0 225.0 484.0 178.0 Grasp 0
398.0 148.0 385.0 217.0 363.0 212.0 376.0 144.0 Grasp 0
