289.0 234.0 274.0 314.0 252.0 310.0 267.0 230.0 Grasp 0
281.0 236.0 268.0 306.0 246.0 302.0 259.0 232.0 Grasp 0
283.0 236.0 243.0 301.0 224.0 289.0 263.0 225.0 Grasp 0
271.0 238.0 260.0 297.0 237.0 293.0 249.0 233.0 Grasp 0
360.0 255.0 329.0 337.0 308.0 329.0 340.0 247.0 Grasp 0
328.0 338.0 312.0 252.0 334.0 248.0 350.0 334.0 Grasp 0
317.0 245.0 303.0 321.0 281.0 317.0 295.0 241.0 Grasp 0
328.0 251.0 288.0 316.0 269.0 304.0 309.0 239.0 Grasp 0
306.0 239.0 277.0 316.0 256.0 308.0 286.0 231.0 Grasp 0
343.0 255.0 315.0 327.0 294.0 319.0 322.0 247.0 Grasp 0
292.0 247.0 281.0 306.0 259.0 301.0 270.0 243.0 Grasp 0
307.0 251.0 285.0 307.0 264.0 299.0 286.0 243.0 Grasp 0
328.0 248.0 314.0 326.0 292.0 322.0 307.0 244.0 Grasp 0
351.0 263.0 327.0 325.0 306.0 317.0 330.0 255.0 Grasp 0
363.0 256.0 347.0 342.0 325.0 338.0 342.0 252.0 Grasp 0
273.0 240.0 240.0 293.0 221.0 281.0 254.0 228.0 Grasp 0
