291.0 301.0 250.0 281.0 260.0 261.0 301.0 281.0 Grasp 0
342.0 195.0 300.0 183.0 306.0 162.0 348.0 174.0 Grasp 0
309.0 258.0 273.0 240.0 283.0 220.0 319.0 238.0 Grasp 0
298.0 282.0 261.0 264.0 270.0 244.0 307.0 263.0 Grasp 0
325.0 239.0 277.0 215.0 286.0 196.0 335.0 220.0 Grasp 0
300.0 275.0 264.0 257.0 274.0 237.0 309.0 255.0 Grasp 0
334.0 205.0 297.0 187.0 307.0 167.0 344.0 186.0 Grasp 0
336.0 211.0 292.0 198.0 298.0 177.0 342.0 190.0 Grasp 0
312.0 247.0 279.0 231.0 289.0 211.0 322.0 227.0 Grasp 0
324.0 218.0 293.0 203.0 303.0 183.0 334.0 198.0 Grasp 0
300.0 290.0 254.0 277.0 260.0 256.0 306.0 269.0 Grasp 0
304.0 267.0 268.0 250.0 278.0 230.0 314.0 248.0 Grasp 0
305.0 293.0 247.0 287.0 249.0 265.0 307.0 271.0 Grasp 0
333.0 229.0 278.0 213.0 284.0 192.0 339.0 208.0 Grasp 0
338.0 191.0 306.0 174.0 315.0 155.0 348.0 171.0 Grasp 0
351.0 187.0 296.0 181.0 298.0 160.0 353.0 165.0 Grasp 0
316.0 241.0 281.0 223.0 291.0 204.0 326.0 221.0 Grasp 0
318.0 262.0 264.0 247.0 270.0 226.0 324.0 241.0 Grasp 0
338.0 203.0 297.0 172.0 310.0 154.0 351.0 185.0 Grasp 0
323.0 250.0 267.0 234.0 273.0 213.0 329.0 229.0 Grasp 0
348.0 191.0 303.0 168.0 312.0 148.0 358.0 171.0 Grasp 0
