329.0 313.0 318.0 342.0 297.0 335.0 309.0 305.0 Grasp 0
324.0 313.0 305.0 345.0 286.0 333.0 305.0 302.0 Grasp 0
353.0 313.0 342.0 343.0 321.0 335.0 333.0 305.0 Grasp 0
409.0 314.0 398.0 343.0 378.0 335.0 389.0 306.0 Grasp 0
390.0 336.0 386.0 315.0 408.0 311.0 412.0 332.0 Grasp 0
378.0 314.0 367.0 342.0 347.0 334.0 357.0 306.0 Grasp 0
398.0 313.0 387.0 342.0 366.0 334.0 377.0 305.0 Grasp 0
297.0 312.0 286.0 341.0 265.0 333.0 276.0 304.0 Grasp 0
390.0 313.0 378.0 343.0 358.0 335.0 369.0 305.0 Grasp 0
341.0 313.0 330.0 342.0 309.0 335.0 321.0 305.0 Grasp 0
309.0 313.0 298.0 342.0 277.0 334.0 288.0 305.0 Grasp 0
361.0 313.0 350.0 343.0 330.0 335.0 341.0 305.0 Grasp 0
288.0 313.0 278.0 341.0 257.0 333.0 268.0 305.0 Grasp 0
370.0 313.0 358.0 343.0 338.0 335.0 349.0 305.0 Grasp 0
363.0 345.0 343.0 313.0 362.0 301.0 382.0 334.0 Grasp 0
371.0 345.0 351.0 313.0 370.0 301.0 390.0 334.0 Grasp 0
379.0 345.0 359.0 313.0 378.0 302.0 398.0 334.0 Grasp 0
355.0 346.0 335.0 313.0 354.0 301.0 374.0 334.0 Grasp 0
