302.0 209.0 252.0 185.0 262.0 165.0 311.0 190.0 Grasp 0
270.0 260.0 228.0 240.0 238.0 220.0 279.0 241.0 Grasp 0
287.0 228.0 245.0 207.0 255.0 187.0 297.0 208.0 Grasp 0
274.0 252.0 229.0 230.0 239.0 210.0 284.0 233.0 Grasp 0
314.0 173.0 277.0 145.0 290.0 127.0 328.0 155.0 Grasp 0
286.0 241.0 234.0 215.0 244.0 196.0 296.0 221.0 Grasp 0
306.0 188.0 268.0 169.0 278.0 149.0 316.0 168.0 Grasp 0
274.0 246.0 239.0 229.0 248.0 209.0 283.0 226.0 Grasp 0
315.0 179.0 271.0 157.0 281.0 137.0 325.0 159.0 Grasp 0
297.0 202.0 262.0 185.0 272.0 165.0 307.0 182.0 Grasp 0
292.0 217.0 252.0 197.0 262.0 178.0 302.0 197.0 Grasp 0
