404.0 190.0 380.0 172.0 393.0 155.0 417.0 173.0 Grasp 0
412.0 192.0 374.0 164.0 388.0 146.0 425.0 174.0 Grasp 0
427.0 241.0 427.0 289.0 405.0 289.0 405.0 241.0 Grasp 0
402.0 218.0 336.0 199.0 342.0 178.0 408.0 197.0 Grasp 0
464.0 264.0 446.0 244.0 462.0 229.0 480.0 249.0 Grasp 0
389.0 216.0 354.0 199.0 364.0 179.0 399.0 197.0 Grasp 0
368.0 245.0 304.0 226.0 310.0 205.0 374.0 223.0 Grasp 0
471.0 261.0 453.0 232.0 472.0 220.0 490.0 249.0 Grasp 0
389.0 295.0 374.0 257.0 395.0 249.0 409.0 287.0 Grasp 0
403.0 255.0 391.0 321.0 369.0 317.0 381.0 250.0 Grasp 0
391.0 230.0 321.0 224.0 323.0 202.0 393.0 208.0 Grasp 0
296.0 209.0 279.0 297.0 257.0 293.0 274.0 205.0 Grasp 0
394.0 202.0 374.0 187.0 387.0 169.0 407.0 185.0 Grasp 0
435.0 277.0 418.0 250.0 437.0 239.0 454.0 266.0 Grasp 0
419.0 243.0 419.0 298.0 397.0 298.0 397.0 243.0 Grasp 0
411.0 248.0 411.0 307.0 389.0 307.0 389.0 248.0 Grasp 0
374.0 235.0 325.0 211.0 335.0 191.0 384.0 216.0 Grasp 0
418.0 287.0 397.0 253.0 416.0 241.0 437.0 275.0 Grasp 0
390.0 213.0 362.0 192.0 375.0 174.0 404.0 195.0 Grasp 0
374.0 238.0 325.0 224.0 331.0 203.0 380.0 217.0 Grasp 0
404.0 200.0 371.0 191.0 377.0 170.0 410.0 179.0 Grasp 0
397.0 255.0 372.0 320.0 351.0 312.0 376.0 247.0 Grasp 0
326.0 228.0 310.0 314.0 288.0 310.0 304.0 224.0 Grasp 0
320.0 219.0 305.0 301.0 283.0 297.0 298.0 215.0 Grasp 0
368.0 230.0 345.0 205.0 361.0 190.0 384.0 215.0 Grasp 0
454.0 273.0 429.0 245.0 445.0 230.0 470.0 258.0 Grasp 0
455.0 269.0 438.0 243.0 457.0 231.0 474.0 258.0 Grasp 0
417.0 176.0 385.0 167.0 391.0 146.0 423.0 155.0 Grasp 0
428.0 285.0 406.0 250.0 425.0 238.0 447.0 273.0 Grasp 0
447.0 278.0 420.0 248.0 436.0 233.0 463.0 263.0 Grasp 0
396.0 210.0 372.0 147.0 393.0 139.0 417.0 202.0 Grasp 0
440.0 239.0 430.0 289.0 409.0 285.0 418.0 234.0 Grasp 0
301.0 217.0 287.0 293.0 265.0 289.0 279.0 213.0 Grasp 0
383.0 239.0 383.0 328.0 361.0 328.0 361.0 239.0 Grasp 0
