402.0 268.0 372.0 190.0 392.0 182.0 423.0 260.0 Grasp 0
324.0 296.0 295.0 249.0 314.0 237.0 343.0 284.0 Grasp 0
381.0 266.0 360.0 213.0 381.0 205.0 402.0 258.0 Grasp 0
311.0 306.0 279.0 253.0 298.0 241.0 330.0 294.0 Grasp 0
249.0 327.0 230.0 279.0 251.0 270.0 270.0 319.0 Grasp 0
285.0 312.0 258.0 269.0 277.0 257.0 304.0 300.0 Grasp 0
423.0 256.0 387.0 198.0 406.0 186.0 442.0 244.0 Grasp 0
355.0 290.0 317.0 229.0 336.0 217.0 374.0 278.0 Grasp 0
340.0 227.0 340.0 293.0 318.0 293.0 318.0 227.0 Grasp 0
368.0 287.0 327.0 221.0 346.0 210.0 387.0 275.0 Grasp 0
365.0 280.0 339.0 210.0 359.0 202.0 386.0 272.0 Grasp 0
278.0 322.0 245.0 269.0 265.0 257.0 297.0 310.0 Grasp 0
376.0 278.0 349.0 210.0 370.0 202.0 396.0 270.0 Grasp 0
277.0 328.0 231.0 278.0 248.0 262.0 294.0 312.0 Grasp 0
339.0 287.0 311.0 242.0 330.0 230.0 358.0 275.0 Grasp 0
258.0 328.0 236.0 270.0 257.0 262.0 279.0 320.0 Grasp 0
304.0 311.0 270.0 255.0 289.0 243.0 323.0 299.0 Grasp 0
294.0 308.0 267.0 264.0 286.0 252.0 313.0 296.0 Grasp 0
329.0 294.0 306.0 235.0 327.0 227.0 350.0 286.0 Grasp 0
396.0 266.0 364.0 213.0 383.0 202.0 415.0 254.0 Grasp 0
261.0 332.0 217.0 284.0 234.0 269.0 278.0 317.0 Grasp 0
409.0 259.0 384.0 197.0 405.0 189.0 429.0 251.0 Grasp 0
341.0 299.0 291.0 244.0 307.0 229.0 358.0 284.0 Grasp 0
324.0 299.0 285.0 256.0 302.0 241.0 340.0 284.0 Grasp 0
392.0 272.0 346.0 222.0 363.0 207.0 409.0 257.0 Grasp 0
246.0 328.0 222.0 290.0 242.0 278.0 265.0 316.0 Grasp 0
357.0 281.0 327.0 233.0 346.0 221.0 376.0 269.0 Grasp 0
