359.0 230.0 339.0 281.0 318.0 273.0 338.0 222.0 Grasp 0
362.0 237.0 348.0 272.0 327.0 264.0 341.0 229.0 Grasp 0
334.0 279.0 319.0 201.0 341.0 197.0 356.0 274.0 Grasp 0
377.0 244.0 365.0 277.0 344.0 269.0 357.0 236.0 Grasp 0
335.0 199.0 302.0 286.0 281.0 277.0 314.0 191.0 Grasp 0
352.0 215.0 325.0 285.0 304.0 276.0 331.0 207.0 Grasp 0
358.0 207.0 358.0 276.0 336.0 276.0 336.0 207.0 Grasp 0
372.0 239.0 358.0 275.0 337.0 267.0 351.0 231.0 Grasp 0
357.0 231.0 311.0 281.0 294.0 266.0 340.0 216.0 Grasp 0
339.0 204.0 339.0 281.0 317.0 281.0 317.0 204.0 Grasp 0
308.0 202.0 251.0 265.0 234.0 250.0 292.0 187.0 Grasp 0
286.0 190.0 272.0 264.0 250.0 260.0 264.0 186.0 Grasp 0
385.0 245.0 372.0 278.0 351.0 270.0 364.0 237.0 Grasp 0
315.0 282.0 300.0 204.0 322.0 200.0 337.0 278.0 Grasp 0
316.0 197.0 286.0 275.0 265.0 267.0 295.0 189.0 Grasp 0
351.0 210.0 304.0 286.0 285.0 274.0 332.0 198.0 Grasp 0
392.0 251.0 381.0 281.0 360.0 273.0 371.0 243.0 Grasp 0
335.0 199.0 319.0 288.0 297.0 284.0 313.0 195.0 Grasp 0
294.0 186.0 278.0 272.0 256.0 268.0 272.0 182.0 Grasp 0
325.0 206.0 298.0 275.0 278.0 267.0 304.0 198.0 Grasp 0
