419.0 206.0 388.0 286.0 366.0 278.0 397.0 198.0 Grasp 0
448.0 220.0 417.0 300.0 395.0 291.0 426.0 212.0 Grasp 0
338.0 177.0 307.0 254.0 286.0 246.0 316.0 169.0 Grasp 0
353.0 175.0 336.0 267.0 313.0 263.0 330.0 171.0 Grasp 0
484.0 243.0 439.0 316.0 419.0 304.0 464.0 231.0 Grasp 0
383.0 190.0 351.0 272.0 330.0 264.0 362.0 181.0 Grasp 0
496.0 254.0 454.0 322.0 435.0 310.0 477.0 242.0 Grasp 0
435.0 210.0 402.0 295.0 381.0 287.0 414.0 202.0 Grasp 0
464.0 229.0 434.0 307.0 413.0 299.0 443.0 221.0 Grasp 0
397.0 194.0 364.0 279.0 343.0 270.0 376.0 186.0 Grasp 0
313.0 267.0 295.0 171.0 317.0 167.0 335.0 263.0 Grasp 0
471.0 234.0 441.0 312.0 420.0 304.0 450.0 226.0 Grasp 0
362.0 176.0 344.0 272.0 321.0 268.0 339.0 172.0 Grasp 0
