275.0 237.0 225.0 241.0 223.0 219.0 273.0 214.0 Grasp 0
279.0 255.0 223.0 250.0 225.0 227.0 281.0 232.0 Grasp 0
287.0 267.0 221.0 274.0 219.0 251.0 285.0 245.0 Grasp 0
273.0 222.0 226.0 236.0 220.0 214.0 266.0 201.0 Grasp 0
271.0 213.0 226.0 226.0 220.0 204.0 265.0 191.0 Grasp 0
282.0 275.0 226.0 291.0 220.0 268.0 275.0 253.0 Grasp 0
283.0 283.0 227.0 299.0 220.0 276.0 277.0 260.0 Grasp 0
286.0 236.0 221.0 268.0 211.0 247.0 275.0 215.0 Grasp 0
271.0 187.0 218.0 182.0 220.0 160.0 273.0 165.0 Grasp 0
272.0 186.0 228.0 199.0 222.0 177.0 266.0 165.0 Grasp 0
270.0 176.0 226.0 189.0 220.0 167.0 264.0 155.0 Grasp 0
270.0 201.0 227.0 205.0 225.0 183.0 268.0 179.0 Grasp 0
260.0 89.0 233.0 110.0 220.0 92.0 247.0 72.0 Grasp 0
276.0 226.0 223.0 221.0 225.0 199.0 278.0 204.0 Grasp 0
277.0 263.0 222.0 258.0 224.0 235.0 279.0 240.0 Grasp 0
252.0 151.0 224.0 137.0 233.0 117.0 262.0 131.0 Grasp 0
263.0 149.0 224.0 169.0 214.0 149.0 253.0 130.0 Grasp 0
290.0 258.0 229.0 304.0 215.0 285.0 276.0 240.0 Grasp 0
271.0 205.0 228.0 218.0 222.0 196.0 264.0 184.0 Grasp 0
248.0 60.0 230.0 65.0 224.0 44.0 242.0 39.0 Grasp 0
248.0 95.0 227.0 93.0 229.0 71.0 250.0 73.0 Grasp 0
262.0 133.0 237.0 153.0 223.0 135.0 249.0 116.0 Grasp 0
251.0 110.0 232.0 112.0 230.0 90.0 249.0 88.0 Grasp 0
259.0 147.0 238.0 158.0 228.0 138.0 249.0 127.0 Grasp 0
