328.0 170.0 311.0 258.0 289.0 254.0 305.0 166.0 Grasp 0
367.0 236.0 318.0 274.0 304.0 256.0 354.0 218.0 Grasp 0
350.0 215.0 268.0 223.0 266.0 200.0 348.0 193.0 Grasp 0
337.0 228.0 276.0 222.0 278.0 199.0 339.0 205.0 Grasp 0
380.0 261.0 309.0 282.0 303.0 260.0 374.0 240.0 Grasp 0
344.0 177.0 293.0 260.0 273.0 248.0 324.0 165.0 Grasp 0
368.0 229.0 345.0 290.0 324.0 282.0 348.0 221.0 Grasp 0
376.0 241.0 318.0 285.0 304.0 267.0 363.0 223.0 Grasp 0
372.0 217.0 324.0 295.0 305.0 283.0 353.0 206.0 Grasp 0
349.0 195.0 280.0 247.0 266.0 228.0 335.0 176.0 Grasp 0
359.0 224.0 309.0 262.0 296.0 244.0 345.0 206.0 Grasp 0
305.0 256.0 289.0 171.0 311.0 166.0 327.0 252.0 Grasp 0
332.0 255.0 280.0 199.0 297.0 183.0 349.0 239.0 Grasp 0
375.0 269.0 305.0 263.0 307.0 240.0 378.0 247.0 Grasp 0
383.0 251.0 340.0 298.0 324.0 283.0 367.0 236.0 Grasp 0
329.0 180.0 329.0 248.0 305.0 248.0 305.0 180.0 Grasp 0
314.0 176.0 301.0 249.0 278.0 245.0 292.0 171.0 Grasp 0
