530.0 31.0 530.0 31.0 541.0 16.0 541.0 16.0 Grasp 0
253.0 247.0 234.0 226.0 251.0 211.0 270.0 232.0 Grasp 0
279.0 224.0 257.0 208.0 271.0 190.0 292.0 206.0 Grasp 0
337.0 182.0 296.0 178.0 298.0 156.0 339.0 160.0 Grasp 0
270.0 236.0 245.0 217.0 259.0 199.0 284.0 218.0 Grasp 0
292.0 215.0 268.0 196.0 281.0 179.0 306.0 197.0 Grasp 0
324.0 193.0 278.0 189.0 280.0 167.0 326.0 171.0 Grasp 0
314.0 183.0 308.0 153.0 330.0 149.0 335.0 179.0 Grasp 0
262.0 241.0 242.0 219.0 258.0 204.0 278.0 226.0 Grasp 0
295.0 206.0 280.0 189.0 296.0 174.0 311.0 191.0 Grasp 0
252.0 255.0 225.0 234.0 238.0 217.0 265.0 237.0 Grasp 0
302.0 202.0 290.0 172.0 311.0 164.0 322.0 194.0 Grasp 0
277.0 231.0 250.0 210.0 263.0 192.0 291.0 213.0 Grasp 0
323.0 179.0 308.0 168.0 322.0 151.0 336.0 162.0 Grasp 0
244.0 259.0 223.0 226.0 242.0 214.0 263.0 247.0 Grasp 0
286.0 218.0 263.0 201.0 276.0 184.0 299.0 201.0 Grasp 0
305.0 204.0 274.0 195.0 280.0 174.0 311.0 183.0 Grasp 0
307.0 196.0 286.0 180.0 299.0 162.0 320.0 178.0 Grasp 0
