276.0 275.0 229.0 224.0 245.0 209.0 292.0 260.0 Grasp 0
288.0 251.0 242.0 216.0 255.0 199.0 301.0 233.0 Grasp 0
297.0 220.0 270.0 200.0 283.0 182.0 311.0 203.0 Grasp 0
286.0 240.0 257.0 207.0 273.0 192.0 303.0 225.0 Grasp 0
293.0 232.0 263.0 200.0 279.0 185.0 309.0 217.0 Grasp 0
286.0 258.0 229.0 229.0 238.0 209.0 296.0 238.0 Grasp 0
306.0 226.0 257.0 201.0 267.0 182.0 316.0 206.0 Grasp 0
310.0 214.0 269.0 193.0 279.0 174.0 320.0 194.0 Grasp 0
282.0 264.0 224.0 235.0 234.0 216.0 292.0 245.0 Grasp 0
300.0 235.0 248.0 209.0 258.0 190.0 310.0 216.0 Grasp 0
305.0 217.0 275.0 184.0 291.0 169.0 321.0 202.0 Grasp 0
269.0 272.0 224.0 238.0 237.0 220.0 282.0 255.0 Grasp 0
293.0 239.0 247.0 217.0 257.0 197.0 303.0 220.0 Grasp 0
276.0 263.0 238.0 221.0 254.0 206.0 292.0 248.0 Grasp 0
