374.0 305.0 287.0 297.0 290.0 274.0 376.0 282.0 Grasp 0
373.0 240.0 303.0 260.0 296.0 238.0 367.0 218.0 Grasp 0
371.0 297.0 292.0 289.0 294.0 267.0 373.0 274.0 Grasp 0
375.0 273.0 291.0 265.0 293.0 242.0 377.0 250.0 Grasp 0
367.0 289.0 297.0 283.0 299.0 260.0 369.0 267.0 Grasp 0
369.0 280.0 295.0 273.0 297.0 251.0 371.0 258.0 Grasp 0
368.0 314.0 292.0 307.0 294.0 285.0 370.0 292.0 Grasp 0
368.0 259.0 300.0 253.0 302.0 230.0 370.0 237.0 Grasp 0
367.0 329.0 287.0 306.0 294.0 284.0 373.0 307.0 Grasp 0
376.0 291.0 301.0 328.0 291.0 308.0 365.0 270.0 Grasp 0
382.0 257.0 289.0 266.0 287.0 243.0 380.0 234.0 Grasp 0
379.0 255.0 289.0 246.0 291.0 224.0 381.0 232.0 Grasp 0
