411.0 160.0 359.0 174.0 353.0 153.0 405.0 138.0 Grasp 0
414.0 149.0 374.0 192.0 358.0 177.0 397.0 134.0 Grasp 0
431.0 193.0 392.0 223.0 378.0 205.0 418.0 175.0 Grasp 0
447.0 217.0 403.0 250.0 390.0 233.0 434.0 199.0 Grasp 0
441.0 230.0 409.0 247.0 399.0 227.0 432.0 210.0 Grasp 0
426.0 186.0 381.0 209.0 371.0 189.0 416.0 166.0 Grasp 0
414.0 177.0 380.0 194.0 370.0 174.0 404.0 157.0 Grasp 0
434.0 206.0 395.0 225.0 385.0 205.0 425.0 186.0 Grasp 0
422.0 181.0 382.0 201.0 372.0 181.0 412.0 161.0 Grasp 0
438.0 218.0 401.0 236.0 391.0 216.0 428.0 198.0 Grasp 0
413.0 162.0 367.0 184.0 357.0 164.0 403.0 142.0 Grasp 0
452.0 224.0 407.0 257.0 394.0 240.0 438.0 206.0 Grasp 0
405.0 147.0 360.0 169.0 350.0 150.0 395.0 127.0 Grasp 0
450.0 233.0 414.0 260.0 401.0 242.0 437.0 215.0 Grasp 0
440.0 205.0 397.0 237.0 384.0 219.0 426.0 187.0 Grasp 0
407.0 149.0 368.0 178.0 355.0 160.0 393.0 131.0 Grasp 0
455.0 243.0 404.0 257.0 398.0 236.0 448.0 222.0 Grasp 0
448.0 226.0 393.0 241.0 387.0 220.0 442.0 204.0 Grasp 0
418.0 167.0 373.0 189.0 363.0 169.0 408.0 147.0 Grasp 0
