314.0 189.0 215.0 198.0 212.0 166.0 311.0 157.0 Grasp 0
320.0 376.0 280.0 380.0 277.0 348.0 317.0 344.0 Grasp 0
413.0 96.0 384.0 99.0 381.0 68.0 410.0 65.0 Grasp 0
238.0 371.0 191.0 335.0 209.0 312.0 256.0 347.0 Grasp 0
308.0 169.0 218.0 195.0 209.0 165.0 300.0 139.0 Grasp 0
305.0 197.0 209.0 225.0 201.0 195.0 297.0 167.0 Grasp 0
405.0 129.0 371.0 138.0 363.0 109.0 397.0 99.0 Grasp 0
437.0 207.0 437.0 243.0 405.0 243.0 405.0 207.0 Grasp 0
292.0 150.0 205.0 158.0 202.0 127.0 289.0 118.0 Grasp 0
291.0 139.0 208.0 147.0 205.0 116.0 288.0 108.0 Grasp 0
324.0 334.0 276.0 339.0 273.0 307.0 321.0 302.0 Grasp 0
281.0 138.0 203.0 177.0 189.0 149.0 267.0 110.0 Grasp 0
484.0 237.0 464.0 204.0 492.0 187.0 512.0 220.0 Grasp 0
487.0 222.0 474.0 188.0 505.0 176.0 518.0 209.0 Grasp 0
411.0 90.0 386.0 78.0 399.0 51.0 425.0 63.0 Grasp 0
415.0 235.0 408.0 197.0 439.0 191.0 446.0 230.0 Grasp 0
415.0 87.0 387.0 85.0 390.0 54.0 418.0 57.0 Grasp 0
317.0 209.0 227.0 277.0 208.0 252.0 298.0 183.0 Grasp 0
293.0 161.0 203.0 169.0 201.0 138.0 291.0 130.0 Grasp 0
582.0 28.0 579.0 45.0 551.0 40.0 555.0 23.0 Grasp 0
473.0 231.0 451.0 196.0 480.0 178.0 502.0 213.0 Grasp 0
413.0 107.0 385.0 115.0 377.0 85.0 405.0 78.0 Grasp 0
464.0 368.0 440.0 304.0 468.0 293.0 492.0 357.0 Grasp 0
289.0 149.0 208.0 190.0 194.0 162.0 275.0 121.0 Grasp 0
527.0 215.0 514.0 179.0 546.0 167.0 560.0 202.0 Grasp 0
500.0 223.0 483.0 195.0 511.0 177.0 528.0 205.0 Grasp 0
407.0 120.0 379.0 127.0 371.0 99.0 399.0 91.0 Grasp 0
520.0 223.0 499.0 190.0 529.0 171.0 549.0 205.0 Grasp 0
536.0 17.0 533.0 34.0 505.0 29.0 508.0 12.0 Grasp 0
309.0 327.0 261.0 322.0 264.0 290.0 312.0 294.0 Grasp 0
448.0 236.0 433.0 198.0 465.0 186.0 480.0 224.0 Grasp 0
544.0 50.0 541.0 33.0 568.0 28.0 572.0 45.0 Grasp 0
473.0 240.0 453.0 207.0 480.0 190.0 501.0 223.0 Grasp 0
569.0 42.0 563.0 25.0 589.0 15.0 595.0 31.0 Grasp 0
295.0 128.0 215.0 135.0 212.0 104.0 292.0 97.0 Grasp 0
328.0 358.0 284.0 362.0 281.0 330.0 325.0 326.0 Grasp 0
457.0 187.0 457.0 227.0 425.0 227.0 425.0 187.0 Grasp 0
