563.0 154.0 521.0 174.0 508.0 148.0 550.0 128.0 Grasp 0
590.0 201.0 544.0 214.0 537.0 187.0 582.0 174.0 Grasp 0
581.0 212.0 535.0 225.0 527.0 197.0 573.0 184.0 Grasp 0
606.0 266.0 560.0 279.0 553.0 251.0 598.0 238.0 Grasp 0
610.0 250.0 568.0 271.0 555.0 245.0 597.0 224.0 Grasp 0
289.0 228.0 210.0 220.0 212.0 191.0 292.0 198.0 Grasp 0
288.0 232.0 216.0 238.0 213.0 209.0 285.0 202.0 Grasp 0
574.0 159.0 533.0 180.0 520.0 154.0 562.0 133.0 Grasp 0
298.0 176.0 206.0 184.0 203.0 155.0 295.0 146.0 Grasp 0
590.0 223.0 548.0 244.0 535.0 218.0 577.0 197.0 Grasp 0
569.0 176.0 529.0 196.0 516.0 170.0 556.0 150.0 Grasp 0
568.0 133.0 524.0 146.0 516.0 118.0 560.0 105.0 Grasp 0
574.0 190.0 533.0 211.0 520.0 185.0 561.0 164.0 Grasp 0
314.0 213.0 240.0 234.0 232.0 206.0 306.0 185.0 Grasp 0
290.0 212.0 214.0 191.0 222.0 162.0 299.0 184.0 Grasp 0
298.0 96.0 199.0 87.0 202.0 57.0 301.0 67.0 Grasp 0
290.0 55.0 192.0 64.0 189.0 34.0 288.0 25.0 Grasp 0
307.0 118.0 207.0 109.0 209.0 79.0 309.0 88.0 Grasp 0
558.0 138.0 519.0 157.0 506.0 131.0 545.0 112.0 Grasp 0
607.0 239.0 565.0 260.0 552.0 234.0 594.0 213.0 Grasp 0
594.0 255.0 549.0 268.0 541.0 240.0 586.0 227.0 Grasp 0
584.0 176.0 544.0 195.0 531.0 170.0 571.0 150.0 Grasp 0
299.0 107.0 199.0 98.0 202.0 68.0 302.0 78.0 Grasp 0
595.0 212.0 550.0 225.0 542.0 197.0 587.0 184.0 Grasp 0
594.0 234.0 552.0 255.0 539.0 229.0 581.0 208.0 Grasp 0
298.0 217.0 211.0 209.0 214.0 179.0 301.0 187.0 Grasp 0
296.0 32.0 199.0 41.0 196.0 11.0 293.0 2.0 Grasp 0
301.0 193.0 215.0 201.0 212.0 171.0 298.0 163.0 Grasp 0
312.0 196.0 231.0 218.0 223.0 190.0 303.0 167.0 Grasp 0
319.0 225.0 251.0 244.0 242.0 216.0 311.0 196.0 Grasp 0
299.0 154.0 206.0 162.0 203.0 133.0 296.0 124.0 Grasp 0
567.0 148.0 525.0 160.0 517.0 132.0 559.0 120.0 Grasp 0
601.0 223.0 560.0 244.0 547.0 218.0 588.0 197.0 Grasp 0
