264.0 49.0 206.0 54.0 203.0 25.0 261.0 19.0 Grasp 0
466.0 240.0 431.0 250.0 423.0 223.0 459.0 213.0 Grasp 0
546.0 96.0 523.0 121.0 502.0 102.0 525.0 77.0 Grasp 0
265.0 117.0 206.0 122.0 203.0 92.0 262.0 87.0 Grasp 0
250.0 68.0 189.0 73.0 186.0 44.0 247.0 38.0 Grasp 0
458.0 163.0 431.0 192.0 410.0 173.0 436.0 143.0 Grasp 0
260.0 35.0 201.0 41.0 199.0 11.0 257.0 6.0 Grasp 0
249.0 42.0 191.0 48.0 189.0 19.0 247.0 13.0 Grasp 0
444.0 454.0 423.0 420.0 447.0 405.0 469.0 439.0 Grasp 0
517.0 78.0 500.0 105.0 476.0 90.0 493.0 63.0 Grasp 0
464.0 215.0 432.0 239.0 415.0 216.0 447.0 192.0 Grasp 0
266.0 122.0 210.0 138.0 202.0 109.0 258.0 93.0 Grasp 0
579.0 97.0 570.0 121.0 543.0 111.0 553.0 87.0 Grasp 0
545.0 54.0 533.0 85.0 504.0 74.0 516.0 42.0 Grasp 0
247.0 113.0 189.0 108.0 191.0 79.0 250.0 84.0 Grasp 0
459.0 303.0 433.0 306.0 430.0 277.0 456.0 275.0 Grasp 0
258.0 91.0 198.0 85.0 201.0 56.0 261.0 61.0 Grasp 0
570.0 89.0 558.0 119.0 531.0 109.0 543.0 78.0 Grasp 0
456.0 271.0 424.0 274.0 422.0 245.0 453.0 242.0 Grasp 0
502.0 416.0 488.0 451.0 462.0 441.0 475.0 406.0 Grasp 0
264.0 72.0 202.0 90.0 194.0 61.0 256.0 44.0 Grasp 0
333.0 336.0 309.0 334.0 311.0 306.0 335.0 308.0 Grasp 0
456.0 242.0 425.0 257.0 412.0 232.0 443.0 216.0 Grasp 0
260.0 161.0 202.0 167.0 199.0 137.0 257.0 132.0 Grasp 0
459.0 204.0 425.0 229.0 408.0 206.0 442.0 181.0 Grasp 0
524.0 410.0 524.0 448.0 495.0 448.0 495.0 410.0 Grasp 0
562.0 69.0 543.0 100.0 516.0 83.0 535.0 53.0 Grasp 0
254.0 96.0 195.0 102.0 192.0 73.0 252.0 67.0 Grasp 0
338.0 323.0 309.0 315.0 317.0 287.0 346.0 296.0 Grasp 0
452.0 216.0 423.0 238.0 405.0 215.0 435.0 193.0 Grasp 0
514.0 404.0 514.0 445.0 485.0 445.0 485.0 404.0 Grasp 0
253.0 62.0 198.0 47.0 206.0 19.0 261.0 34.0 Grasp 0
456.0 253.0 425.0 268.0 413.0 242.0 443.0 227.0 Grasp 0
423.0 463.0 409.0 429.0 436.0 418.0 450.0 453.0 Grasp 0
565.0 98.0 552.0 131.0 526.0 121.0 539.0 87.0 Grasp 0
255.0 145.0 197.0 151.0 194.0 121.0 252.0 116.0 Grasp 0
258.0 79.0 198.0 74.0 201.0 44.0 261.0 50.0 Grasp 0
341.0 262.0 318.0 245.0 335.0 222.0 358.0 239.0 Grasp 0
351.0 256.0 329.0 240.0 346.0 217.0 368.0 234.0 Grasp 0
267.0 145.0 211.0 161.0 203.0 132.0 259.0 116.0 Grasp 0
525.0 438.0 425.0 467.0 417.0 439.0 518.0 411.0 Grasp 0
451.0 180.0 430.0 213.0 406.0 198.0 426.0 165.0 Grasp 0
425.0 144.0 393.0 120.0 410.0 97.0 442.0 121.0 Grasp 0
467.0 337.0 440.0 345.0 433.0 317.0 459.0 310.0 Grasp 0
348.0 242.0 328.0 219.0 349.0 200.0 369.0 223.0 Grasp 0
459.0 460.0 431.0 429.0 453.0 410.0 481.0 440.0 Grasp 0
441.0 115.0 404.0 96.0 417.0 71.0 454.0 89.0 Grasp 0
455.0 228.0 417.0 232.0 414.0 203.0 452.0 199.0 Grasp 0
438.0 125.0 405.0 109.0 418.0 83.0 451.0 100.0 Grasp 0
424.0 104.0 388.0 86.0 401.0 60.0 437.0 78.0 Grasp 0
459.0 156.0 426.0 181.0 409.0 158.0 442.0 133.0 Grasp 0
345.0 288.0 318.0 274.0 331.0 249.0 358.0 263.0 Grasp 0
468.0 346.0 445.0 348.0 443.0 320.0 466.0 317.0 Grasp 0
481.0 405.0 454.0 407.0 451.0 378.0 479.0 376.0 Grasp 0
527.0 79.0 516.0 107.0 489.0 97.0 500.0 68.0 Grasp 0
454.0 193.0 420.0 219.0 402.0 196.0 437.0 170.0 Grasp 0
423.0 126.0 388.0 108.0 401.0 83.0 436.0 100.0 Grasp 0
352.0 209.0 334.0 189.0 355.0 170.0 373.0 190.0 Grasp 0
495.0 427.0 475.0 460.0 450.0 445.0 471.0 412.0 Grasp 0
468.0 201.0 443.0 228.0 422.0 209.0 447.0 181.0 Grasp 0
341.0 311.0 311.0 308.0 313.0 279.0 344.0 282.0 Grasp 0
455.0 260.0 425.0 263.0 422.0 235.0 453.0 232.0 Grasp 0
352.0 263.0 321.0 260.0 324.0 232.0 355.0 235.0 Grasp 0
477.0 375.0 452.0 382.0 444.0 354.0 469.0 347.0 Grasp 0
473.0 353.0 446.0 361.0 438.0 333.0 465.0 326.0 Grasp 0
435.0 466.0 419.0 426.0 446.0 415.0 462.0 456.0 Grasp 0
345.0 295.0 318.0 293.0 321.0 264.0 347.0 266.0 Grasp 0
429.0 114.0 387.0 102.0 395.0 74.0 437.0 86.0 Grasp 0
345.0 305.0 317.0 302.0 320.0 274.0 348.0 276.0 Grasp 0
551.0 100.0 536.0 125.0 511.0 110.0 527.0 85.0 Grasp 0
349.0 198.0 334.0 174.0 359.0 159.0 373.0 183.0 Grasp 0
466.0 289.0 441.0 297.0 433.0 269.0 458.0 262.0 Grasp 0
340.0 290.0 312.0 287.0 315.0 259.0 343.0 261.0 Grasp 0
246.0 133.0 186.0 127.0 189.0 98.0 249.0 103.0 Grasp 0
542.0 84.0 531.0 114.0 504.0 104.0 516.0 74.0 Grasp 0
458.0 226.0 427.0 249.0 410.0 226.0 441.0 203.0 Grasp 0
539.0 76.0 521.0 106.0 497.0 91.0 515.0 61.0 Grasp 0
355.0 184.0 339.0 157.0 363.0 142.0 380.0 169.0 Grasp 0
325.0 333.0 301.0 326.0 309.0 299.0 333.0 306.0 Grasp 0
436.0 139.0 403.0 114.0 421.0 91.0 453.0 116.0 Grasp 0
473.0 327.0 445.0 334.0 438.0 307.0 465.0 299.0 Grasp 0
506.0 418.0 499.0 458.0 470.0 452.0 478.0 413.0 Grasp 0
463.0 172.0 427.0 190.0 414.0 164.0 450.0 146.0 Grasp 0
464.0 319.0 438.0 322.0 436.0 293.0 462.0 291.0 Grasp 0
462.0 284.0 434.0 292.0 426.0 264.0 454.0 256.0 Grasp 0
351.0 230.0 329.0 213.0 347.0 190.0 369.0 207.0 Grasp 0
341.0 278.0 318.0 261.0 335.0 238.0 358.0 255.0 Grasp 0
471.0 467.0 443.0 437.0 464.0 417.0 492.0 448.0 Grasp 0
346.0 274.0 317.0 271.0 320.0 242.0 348.0 245.0 Grasp 0
459.0 196.0 421.0 200.0 418.0 171.0 457.0 168.0 Grasp 0
336.0 333.0 311.0 326.0 319.0 299.0 343.0 306.0 Grasp 0
523.0 70.0 506.0 97.0 482.0 82.0 499.0 55.0 Grasp 0
467.0 214.0 430.0 224.0 422.0 196.0 459.0 186.0 Grasp 0
559.0 94.0 543.0 120.0 518.0 105.0 534.0 79.0 Grasp 0
476.0 367.0 448.0 370.0 445.0 341.0 473.0 338.0 Grasp 0
464.0 183.0 435.0 215.0 414.0 195.0 443.0 163.0 Grasp 0
495.0 403.0 479.0 443.0 452.0 433.0 467.0 392.0 Grasp 0
484.0 458.0 453.0 435.0 470.0 411.0 502.0 435.0 Grasp 0
266.0 63.0 206.0 68.0 204.0 39.0 263.0 34.0 Grasp 0
351.0 284.0 323.0 281.0 325.0 253.0 353.0 256.0 Grasp 0
352.0 220.0 334.0 200.0 355.0 180.0 373.0 200.0 Grasp 0
551.0 86.0 528.0 110.0 507.0 91.0 530.0 66.0 Grasp 0
446.0 162.0 417.0 193.0 396.0 173.0 424.0 142.0 Grasp 0
459.0 207.0 421.0 210.0 418.0 182.0 457.0 178.0 Grasp 0
464.0 198.0 426.0 217.0 413.0 191.0 452.0 172.0 Grasp 0
458.0 173.0 431.0 203.0 410.0 183.0 437.0 154.0 Grasp 0
572.0 63.0 552.0 95.0 525.0 78.0 544.0 46.0 Grasp 0
341.0 324.0 316.0 326.0 314.0 298.0 339.0 296.0 Grasp 0
266.0 102.0 208.0 108.0 205.0 79.0 264.0 73.0 Grasp 0
249.0 57.0 190.0 63.0 187.0 33.0 246.0 28.0 Grasp 0
465.0 309.0 438.0 311.0 435.0 282.0 462.0 280.0 Grasp 0
335.0 301.0 312.0 295.0 320.0 267.0 343.0 274.0 Grasp 0
