270.0 85.0 201.0 137.0 184.0 113.0 252.0 62.0 Grasp 0
381.0 52.0 350.0 132.0 321.0 121.0 352.0 41.0 Grasp 0
265.0 78.0 203.0 124.0 185.0 101.0 247.0 54.0 Grasp 0
215.0 276.0 190.0 213.0 220.0 201.0 245.0 264.0 Grasp 0
338.0 138.0 338.0 43.0 368.0 43.0 368.0 138.0 Grasp 0
217.0 278.0 201.0 192.0 233.0 186.0 249.0 272.0 Grasp 0
504.0 282.0 489.0 203.0 517.0 197.0 532.0 277.0 Grasp 0
274.0 131.0 206.0 151.0 198.0 123.0 266.0 103.0 Grasp 0
209.0 290.0 185.0 226.0 215.0 215.0 240.0 279.0 Grasp 0
276.0 104.0 199.0 161.0 182.0 138.0 258.0 81.0 Grasp 0
256.0 84.0 198.0 100.0 190.0 72.0 248.0 55.0 Grasp 0
371.0 46.0 344.0 116.0 316.0 105.0 343.0 35.0 Grasp 0
198.0 299.0 198.0 192.0 231.0 192.0 231.0 299.0 Grasp 0
