315.0 353.0 315.0 409.0 286.0 409.0 286.0 353.0 Grasp 0
255.0 397.0 235.0 344.0 262.0 334.0 282.0 387.0 Grasp 0
390.0 53.0 321.0 34.0 329.0 6.0 398.0 26.0 Grasp 0
221.0 325.0 194.0 394.0 167.0 384.0 194.0 314.0 Grasp 0
359.0 121.0 304.0 94.0 317.0 68.0 372.0 96.0 Grasp 0
367.0 115.0 313.0 74.0 330.0 52.0 384.0 93.0 Grasp 0
187.0 334.0 187.0 396.0 158.0 396.0 158.0 334.0 Grasp 0
215.0 288.0 190.0 269.0 207.0 246.0 233.0 266.0 Grasp 0
294.0 344.0 284.0 399.0 255.0 394.0 266.0 339.0 Grasp 0
486.0 257.0 457.0 225.0 478.0 206.0 507.0 238.0 Grasp 0
242.0 341.0 215.0 409.0 188.0 399.0 215.0 330.0 Grasp 0
363.0 93.0 313.0 38.0 335.0 19.0 384.0 73.0 Grasp 0
311.0 128.0 280.0 95.0 302.0 75.0 332.0 108.0 Grasp 0
205.0 282.0 179.0 262.0 196.0 239.0 222.0 259.0 Grasp 0
298.0 144.0 269.0 130.0 282.0 104.0 311.0 119.0 Grasp 0
507.0 233.0 474.0 209.0 492.0 185.0 525.0 210.0 Grasp 0
303.0 129.0 272.0 105.0 289.0 82.0 320.0 106.0 Grasp 0
350.0 392.0 309.0 361.0 327.0 338.0 367.0 369.0 Grasp 0
283.0 357.0 283.0 416.0 254.0 416.0 254.0 357.0 Grasp 0
337.0 125.0 290.0 89.0 307.0 67.0 354.0 103.0 Grasp 0
223.0 334.0 209.0 405.0 182.0 400.0 195.0 329.0 Grasp 0
327.0 109.0 293.0 54.0 317.0 39.0 351.0 94.0 Grasp 0
313.0 113.0 294.0 66.0 321.0 56.0 339.0 103.0 Grasp 0
498.0 263.0 468.0 231.0 490.0 211.0 519.0 243.0 Grasp 0
313.0 137.0 281.0 128.0 289.0 101.0 321.0 110.0 Grasp 0
510.0 208.0 473.0 190.0 485.0 164.0 523.0 183.0 Grasp 0
367.0 188.0 348.0 291.0 320.0 285.0 339.0 183.0 Grasp 0
339.0 102.0 302.0 43.0 327.0 28.0 364.0 87.0 Grasp 0
372.0 93.0 359.0 21.0 387.0 15.0 400.0 88.0 Grasp 0
379.0 77.0 321.0 33.0 338.0 11.0 396.0 55.0 Grasp 0
263.0 170.0 226.0 173.0 223.0 145.0 260.0 141.0 Grasp 0
246.0 345.0 234.0 412.0 206.0 407.0 218.0 340.0 Grasp 0
344.0 398.0 318.0 355.0 342.0 340.0 369.0 383.0 Grasp 0
502.0 233.0 464.0 214.0 476.0 188.0 515.0 207.0 Grasp 0
263.0 176.0 228.0 186.0 220.0 158.0 255.0 148.0 Grasp 0
273.0 343.0 262.0 400.0 234.0 395.0 245.0 337.0 Grasp 0
390.0 93.0 340.0 38.0 361.0 18.0 411.0 74.0 Grasp 0
407.0 15.0 407.0 83.0 378.0 83.0 378.0 15.0 Grasp 0
172.0 407.0 147.0 344.0 174.0 334.0 198.0 396.0 Grasp 0
334.0 398.0 307.0 354.0 331.0 339.0 358.0 383.0 Grasp 0
299.0 356.0 288.0 412.0 260.0 407.0 270.0 351.0 Grasp 0
185.0 408.0 158.0 339.0 185.0 329.0 212.0 398.0 Grasp 0
302.0 111.0 283.0 62.0 310.0 51.0 329.0 100.0 Grasp 0
514.0 192.0 474.0 181.0 482.0 154.0 521.0 165.0 Grasp 0
506.0 251.0 472.0 225.0 489.0 202.0 523.0 228.0 Grasp 0
194.0 399.0 168.0 330.0 194.0 320.0 221.0 388.0 Grasp 0
361.0 399.0 326.0 361.0 348.0 342.0 382.0 380.0 Grasp 0
318.0 397.0 291.0 353.0 315.0 338.0 342.0 382.0 Grasp 0
308.0 397.0 271.0 356.0 293.0 336.0 330.0 377.0 Grasp 0
315.0 135.0 283.0 110.0 300.0 88.0 332.0 112.0 Grasp 0
394.0 65.0 338.0 23.0 355.0 1.0 411.0 43.0 Grasp 0
318.0 408.0 291.0 365.0 316.0 350.0 342.0 393.0 Grasp 0
291.0 353.0 260.0 404.0 235.0 388.0 266.0 338.0 Grasp 0
323.0 407.0 314.0 356.0 342.0 351.0 351.0 402.0 Grasp 0
282.0 343.0 272.0 400.0 244.0 395.0 254.0 338.0 Grasp 0
368.0 106.0 312.0 64.0 329.0 41.0 385.0 83.0 Grasp 0
244.0 327.0 205.0 391.0 181.0 376.0 220.0 313.0 Grasp 0
385.0 107.0 327.0 63.0 344.0 41.0 402.0 84.0 Grasp 0
305.0 352.0 305.0 407.0 276.0 407.0 276.0 352.0 Grasp 0
374.0 94.0 324.0 39.0 345.0 19.0 395.0 74.0 Grasp 0
406.0 80.0 348.0 36.0 365.0 13.0 423.0 57.0 Grasp 0
508.0 268.0 478.0 236.0 500.0 216.0 529.0 248.0 Grasp 0
506.0 221.0 473.0 196.0 491.0 173.0 523.0 198.0 Grasp 0
224.0 318.0 224.0 392.0 195.0 392.0 195.0 318.0 Grasp 0
262.0 336.0 250.0 399.0 222.0 394.0 234.0 331.0 Grasp 0
497.0 280.0 474.0 242.0 499.0 227.0 522.0 264.0 Grasp 0
506.0 214.0 468.0 203.0 476.0 175.0 513.0 186.0 Grasp 0
207.0 325.0 184.0 386.0 156.0 375.0 180.0 314.0 Grasp 0
479.0 284.0 463.0 243.0 491.0 233.0 506.0 273.0 Grasp 0
195.0 323.0 195.0 391.0 167.0 391.0 167.0 323.0 Grasp 0
282.0 392.0 272.0 338.0 300.0 333.0 310.0 386.0 Grasp 0
337.0 355.0 337.0 407.0 308.0 407.0 308.0 355.0 Grasp 0
299.0 134.0 268.0 119.0 281.0 93.0 312.0 108.0 Grasp 0
