615.0 216.0 615.0 281.0 583.0 281.0 583.0 216.0 Grasp 0
373.0 344.0 359.0 270.0 386.0 265.0 400.0 339.0 Grasp 0
330.0 285.0 296.0 341.0 271.0 326.0 306.0 270.0 Grasp 0
353.0 275.0 341.0 342.0 312.0 337.0 325.0 270.0 Grasp 0
363.0 268.0 351.0 337.0 323.0 331.0 336.0 263.0 Grasp 0
602.0 215.0 602.0 281.0 571.0 281.0 571.0 215.0 Grasp 0
512.0 188.0 425.0 213.0 417.0 183.0 504.0 158.0 Grasp 0
363.0 358.0 349.0 281.0 377.0 276.0 391.0 352.0 Grasp 0
342.0 275.0 318.0 337.0 291.0 327.0 315.0 265.0 Grasp 0
374.0 261.0 374.0 333.0 345.0 333.0 345.0 261.0 Grasp 0
363.0 276.0 363.0 346.0 334.0 346.0 334.0 276.0 Grasp 0
374.0 285.0 374.0 359.0 345.0 359.0 345.0 285.0 Grasp 0
585.0 256.0 562.0 196.0 591.0 184.0 614.0 245.0 Grasp 0
542.0 214.0 526.0 300.0 495.0 294.0 511.0 208.0 Grasp 0
516.0 200.0 446.0 253.0 427.0 228.0 497.0 175.0 Grasp 0
578.0 273.0 554.0 212.0 583.0 201.0 607.0 262.0 Grasp 0
508.0 169.0 416.0 177.0 413.0 147.0 505.0 139.0 Grasp 0
325.0 276.0 291.0 330.0 267.0 315.0 300.0 261.0 Grasp 0
591.0 207.0 591.0 278.0 560.0 278.0 560.0 207.0 Grasp 0
244.0 327.0 215.0 280.0 239.0 264.0 269.0 312.0 Grasp 0
311.0 283.0 269.0 329.0 247.0 309.0 290.0 263.0 Grasp 0
297.0 245.0 219.0 186.0 237.0 162.0 315.0 221.0 Grasp 0
312.0 221.0 233.0 182.0 246.0 155.0 325.0 195.0 Grasp 0
562.0 207.0 562.0 290.0 531.0 290.0 531.0 207.0 Grasp 0
546.0 275.0 531.0 191.0 562.0 185.0 578.0 269.0 Grasp 0
567.0 264.0 541.0 197.0 570.0 186.0 596.0 253.0 Grasp 0
348.0 265.0 336.0 331.0 307.0 326.0 320.0 260.0 Grasp 0
221.0 324.0 200.0 269.0 227.0 258.0 249.0 314.0 Grasp 0
491.0 194.0 406.0 202.0 403.0 172.0 488.0 164.0 Grasp 0
