598.0 77.0 511.0 173.0 488.0 152.0 576.0 56.0 Grasp 0
355.0 188.0 287.0 113.0 309.0 93.0 377.0 168.0 Grasp 0
401.0 407.0 360.0 438.0 343.0 415.0 384.0 384.0 Grasp 0
420.0 100.0 406.0 174.0 377.0 169.0 391.0 94.0 Grasp 0
482.0 125.0 459.0 63.0 486.0 52.0 510.0 114.0 Grasp 0
437.0 325.0 380.0 309.0 388.0 280.0 445.0 296.0 Grasp 0
446.0 302.0 390.0 286.0 398.0 257.0 454.0 273.0 Grasp 0
263.0 289.0 175.0 297.0 172.0 269.0 260.0 261.0 Grasp 0
373.0 190.0 303.0 113.0 325.0 93.0 395.0 170.0 Grasp 0
523.0 222.0 499.0 158.0 527.0 148.0 551.0 212.0 Grasp 0
330.0 341.0 320.0 397.0 292.0 392.0 302.0 336.0 Grasp 0
434.0 315.0 387.0 292.0 400.0 265.0 448.0 288.0 Grasp 0
322.0 339.0 304.0 385.0 277.0 374.0 295.0 329.0 Grasp 0
448.0 288.0 397.0 263.0 410.0 236.0 461.0 261.0 Grasp 0
370.0 182.0 343.0 114.0 371.0 103.0 397.0 172.0 Grasp 0
423.0 111.0 423.0 169.0 393.0 169.0 393.0 111.0 Grasp 0
189.0 218.0 189.0 283.0 160.0 283.0 160.0 218.0 Grasp 0
447.0 286.0 399.0 233.0 421.0 213.0 469.0 266.0 Grasp 0
408.0 416.0 383.0 444.0 362.0 425.0 387.0 397.0 Grasp 0
443.0 297.0 395.0 244.0 417.0 224.0 465.0 277.0 Grasp 0
284.0 303.0 231.0 330.0 218.0 304.0 272.0 277.0 Grasp 0
396.0 404.0 343.0 430.0 330.0 404.0 383.0 378.0 Grasp 0
352.0 356.0 341.0 413.0 313.0 408.0 324.0 351.0 Grasp 0
428.0 342.0 373.0 327.0 381.0 298.0 436.0 313.0 Grasp 0
329.0 423.0 329.0 353.0 357.0 353.0 357.0 423.0 Grasp 0
313.0 338.0 290.0 375.0 266.0 360.0 289.0 323.0 Grasp 0
478.0 147.0 410.0 181.0 397.0 153.0 464.0 120.0 Grasp 0
602.0 143.0 519.0 151.0 516.0 121.0 599.0 113.0 Grasp 0
283.0 317.0 253.0 340.0 235.0 317.0 266.0 294.0 Grasp 0
471.0 247.0 420.0 222.0 434.0 195.0 485.0 220.0 Grasp 0
453.0 276.0 402.0 251.0 416.0 224.0 467.0 249.0 Grasp 0
464.0 129.0 442.0 72.0 470.0 62.0 492.0 118.0 Grasp 0
202.0 240.0 202.0 160.0 231.0 160.0 231.0 240.0 Grasp 0
220.0 246.0 204.0 159.0 233.0 154.0 249.0 240.0 Grasp 0
176.0 221.0 167.0 271.0 139.0 266.0 148.0 216.0 Grasp 0
413.0 354.0 373.0 334.0 386.0 308.0 426.0 327.0 Grasp 0
285.0 301.0 255.0 334.0 234.0 315.0 264.0 282.0 Grasp 0
473.0 269.0 396.0 276.0 393.0 246.0 470.0 239.0 Grasp 0
373.0 178.0 361.0 114.0 390.0 108.0 402.0 172.0 Grasp 0
484.0 243.0 424.0 213.0 437.0 186.0 497.0 216.0 Grasp 0
467.0 281.0 390.0 288.0 388.0 258.0 464.0 251.0 Grasp 0
386.0 396.0 319.0 415.0 312.0 387.0 378.0 368.0 Grasp 0
546.0 59.0 520.0 126.0 492.0 115.0 518.0 48.0 Grasp 0
529.0 59.0 517.0 124.0 488.0 118.0 500.0 53.0 Grasp 0
460.0 293.0 386.0 300.0 383.0 270.0 458.0 263.0 Grasp 0
617.0 121.0 524.0 148.0 515.0 119.0 609.0 92.0 Grasp 0
270.0 296.0 200.0 315.0 192.0 288.0 262.0 268.0 Grasp 0
588.0 166.0 511.0 159.0 514.0 129.0 591.0 136.0 Grasp 0
505.0 230.0 480.0 165.0 508.0 154.0 533.0 219.0 Grasp 0
267.0 278.0 183.0 286.0 180.0 257.0 264.0 250.0 Grasp 0
192.0 312.0 175.0 221.0 203.0 216.0 220.0 306.0 Grasp 0
459.0 258.0 412.0 235.0 426.0 208.0 472.0 231.0 Grasp 0
247.0 253.0 210.0 158.0 238.0 147.0 275.0 242.0 Grasp 0
446.0 325.0 373.0 332.0 370.0 302.0 443.0 295.0 Grasp 0
276.0 297.0 220.0 325.0 207.0 300.0 263.0 272.0 Grasp 0
454.0 309.0 379.0 316.0 376.0 286.0 451.0 279.0 Grasp 0
591.0 69.0 533.0 134.0 511.0 114.0 569.0 49.0 Grasp 0
486.0 134.0 435.0 78.0 457.0 58.0 508.0 114.0 Grasp 0
501.0 160.0 463.0 62.0 491.0 51.0 529.0 149.0 Grasp 0
180.0 212.0 180.0 278.0 152.0 278.0 152.0 212.0 Grasp 0
535.0 219.0 489.0 169.0 511.0 149.0 557.0 199.0 Grasp 0
305.0 323.0 279.0 365.0 255.0 350.0 281.0 308.0 Grasp 0
283.0 313.0 194.0 304.0 197.0 276.0 286.0 284.0 Grasp 0
342.0 348.0 331.0 404.0 303.0 399.0 314.0 342.0 Grasp 0
598.0 127.0 476.0 138.0 473.0 108.0 596.0 97.0 Grasp 0
266.0 254.0 234.0 170.0 262.0 160.0 294.0 243.0 Grasp 0
496.0 256.0 414.0 233.0 422.0 204.0 505.0 227.0 Grasp 0
520.0 151.0 503.0 243.0 474.0 237.0 491.0 145.0 Grasp 0
422.0 334.0 381.0 314.0 395.0 287.0 435.0 307.0 Grasp 0
480.0 143.0 408.0 108.0 422.0 81.0 493.0 117.0 Grasp 0
503.0 176.0 435.0 227.0 417.0 202.0 485.0 151.0 Grasp 0
607.0 100.0 520.0 124.0 512.0 96.0 599.0 71.0 Grasp 0
176.0 300.0 160.0 215.0 188.0 209.0 204.0 295.0 Grasp 0
