342.0 190.0 252.0 182.0 255.0 151.0 345.0 160.0 Grasp 0
122.0 148.0 107.0 66.0 136.0 61.0 151.0 143.0 Grasp 0
343.0 203.0 249.0 194.0 252.0 163.0 346.0 172.0 Grasp 0
568.0 122.0 527.0 91.0 545.0 67.0 586.0 97.0 Grasp 0
66.0 172.0 33.0 87.0 60.0 76.0 93.0 161.0 Grasp 0
343.0 151.0 260.0 159.0 257.0 128.0 340.0 121.0 Grasp 0
147.0 141.0 118.0 66.0 145.0 56.0 174.0 130.0 Grasp 0
218.0 23.0 218.0 126.0 188.0 126.0 188.0 23.0 Grasp 0
338.0 169.0 260.0 146.0 268.0 117.0 346.0 139.0 Grasp 0
186.0 127.0 171.0 49.0 200.0 43.0 215.0 122.0 Grasp 0
196.0 43.0 196.0 134.0 166.0 134.0 166.0 43.0 Grasp 0
86.0 165.0 53.0 80.0 81.0 69.0 113.0 154.0 Grasp 0
149.0 138.0 136.0 66.0 165.0 60.0 178.0 132.0 Grasp 0
339.0 181.0 256.0 157.0 264.0 128.0 347.0 151.0 Grasp 0
228.0 13.0 228.0 122.0 199.0 122.0 199.0 13.0 Grasp 0
562.0 158.0 509.0 100.0 532.0 80.0 584.0 137.0 Grasp 0
548.0 160.0 492.0 118.0 511.0 93.0 566.0 135.0 Grasp 0
91.0 162.0 73.0 70.0 102.0 65.0 119.0 157.0 Grasp 0
377.0 55.0 314.0 103.0 296.0 80.0 360.0 32.0 Grasp 0
143.0 120.0 67.0 62.0 85.0 39.0 161.0 97.0 Grasp 0
241.0 91.0 193.0 56.0 211.0 32.0 258.0 68.0 Grasp 0
72.0 154.0 38.0 64.0 65.0 54.0 100.0 143.0 Grasp 0
562.0 143.0 489.0 106.0 502.0 79.0 576.0 115.0 Grasp 0
108.0 157.0 76.0 75.0 103.0 64.0 135.0 147.0 Grasp 0
166.0 134.0 140.0 68.0 167.0 57.0 193.0 123.0 Grasp 0
111.0 155.0 95.0 66.0 123.0 61.0 140.0 150.0 Grasp 0
571.0 133.0 510.0 102.0 524.0 75.0 585.0 106.0 Grasp 0
236.0 121.0 165.0 86.0 178.0 59.0 249.0 95.0 Grasp 0
