483.0 334.0 431.0 277.0 454.0 256.0 506.0 313.0 Grasp 0
402.0 373.0 375.0 303.0 405.0 292.0 432.0 361.0 Grasp 0
376.0 388.0 333.0 318.0 360.0 301.0 403.0 372.0 Grasp 0
450.0 353.0 411.0 290.0 438.0 273.0 476.0 336.0 Grasp 0
519.0 326.0 402.0 292.0 411.0 262.0 528.0 295.0 Grasp 0
324.0 143.0 297.0 99.0 323.0 84.0 350.0 128.0 Grasp 0
534.0 283.0 477.0 240.0 495.0 216.0 552.0 259.0 Grasp 0
376.0 223.0 294.0 216.0 296.0 187.0 379.0 195.0 Grasp 0
538.0 271.0 486.0 232.0 504.0 208.0 557.0 248.0 Grasp 0
516.0 312.0 451.0 262.0 470.0 237.0 535.0 287.0 Grasp 0
241.0 344.0 213.0 272.0 240.0 262.0 268.0 334.0 Grasp 0
389.0 376.0 363.0 307.0 392.0 296.0 419.0 364.0 Grasp 0
366.0 234.0 278.0 226.0 281.0 197.0 369.0 206.0 Grasp 0
470.0 347.0 415.0 286.0 438.0 265.0 494.0 325.0 Grasp 0
341.0 136.0 305.0 77.0 331.0 61.0 367.0 120.0 Grasp 0
234.0 347.0 201.0 294.0 226.0 279.0 259.0 332.0 Grasp 0
430.0 366.0 388.0 299.0 415.0 282.0 457.0 349.0 Grasp 0
495.0 321.0 447.0 268.0 470.0 247.0 518.0 300.0 Grasp 0
441.0 359.0 400.0 291.0 426.0 275.0 468.0 342.0 Grasp 0
442.0 372.0 361.0 311.0 380.0 285.0 461.0 346.0 Grasp 0
526.0 296.0 465.0 251.0 484.0 226.0 544.0 272.0 Grasp 0
246.0 339.0 229.0 250.0 258.0 245.0 274.0 333.0 Grasp 0
430.0 178.0 351.0 186.0 348.0 157.0 428.0 150.0 Grasp 0
354.0 383.0 329.0 319.0 358.0 308.0 383.0 371.0 Grasp 0
362.0 126.0 321.0 81.0 343.0 61.0 385.0 106.0 Grasp 0
358.0 245.0 267.0 236.0 270.0 208.0 361.0 216.0 Grasp 0
412.0 369.0 385.0 298.0 414.0 287.0 441.0 358.0 Grasp 0
395.0 207.0 314.0 199.0 317.0 171.0 397.0 178.0 Grasp 0
403.0 197.0 340.0 191.0 343.0 162.0 406.0 168.0 Grasp 0
540.0 264.0 498.0 217.0 520.0 197.0 562.0 244.0 Grasp 0
255.0 329.0 238.0 242.0 267.0 237.0 283.0 324.0 Grasp 0
362.0 246.0 245.0 257.0 243.0 228.0 360.0 217.0 Grasp 0
466.0 150.0 355.0 182.0 348.0 154.0 458.0 123.0 Grasp 0
231.0 351.0 192.0 308.0 213.0 288.0 253.0 332.0 Grasp 0
