417.0 104.0 385.0 113.0 377.0 83.0 409.0 74.0 Grasp 0
195.0 248.0 183.0 185.0 213.0 179.0 225.0 243.0 Grasp 0
614.0 68.0 584.0 76.0 576.0 46.0 606.0 38.0 Grasp 0
284.0 375.0 240.0 326.0 261.0 306.0 306.0 356.0 Grasp 0
454.0 158.0 426.0 204.0 399.0 187.0 428.0 142.0 Grasp 0
502.0 151.0 502.0 213.0 470.0 213.0 470.0 151.0 Grasp 0
342.0 219.0 302.0 263.0 279.0 243.0 320.0 199.0 Grasp 0
581.0 203.0 536.0 153.0 559.0 132.0 604.0 182.0 Grasp 0
511.0 318.0 496.0 329.0 478.0 306.0 493.0 295.0 Grasp 0
272.0 213.0 239.0 265.0 213.0 249.0 246.0 197.0 Grasp 0
477.0 161.0 465.0 225.0 434.0 219.0 446.0 155.0 Grasp 0
607.0 167.0 568.0 148.0 582.0 120.0 621.0 139.0 Grasp 0
618.0 94.0 586.0 97.0 583.0 66.0 615.0 63.0 Grasp 0
419.0 122.0 391.0 136.0 377.0 108.0 405.0 94.0 Grasp 0
545.0 220.0 522.0 161.0 551.0 149.0 574.0 208.0 Grasp 0
348.0 250.0 303.0 272.0 289.0 246.0 334.0 223.0 Grasp 0
320.0 235.0 275.0 269.0 257.0 245.0 302.0 210.0 Grasp 0
433.0 147.0 409.0 174.0 386.0 153.0 410.0 126.0 Grasp 0
563.0 203.0 539.0 143.0 568.0 131.0 592.0 192.0 Grasp 0
307.0 184.0 284.0 242.0 255.0 231.0 278.0 173.0 Grasp 0
315.0 206.0 274.0 251.0 251.0 231.0 292.0 186.0 Grasp 0
481.0 150.0 481.0 215.0 450.0 215.0 450.0 150.0 Grasp 0
328.0 203.0 298.0 252.0 271.0 236.0 302.0 187.0 Grasp 0
236.0 173.0 204.0 225.0 178.0 208.0 210.0 156.0 Grasp 0
418.0 82.0 385.0 79.0 387.0 48.0 420.0 51.0 Grasp 0
538.0 219.0 506.0 167.0 533.0 151.0 565.0 202.0 Grasp 0
285.0 181.0 262.0 240.0 233.0 229.0 256.0 170.0 Grasp 0
587.0 189.0 554.0 136.0 581.0 120.0 614.0 172.0 Grasp 0
603.0 38.0 575.0 59.0 556.0 35.0 584.0 14.0 Grasp 0
232.0 190.0 210.0 248.0 180.0 236.0 203.0 179.0 Grasp 0
416.0 71.0 382.0 61.0 391.0 31.0 425.0 41.0 Grasp 0
424.0 139.0 394.0 154.0 380.0 126.0 410.0 111.0 Grasp 0
310.0 226.0 263.0 261.0 245.0 237.0 291.0 201.0 Grasp 0
428.0 210.0 428.0 148.0 459.0 148.0 459.0 210.0 Grasp 0
265.0 185.0 234.0 236.0 208.0 220.0 239.0 169.0 Grasp 0
562.0 215.0 528.0 160.0 554.0 143.0 589.0 199.0 Grasp 0
256.0 202.0 234.0 259.0 204.0 248.0 227.0 191.0 Grasp 0
619.0 150.0 581.0 131.0 595.0 103.0 633.0 121.0 Grasp 0
611.0 356.0 606.0 370.0 579.0 360.0 585.0 345.0 Grasp 0
302.0 203.0 280.0 259.0 252.0 248.0 274.0 192.0 Grasp 0
560.0 337.0 549.0 349.0 528.0 330.0 539.0 318.0 Grasp 0
513.0 154.0 513.0 210.0 482.0 210.0 482.0 154.0 Grasp 0
612.0 116.0 580.0 113.0 583.0 82.0 615.0 85.0 Grasp 0
285.0 196.0 263.0 254.0 234.0 243.0 257.0 185.0 Grasp 0
515.0 329.0 498.0 334.0 490.0 306.0 507.0 302.0 Grasp 0
292.0 219.0 251.0 264.0 229.0 243.0 270.0 198.0 Grasp 0
249.0 372.0 225.0 311.0 253.0 300.0 276.0 361.0 Grasp 0
416.0 88.0 382.0 92.0 379.0 60.0 413.0 57.0 Grasp 0
535.0 328.0 521.0 339.0 504.0 316.0 518.0 305.0 Grasp 0
519.0 220.0 499.0 168.0 528.0 157.0 548.0 209.0 Grasp 0
612.0 157.0 573.0 137.0 587.0 109.0 626.0 129.0 Grasp 0
274.0 173.0 251.0 230.0 223.0 219.0 245.0 161.0 Grasp 0
267.0 377.0 232.0 321.0 257.0 305.0 292.0 362.0 Grasp 0
255.0 167.0 232.0 224.0 203.0 213.0 225.0 155.0 Grasp 0
547.0 193.0 523.0 132.0 552.0 121.0 576.0 182.0 Grasp 0
621.0 78.0 588.0 81.0 585.0 49.0 618.0 46.0 Grasp 0
296.0 190.0 274.0 248.0 245.0 237.0 268.0 179.0 Grasp 0
278.0 196.0 245.0 248.0 219.0 232.0 252.0 179.0 Grasp 0
613.0 169.0 576.0 141.0 595.0 116.0 633.0 144.0 Grasp 0
532.0 163.0 532.0 218.0 500.0 218.0 500.0 163.0 Grasp 0
242.0 380.0 219.0 320.0 247.0 309.0 270.0 369.0 Grasp 0
313.0 196.0 291.0 254.0 262.0 243.0 284.0 185.0 Grasp 0
329.0 256.0 284.0 279.0 270.0 251.0 316.0 229.0 Grasp 0
569.0 339.0 557.0 352.0 536.0 333.0 548.0 320.0 Grasp 0
447.0 149.0 421.0 190.0 395.0 174.0 420.0 133.0 Grasp 0
239.0 197.0 227.0 259.0 196.0 253.0 208.0 191.0 Grasp 0
364.0 283.0 343.0 249.0 367.0 234.0 388.0 268.0 Grasp 0
458.0 164.0 438.0 216.0 408.0 204.0 428.0 153.0 Grasp 0
269.0 375.0 258.0 313.0 287.0 308.0 299.0 370.0 Grasp 0
546.0 157.0 525.0 211.0 496.0 199.0 517.0 146.0 Grasp 0
262.0 377.0 219.0 330.0 240.0 310.0 283.0 357.0 Grasp 0
328.0 215.0 298.0 263.0 272.0 247.0 302.0 199.0 Grasp 0
620.0 130.0 583.0 119.0 592.0 89.0 629.0 99.0 Grasp 0
610.0 55.0 577.0 65.0 569.0 35.0 601.0 25.0 Grasp 0
294.0 371.0 260.0 316.0 285.0 300.0 319.0 355.0 Grasp 0
422.0 49.0 387.0 39.0 395.0 9.0 431.0 19.0 Grasp 0
611.0 81.0 582.0 89.0 573.0 59.0 603.0 51.0 Grasp 0
596.0 193.0 540.0 151.0 559.0 126.0 615.0 168.0 Grasp 0
353.0 220.0 314.0 262.0 292.0 242.0 330.0 199.0 Grasp 0
350.0 267.0 303.0 280.0 295.0 251.0 342.0 238.0 Grasp 0
544.0 333.0 530.0 343.0 513.0 320.0 526.0 310.0 Grasp 0
520.0 325.0 506.0 335.0 489.0 312.0 503.0 302.0 Grasp 0
339.0 203.0 309.0 252.0 283.0 236.0 313.0 187.0 Grasp 0
422.0 60.0 387.0 51.0 396.0 21.0 431.0 30.0 Grasp 0
259.0 364.0 247.0 301.0 276.0 296.0 288.0 359.0 Grasp 0
605.0 64.0 574.0 73.0 566.0 43.0 597.0 34.0 Grasp 0
577.0 245.0 564.0 259.0 543.0 240.0 556.0 226.0 Grasp 0
627.0 90.0 594.0 93.0 591.0 61.0 624.0 58.0 Grasp 0
317.0 223.0 286.0 273.0 260.0 257.0 291.0 207.0 Grasp 0
469.0 153.0 446.0 213.0 417.0 202.0 440.0 142.0 Grasp 0
