397.0 197.0 339.0 104.0 365.0 88.0 423.0 181.0 Grasp 0
549.0 116.0 482.0 66.0 499.0 42.0 566.0 93.0 Grasp 0
392.0 47.0 339.0 87.0 321.0 64.0 374.0 24.0 Grasp 0
440.0 81.0 372.0 100.0 364.0 71.0 432.0 52.0 Grasp 0
595.0 303.0 533.0 349.0 516.0 326.0 577.0 280.0 Grasp 0
574.0 135.0 492.0 95.0 505.0 69.0 587.0 109.0 Grasp 0
606.0 158.0 528.0 98.0 546.0 75.0 624.0 134.0 Grasp 0
256.0 97.0 213.0 118.0 200.0 92.0 243.0 71.0 Grasp 0
571.0 151.0 506.0 145.0 509.0 116.0 574.0 122.0 Grasp 0
438.0 150.0 365.0 95.0 384.0 70.0 457.0 125.0 Grasp 0
423.0 65.0 369.0 91.0 356.0 64.0 409.0 37.0 Grasp 0
409.0 182.0 336.0 127.0 354.0 103.0 428.0 158.0 Grasp 0
589.0 136.0 506.0 159.0 498.0 131.0 581.0 107.0 Grasp 0
405.0 186.0 347.0 92.0 373.0 76.0 431.0 170.0 Grasp 0
384.0 39.0 331.0 79.0 313.0 56.0 367.0 16.0 Grasp 0
567.0 256.0 516.0 312.0 495.0 292.0 546.0 236.0 Grasp 0
260.0 118.0 217.0 139.0 204.0 113.0 247.0 92.0 Grasp 0
408.0 64.0 342.0 97.0 329.0 71.0 395.0 38.0 Grasp 0
575.0 118.0 498.0 80.0 511.0 54.0 588.0 92.0 Grasp 0
364.0 20.0 323.0 66.0 302.0 46.0 343.0 1.0 Grasp 0
274.0 146.0 204.0 223.0 182.0 204.0 253.0 126.0 Grasp 0
568.0 155.0 488.0 95.0 506.0 71.0 585.0 131.0 Grasp 0
462.0 114.0 389.0 58.0 407.0 34.0 480.0 89.0 Grasp 0
556.0 172.0 492.0 101.0 513.0 82.0 578.0 152.0 Grasp 0
264.0 144.0 201.0 175.0 189.0 149.0 252.0 118.0 Grasp 0
567.0 269.0 515.0 325.0 494.0 305.0 545.0 249.0 Grasp 0
376.0 30.0 322.0 70.0 305.0 47.0 359.0 7.0 Grasp 0
464.0 119.0 375.0 75.0 389.0 48.0 477.0 92.0 Grasp 0
301.0 147.0 209.0 216.0 191.0 193.0 283.0 123.0 Grasp 0
601.0 288.0 564.0 347.0 539.0 332.0 576.0 272.0 Grasp 0
421.0 168.0 353.0 93.0 375.0 73.0 444.0 148.0 Grasp 0
