572.0 90.0 560.0 155.0 530.0 150.0 542.0 84.0 Grasp 0
217.0 325.0 161.0 341.0 153.0 313.0 209.0 297.0 Grasp 0
184.0 227.0 120.0 232.0 117.0 203.0 182.0 197.0 Grasp 0
217.0 271.0 151.0 265.0 154.0 235.0 220.0 242.0 Grasp 0
361.0 403.0 339.0 379.0 361.0 358.0 383.0 383.0 Grasp 0
547.0 65.0 547.0 136.0 517.0 136.0 517.0 65.0 Grasp 0
208.0 297.0 151.0 314.0 143.0 285.0 200.0 269.0 Grasp 0
191.0 242.0 128.0 260.0 120.0 231.0 183.0 213.0 Grasp 0
391.0 389.0 377.0 354.0 405.0 344.0 418.0 379.0 Grasp 0
201.0 231.0 140.0 249.0 132.0 220.0 193.0 203.0 Grasp 0
215.0 253.0 153.0 271.0 145.0 242.0 207.0 225.0 Grasp 0
322.0 407.0 301.0 384.0 322.0 364.0 343.0 388.0 Grasp 0
313.0 424.0 295.0 396.0 321.0 381.0 338.0 408.0 Grasp 0
408.0 57.0 387.0 68.0 373.0 41.0 395.0 30.0 Grasp 0
334.0 415.0 318.0 388.0 343.0 373.0 359.0 399.0 Grasp 0
221.0 196.0 206.0 117.0 236.0 112.0 250.0 191.0 Grasp 0
234.0 314.0 179.0 329.0 171.0 301.0 225.0 286.0 Grasp 0
222.0 287.0 158.0 281.0 160.0 252.0 224.0 258.0 Grasp 0
511.0 134.0 497.0 59.0 527.0 54.0 541.0 128.0 Grasp 0
559.0 72.0 559.0 145.0 529.0 145.0 529.0 72.0 Grasp 0
226.0 269.0 165.0 287.0 156.0 259.0 218.0 241.0 Grasp 0
351.0 415.0 328.0 390.0 351.0 369.0 374.0 394.0 Grasp 0
203.0 241.0 145.0 270.0 131.0 243.0 189.0 214.0 Grasp 0
221.0 299.0 165.0 315.0 157.0 286.0 213.0 270.0 Grasp 0
559.0 155.0 546.0 85.0 576.0 79.0 590.0 150.0 Grasp 0
225.0 251.0 173.0 290.0 156.0 266.0 207.0 228.0 Grasp 0
529.0 147.0 502.0 80.0 531.0 69.0 557.0 136.0 Grasp 0
218.0 237.0 155.0 254.0 147.0 226.0 210.0 208.0 Grasp 0
236.0 294.0 182.0 321.0 169.0 295.0 223.0 268.0 Grasp 0
206.0 232.0 143.0 227.0 146.0 197.0 208.0 203.0 Grasp 0
217.0 281.0 161.0 297.0 153.0 269.0 209.0 253.0 Grasp 0
546.0 142.0 520.0 75.0 548.0 64.0 574.0 131.0 Grasp 0
207.0 249.0 146.0 231.0 154.0 203.0 215.0 220.0 Grasp 0
204.0 263.0 147.0 292.0 134.0 265.0 191.0 237.0 Grasp 0
562.0 132.0 521.0 66.0 547.0 50.0 588.0 116.0 Grasp 0
596.0 35.0 570.0 42.0 562.0 13.0 588.0 6.0 Grasp 0
482.0 142.0 456.0 75.0 484.0 65.0 510.0 132.0 Grasp 0
227.0 100.0 227.0 175.0 197.0 175.0 197.0 100.0 Grasp 0
611.0 41.0 581.0 43.0 578.0 13.0 608.0 10.0 Grasp 0
492.0 139.0 479.0 73.0 509.0 67.0 521.0 134.0 Grasp 0
586.0 102.0 572.0 92.0 589.0 68.0 603.0 79.0 Grasp 0
207.0 245.0 162.0 293.0 140.0 273.0 185.0 224.0 Grasp 0
578.0 126.0 568.0 111.0 594.0 95.0 603.0 110.0 Grasp 0
284.0 113.0 268.0 200.0 239.0 195.0 255.0 108.0 Grasp 0
381.0 402.0 355.0 382.0 373.0 358.0 399.0 378.0 Grasp 0
339.0 408.0 317.0 383.0 339.0 363.0 361.0 388.0 Grasp 0
503.0 142.0 489.0 71.0 519.0 66.0 532.0 136.0 Grasp 0
406.0 35.0 384.0 28.0 392.0 0.0 414.0 6.0 Grasp 0
247.0 329.0 191.0 357.0 178.0 330.0 234.0 303.0 Grasp 0
603.0 79.0 585.0 74.0 593.0 45.0 611.0 50.0 Grasp 0
231.0 292.0 166.0 298.0 163.0 269.0 229.0 263.0 Grasp 0
268.0 103.0 252.0 188.0 222.0 182.0 238.0 98.0 Grasp 0
