429.0 47.0 385.0 95.0 364.0 76.0 408.0 28.0 Grasp 0
330.0 273.0 279.0 248.0 293.0 222.0 343.0 247.0 Grasp 0
442.0 84.0 399.0 116.0 382.0 93.0 425.0 61.0 Grasp 0
365.0 235.0 336.0 203.0 358.0 183.0 387.0 214.0 Grasp 0
343.0 332.0 331.0 401.0 301.0 395.0 314.0 327.0 Grasp 0
413.0 195.0 390.0 169.0 414.0 148.0 437.0 173.0 Grasp 0
372.0 326.0 372.0 390.0 342.0 390.0 342.0 326.0 Grasp 0
382.0 366.0 365.0 324.0 392.0 313.0 409.0 356.0 Grasp 0
376.0 302.0 376.0 368.0 346.0 368.0 346.0 302.0 Grasp 0
388.0 187.0 366.0 164.0 388.0 144.0 409.0 168.0 Grasp 0
266.0 187.0 244.0 197.0 232.0 172.0 253.0 161.0 Grasp 0
426.0 179.0 410.0 161.0 433.0 140.0 449.0 157.0 Grasp 0
374.0 228.0 348.0 200.0 370.0 180.0 396.0 208.0 Grasp 0
348.0 330.0 348.0 395.0 318.0 395.0 318.0 330.0 Grasp 0
347.0 261.0 306.0 240.0 320.0 213.0 361.0 233.0 Grasp 0
373.0 200.0 349.0 173.0 370.0 153.0 395.0 180.0 Grasp 0
389.0 205.0 366.0 179.0 388.0 159.0 411.0 185.0 Grasp 0
346.0 244.0 307.0 224.0 320.0 197.0 359.0 217.0 Grasp 0
414.0 43.0 364.0 81.0 347.0 58.0 397.0 20.0 Grasp 0
414.0 181.0 394.0 166.0 412.0 143.0 431.0 158.0 Grasp 0
318.0 251.0 299.0 201.0 326.0 191.0 345.0 240.0 Grasp 0
274.0 174.0 252.0 180.0 244.0 153.0 266.0 146.0 Grasp 0
332.0 338.0 320.0 403.0 291.0 397.0 303.0 332.0 Grasp 0
269.0 179.0 246.0 186.0 238.0 159.0 261.0 152.0 Grasp 0
279.0 163.0 257.0 170.0 249.0 142.0 272.0 136.0 Grasp 0
414.0 206.0 391.0 181.0 415.0 159.0 438.0 185.0 Grasp 0
328.0 277.0 292.0 238.0 314.0 218.0 349.0 257.0 Grasp 0
244.0 234.0 223.0 244.0 211.0 219.0 231.0 208.0 Grasp 0
374.0 211.0 348.0 183.0 370.0 163.0 396.0 191.0 Grasp 0
287.0 294.0 244.0 273.0 257.0 246.0 301.0 267.0 Grasp 0
335.0 261.0 299.0 221.0 320.0 202.0 357.0 241.0 Grasp 0
336.0 265.0 296.0 245.0 309.0 219.0 348.0 239.0 Grasp 0
393.0 357.0 368.0 316.0 393.0 301.0 418.0 342.0 Grasp 0
278.0 144.0 259.0 134.0 271.0 109.0 291.0 119.0 Grasp 0
415.0 185.0 401.0 169.0 422.0 150.0 436.0 165.0 Grasp 0
359.0 247.0 329.0 214.0 351.0 194.0 381.0 227.0 Grasp 0
399.0 214.0 378.0 191.0 400.0 171.0 421.0 194.0 Grasp 0
413.0 52.0 370.0 99.0 349.0 79.0 392.0 33.0 Grasp 0
413.0 159.0 395.0 146.0 414.0 120.0 432.0 133.0 Grasp 0
452.0 85.0 408.0 118.0 391.0 96.0 435.0 62.0 Grasp 0
425.0 170.0 413.0 161.0 431.0 137.0 443.0 146.0 Grasp 0
250.0 228.0 227.0 239.0 215.0 214.0 238.0 203.0 Grasp 0
405.0 45.0 371.0 70.0 353.0 46.0 386.0 20.0 Grasp 0
307.0 266.0 280.0 223.0 305.0 208.0 332.0 251.0 Grasp 0
384.0 213.0 357.0 184.0 379.0 164.0 405.0 193.0 Grasp 0
316.0 279.0 266.0 265.0 274.0 237.0 324.0 251.0 Grasp 0
413.0 325.0 404.0 374.0 375.0 369.0 384.0 319.0 Grasp 0
250.0 218.0 228.0 229.0 215.0 203.0 237.0 192.0 Grasp 0
303.0 284.0 258.0 271.0 266.0 243.0 311.0 256.0 Grasp 0
363.0 368.0 341.0 312.0 369.0 301.0 390.0 358.0 Grasp 0
353.0 394.0 329.0 333.0 357.0 322.0 381.0 384.0 Grasp 0
371.0 310.0 358.0 379.0 329.0 373.0 342.0 304.0 Grasp 0
366.0 225.0 332.0 208.0 345.0 181.0 380.0 198.0 Grasp 0
405.0 314.0 397.0 358.0 368.0 353.0 377.0 309.0 Grasp 0
442.0 74.0 398.0 107.0 381.0 84.0 425.0 51.0 Grasp 0
438.0 180.0 420.0 160.0 444.0 139.0 462.0 159.0 Grasp 0
437.0 185.0 429.0 176.0 451.0 155.0 459.0 165.0 Grasp 0
308.0 281.0 265.0 248.0 283.0 225.0 325.0 257.0 Grasp 0
292.0 302.0 242.0 297.0 245.0 268.0 295.0 273.0 Grasp 0
365.0 334.0 353.0 397.0 324.0 392.0 336.0 329.0 Grasp 0
327.0 283.0 280.0 260.0 293.0 234.0 340.0 257.0 Grasp 0
308.0 344.0 274.0 399.0 248.0 383.0 282.0 328.0 Grasp 0
404.0 196.0 386.0 176.0 408.0 156.0 426.0 176.0 Grasp 0
334.0 242.0 316.0 197.0 345.0 186.0 362.0 231.0 Grasp 0
393.0 177.0 371.0 153.0 392.0 133.0 415.0 158.0 Grasp 0
328.0 258.0 311.0 215.0 339.0 204.0 355.0 248.0 Grasp 0
259.0 211.0 236.0 217.0 228.0 190.0 251.0 183.0 Grasp 0
420.0 196.0 403.0 178.0 424.0 158.0 441.0 177.0 Grasp 0
312.0 266.0 294.0 218.0 321.0 208.0 340.0 255.0 Grasp 0
289.0 124.0 270.0 114.0 282.0 89.0 301.0 98.0 Grasp 0
301.0 274.0 271.0 225.0 296.0 210.0 326.0 259.0 Grasp 0
413.0 40.0 391.0 51.0 378.0 26.0 400.0 15.0 Grasp 0
431.0 186.0 415.0 169.0 436.0 150.0 452.0 167.0 Grasp 0
355.0 258.0 316.0 228.0 334.0 204.0 373.0 234.0 Grasp 0
377.0 51.0 354.0 63.0 341.0 37.0 365.0 25.0 Grasp 0
348.0 224.0 326.0 188.0 352.0 172.0 374.0 208.0 Grasp 0
364.0 224.0 335.0 193.0 357.0 173.0 385.0 204.0 Grasp 0
433.0 64.0 391.0 111.0 370.0 91.0 412.0 45.0 Grasp 0
426.0 197.0 409.0 178.0 433.0 157.0 450.0 176.0 Grasp 0
239.0 244.0 218.0 255.0 206.0 229.0 226.0 219.0 Grasp 0
390.0 223.0 366.0 197.0 388.0 177.0 412.0 203.0 Grasp 0
398.0 350.0 381.0 306.0 408.0 296.0 425.0 339.0 Grasp 0
393.0 52.0 371.0 63.0 358.0 37.0 380.0 26.0 Grasp 0
428.0 81.0 402.0 100.0 385.0 78.0 411.0 58.0 Grasp 0
282.0 155.0 259.0 157.0 257.0 129.0 280.0 127.0 Grasp 0
372.0 243.0 336.0 224.0 350.0 198.0 386.0 216.0 Grasp 0
511.0 132.0 500.0 114.0 524.0 99.0 535.0 117.0 Grasp 0
235.0 252.0 216.0 266.0 199.0 243.0 218.0 229.0 Grasp 0
419.0 174.0 404.0 163.0 421.0 140.0 436.0 151.0 Grasp 0
541.0 107.0 523.0 136.0 498.0 121.0 516.0 92.0 Grasp 0
273.0 160.0 254.0 151.0 267.0 125.0 286.0 135.0 Grasp 0
524.0 134.0 514.0 118.0 539.0 103.0 549.0 119.0 Grasp 0
265.0 197.0 244.0 207.0 231.0 182.0 253.0 171.0 Grasp 0
462.0 102.0 414.0 125.0 402.0 100.0 449.0 77.0 Grasp 0
403.0 179.0 380.0 162.0 400.0 136.0 423.0 153.0 Grasp 0
255.0 213.0 234.0 223.0 221.0 198.0 243.0 187.0 Grasp 0
315.0 343.0 291.0 406.0 263.0 395.0 288.0 332.0 Grasp 0
335.0 390.0 324.0 330.0 353.0 324.0 364.0 384.0 Grasp 0
364.0 391.0 341.0 331.0 369.0 321.0 392.0 380.0 Grasp 0
423.0 63.0 384.0 83.0 371.0 57.0 410.0 38.0 Grasp 0
344.0 237.0 327.0 194.0 354.0 184.0 370.0 226.0 Grasp 0
352.0 240.0 318.0 214.0 335.0 191.0 369.0 217.0 Grasp 0
328.0 256.0 289.0 227.0 306.0 204.0 345.0 233.0 Grasp 0
325.0 397.0 303.0 338.0 330.0 327.0 353.0 386.0 Grasp 0
