534.0 484.0 504.0 408.0 531.0 398.0 561.0 474.0 Grasp 0
376.0 261.0 336.0 230.0 359.0 200.0 400.0 230.0 Grasp 0
614.0 202.0 580.0 228.0 559.0 201.0 594.0 175.0 Grasp 0
526.0 411.0 526.0 472.0 497.0 472.0 497.0 411.0 Grasp 0
574.0 486.0 545.0 413.0 573.0 402.0 601.0 475.0 Grasp 0
465.0 406.0 451.0 480.0 423.0 475.0 436.0 401.0 Grasp 0
521.0 410.0 492.0 487.0 464.0 476.0 494.0 400.0 Grasp 0
643.0 228.0 605.0 289.0 577.0 272.0 615.0 210.0 Grasp 0
485.0 408.0 455.0 486.0 428.0 475.0 458.0 398.0 Grasp 0
422.0 479.0 409.0 406.0 437.0 401.0 451.0 474.0 Grasp 0
619.0 206.0 555.0 224.0 546.0 192.0 609.0 174.0 Grasp 0
397.0 233.0 354.0 201.0 377.0 172.0 419.0 204.0 Grasp 0
417.0 204.0 372.0 170.0 394.0 141.0 439.0 175.0 Grasp 0
590.0 169.0 547.0 216.0 523.0 194.0 566.0 147.0 Grasp 0
453.0 159.0 386.0 108.0 407.0 81.0 474.0 131.0 Grasp 0
482.0 33.0 397.0 98.0 377.0 72.0 463.0 7.0 Grasp 0
618.0 419.0 607.0 478.0 578.0 472.0 589.0 413.0 Grasp 0
479.0 49.0 479.0 140.0 445.0 140.0 445.0 49.0 Grasp 0
419.0 404.0 405.0 480.0 376.0 475.0 390.0 399.0 Grasp 0
467.0 43.0 385.0 66.0 377.0 35.0 458.0 12.0 Grasp 0
567.0 158.0 522.0 192.0 503.0 167.0 548.0 133.0 Grasp 0
627.0 215.0 591.0 243.0 570.0 216.0 607.0 188.0 Grasp 0
511.0 44.0 400.0 99.0 386.0 70.0 497.0 15.0 Grasp 0
460.0 147.0 376.0 84.0 396.0 57.0 480.0 120.0 Grasp 0
445.0 60.0 386.0 30.0 400.0 2.0 459.0 31.0 Grasp 0
652.0 249.0 611.0 279.0 591.0 253.0 632.0 222.0 Grasp 0
434.0 405.0 420.0 481.0 391.0 475.0 405.0 399.0 Grasp 0
603.0 187.0 568.0 214.0 548.0 187.0 583.0 161.0 Grasp 0
544.0 412.0 531.0 482.0 502.0 477.0 515.0 406.0 Grasp 0
487.0 75.0 417.0 127.0 397.0 101.0 467.0 48.0 Grasp 0
446.0 178.0 385.0 147.0 401.0 116.0 462.0 146.0 Grasp 0
632.0 207.0 601.0 287.0 571.0 275.0 602.0 195.0 Grasp 0
456.0 406.0 442.0 480.0 413.0 475.0 427.0 401.0 Grasp 0
493.0 408.0 479.0 481.0 451.0 475.0 464.0 403.0 Grasp 0
567.0 413.0 554.0 482.0 525.0 476.0 538.0 407.0 Grasp 0
516.0 35.0 497.0 140.0 464.0 133.0 484.0 29.0 Grasp 0
556.0 412.0 543.0 481.0 514.0 476.0 527.0 407.0 Grasp 0
386.0 249.0 344.0 217.0 367.0 187.0 408.0 218.0 Grasp 0
452.0 405.0 421.0 486.0 394.0 475.0 425.0 395.0 Grasp 0
405.0 221.0 362.0 189.0 384.0 159.0 427.0 192.0 Grasp 0
472.0 29.0 472.0 154.0 437.0 154.0 437.0 29.0 Grasp 0
569.0 132.0 520.0 186.0 496.0 164.0 545.0 110.0 Grasp 0
533.0 411.0 504.0 487.0 476.0 476.0 506.0 400.0 Grasp 0
549.0 480.0 536.0 411.0 565.0 406.0 578.0 475.0 Grasp 0
430.0 192.0 378.0 153.0 399.0 124.0 452.0 164.0 Grasp 0
569.0 114.0 511.0 177.0 488.0 156.0 545.0 93.0 Grasp 0
450.0 479.0 437.0 407.0 465.0 401.0 479.0 474.0 Grasp 0
408.0 403.0 394.0 481.0 365.0 475.0 380.0 398.0 Grasp 0
521.0 57.0 521.0 137.0 488.0 137.0 488.0 57.0 Grasp 0
515.0 410.0 515.0 473.0 486.0 473.0 486.0 410.0 Grasp 0
504.0 409.0 490.0 481.0 462.0 476.0 475.0 403.0 Grasp 0
538.0 480.0 526.0 411.0 554.0 406.0 567.0 474.0 Grasp 0
637.0 420.0 611.0 487.0 584.0 476.0 610.0 410.0 Grasp 0
456.0 50.0 382.0 43.0 385.0 11.0 459.0 18.0 Grasp 0
591.0 485.0 564.0 414.0 591.0 403.0 619.0 474.0 Grasp 0
625.0 210.0 573.0 236.0 558.0 206.0 610.0 180.0 Grasp 0
634.0 226.0 601.0 251.0 580.0 224.0 614.0 199.0 Grasp 0
610.0 171.0 590.0 276.0 558.0 270.0 578.0 165.0 Grasp 0
605.0 415.0 592.0 482.0 563.0 476.0 576.0 410.0 Grasp 0
282.0 282.0 282.0 343.0 248.0 343.0 248.0 282.0 Grasp 0
489.0 484.0 460.0 408.0 487.0 397.0 516.0 473.0 Grasp 0
275.0 276.0 263.0 338.0 229.0 332.0 241.0 270.0 Grasp 0
633.0 234.0 591.0 266.0 571.0 240.0 613.0 208.0 Grasp 0
241.0 275.0 188.0 235.0 209.0 207.0 262.0 247.0 Grasp 0
608.0 483.0 582.0 415.0 609.0 404.0 636.0 472.0 Grasp 0
268.0 267.0 244.0 329.0 211.0 316.0 235.0 254.0 Grasp 0
580.0 147.0 547.0 200.0 519.0 183.0 552.0 130.0 Grasp 0
519.0 54.0 405.0 111.0 391.0 82.0 504.0 25.0 Grasp 0
588.0 414.0 575.0 482.0 546.0 476.0 559.0 408.0 Grasp 0
476.0 58.0 401.0 114.0 382.0 88.0 456.0 32.0 Grasp 0
572.0 137.0 532.0 203.0 504.0 186.0 545.0 120.0 Grasp 0
