420.0 77.0 340.0 37.0 353.0 11.0 433.0 51.0 Grasp 0
270.0 147.0 197.0 126.0 205.0 98.0 278.0 119.0 Grasp 0
273.0 124.0 237.0 85.0 258.0 66.0 294.0 105.0 Grasp 0
285.0 111.0 271.0 32.0 299.0 27.0 314.0 106.0 Grasp 0
270.0 141.0 211.0 112.0 224.0 86.0 282.0 115.0 Grasp 0
275.0 122.0 250.0 58.0 277.0 47.0 302.0 111.0 Grasp 0
574.0 259.0 519.0 287.0 505.0 260.0 561.0 232.0 Grasp 0
255.0 153.0 194.0 135.0 202.0 107.0 263.0 125.0 Grasp 0
584.0 211.0 519.0 261.0 501.0 237.0 566.0 187.0 Grasp 0
582.0 231.0 519.0 278.0 500.0 254.0 563.0 207.0 Grasp 0
270.0 133.0 224.0 97.0 241.0 74.0 288.0 110.0 Grasp 0
291.0 129.0 197.0 138.0 194.0 109.0 289.0 100.0 Grasp 0
