497.0 327.0 437.0 297.0 450.0 270.0 511.0 300.0 Grasp 0
543.0 323.0 508.0 379.0 484.0 364.0 519.0 308.0 Grasp 0
375.0 200.0 357.0 107.0 386.0 102.0 403.0 195.0 Grasp 0
403.0 324.0 395.0 372.0 366.0 366.0 375.0 319.0 Grasp 0
513.0 306.0 443.0 286.0 451.0 257.0 522.0 277.0 Grasp 0
512.0 292.0 453.0 263.0 466.0 236.0 525.0 266.0 Grasp 0
292.0 97.0 260.0 179.0 233.0 169.0 265.0 86.0 Grasp 0
411.0 126.0 411.0 196.0 382.0 196.0 382.0 126.0 Grasp 0
461.0 383.0 408.0 325.0 429.0 306.0 482.0 364.0 Grasp 0
414.0 375.0 395.0 324.0 421.0 314.0 441.0 364.0 Grasp 0
387.0 22.0 357.0 55.0 337.0 36.0 366.0 3.0 Grasp 0
562.0 205.0 462.0 233.0 454.0 205.0 554.0 176.0 Grasp 0
381.0 114.0 381.0 194.0 352.0 194.0 352.0 114.0 Grasp 0
257.0 93.0 229.0 166.0 202.0 156.0 230.0 82.0 Grasp 0
529.0 273.0 451.0 266.0 454.0 236.0 531.0 244.0 Grasp 0
549.0 324.0 529.0 375.0 503.0 364.0 522.0 313.0 Grasp 0
533.0 250.0 460.0 243.0 463.0 214.0 535.0 221.0 Grasp 0
484.0 338.0 437.0 286.0 459.0 266.0 506.0 318.0 Grasp 0
519.0 232.0 493.0 163.0 520.0 153.0 547.0 221.0 Grasp 0
270.0 94.0 241.0 171.0 213.0 160.0 243.0 84.0 Grasp 0
415.0 323.0 406.0 371.0 378.0 365.0 386.0 318.0 Grasp 0
404.0 40.0 357.0 64.0 344.0 38.0 391.0 15.0 Grasp 0
519.0 324.0 465.0 383.0 443.0 364.0 497.0 305.0 Grasp 0
273.0 92.0 257.0 175.0 229.0 170.0 244.0 87.0 Grasp 0
240.0 85.0 240.0 169.0 211.0 169.0 211.0 85.0 Grasp 0
410.0 208.0 398.0 144.0 426.0 138.0 438.0 203.0 Grasp 0
393.0 369.0 384.0 322.0 412.0 317.0 421.0 364.0 Grasp 0
526.0 249.0 480.0 174.0 505.0 158.0 551.0 234.0 Grasp 0
397.0 33.0 350.0 57.0 337.0 31.0 384.0 8.0 Grasp 0
252.0 84.0 252.0 177.0 223.0 177.0 223.0 84.0 Grasp 0
403.0 38.0 373.0 71.0 352.0 52.0 382.0 19.0 Grasp 0
327.0 99.0 270.0 191.0 245.0 175.0 302.0 83.0 Grasp 0
529.0 323.0 494.0 379.0 470.0 364.0 505.0 308.0 Grasp 0
545.0 232.0 462.0 240.0 459.0 210.0 543.0 203.0 Grasp 0
432.0 380.0 398.0 325.0 422.0 310.0 457.0 365.0 Grasp 0
349.0 104.0 290.0 198.0 265.0 183.0 324.0 88.0 Grasp 0
588.0 65.0 562.0 37.0 583.0 18.0 608.0 46.0 Grasp 0
529.0 229.0 501.0 157.0 528.0 146.0 556.0 218.0 Grasp 0
548.0 155.0 522.0 114.0 546.0 99.0 572.0 140.0 Grasp 0
562.0 183.0 467.0 230.0 454.0 204.0 549.0 157.0 Grasp 0
340.0 207.0 298.0 99.0 325.0 88.0 367.0 196.0 Grasp 0
431.0 69.0 372.0 86.0 364.0 59.0 423.0 42.0 Grasp 0
525.0 251.0 476.0 197.0 498.0 177.0 547.0 231.0 Grasp 0
531.0 261.0 457.0 255.0 460.0 225.0 534.0 232.0 Grasp 0
533.0 218.0 506.0 149.0 534.0 138.0 560.0 207.0 Grasp 0
424.0 61.0 365.0 78.0 357.0 51.0 416.0 34.0 Grasp 0
515.0 283.0 458.0 255.0 471.0 228.0 528.0 256.0 Grasp 0
461.0 103.0 370.0 94.0 373.0 66.0 463.0 74.0 Grasp 0
397.0 330.0 381.0 370.0 354.0 360.0 370.0 319.0 Grasp 0
567.0 111.0 541.0 69.0 565.0 54.0 592.0 96.0 Grasp 0
444.0 83.0 371.0 90.0 368.0 61.0 442.0 55.0 Grasp 0
452.0 173.0 406.0 207.0 389.0 184.0 434.0 150.0 Grasp 0
592.0 93.0 545.0 97.0 542.0 69.0 590.0 64.0 Grasp 0
414.0 52.0 356.0 69.0 348.0 41.0 406.0 25.0 Grasp 0
253.0 369.0 198.0 308.0 220.0 288.0 275.0 349.0 Grasp 0
271.0 98.0 211.0 164.0 190.0 144.0 250.0 78.0 Grasp 0
511.0 315.0 438.0 308.0 440.0 278.0 514.0 285.0 Grasp 0
391.0 327.0 391.0 361.0 363.0 361.0 363.0 327.0 Grasp 0
278.0 86.0 278.0 188.0 248.0 188.0 248.0 86.0 Grasp 0
299.0 96.0 282.0 185.0 253.0 180.0 270.0 90.0 Grasp 0
398.0 133.0 387.0 193.0 358.0 188.0 369.0 128.0 Grasp 0
419.0 144.0 419.0 196.0 390.0 196.0 390.0 144.0 Grasp 0
565.0 173.0 477.0 217.0 464.0 191.0 552.0 146.0 Grasp 0
555.0 145.0 527.0 131.0 540.0 105.0 568.0 119.0 Grasp 0
376.0 205.0 336.0 100.0 363.0 90.0 404.0 194.0 Grasp 0
544.0 201.0 496.0 177.0 509.0 150.0 557.0 175.0 Grasp 0
528.0 227.0 483.0 178.0 505.0 158.0 549.0 207.0 Grasp 0
337.0 100.0 279.0 194.0 254.0 179.0 312.0 85.0 Grasp 0
477.0 384.0 424.0 325.0 445.0 306.0 499.0 364.0 Grasp 0
