272.0 140.0 243.0 172.0 222.0 153.0 251.0 121.0 Grasp 0
470.0 291.0 453.0 336.0 427.0 325.0 444.0 281.0 Grasp 0
478.0 297.0 472.0 329.0 444.0 324.0 450.0 292.0 Grasp 0
306.0 157.0 247.0 187.0 234.0 161.0 293.0 132.0 Grasp 0
328.0 224.0 266.0 255.0 253.0 228.0 314.0 197.0 Grasp 0
489.0 70.0 458.0 79.0 450.0 51.0 482.0 42.0 Grasp 0
311.0 217.0 248.0 235.0 240.0 206.0 302.0 188.0 Grasp 0
500.0 291.0 500.0 335.0 472.0 335.0 472.0 291.0 Grasp 0
440.0 287.0 393.0 337.0 372.0 318.0 418.0 267.0 Grasp 0
339.0 237.0 244.0 245.0 241.0 215.0 336.0 206.0 Grasp 0
487.0 52.0 452.0 62.0 444.0 34.0 480.0 24.0 Grasp 0
382.0 268.0 370.0 328.0 340.0 323.0 352.0 262.0 Grasp 0
356.0 253.0 260.0 262.0 257.0 231.0 353.0 223.0 Grasp 0
465.0 291.0 436.0 337.0 412.0 322.0 441.0 276.0 Grasp 0
502.0 78.0 461.0 98.0 449.0 73.0 489.0 52.0 Grasp 0
521.0 131.0 493.0 176.0 469.0 161.0 497.0 116.0 Grasp 0
505.0 300.0 463.0 346.0 442.0 327.0 484.0 281.0 Grasp 0
532.0 304.0 517.0 344.0 490.0 334.0 506.0 294.0 Grasp 0
518.0 301.0 502.0 343.0 475.0 333.0 492.0 290.0 Grasp 0
520.0 115.0 504.0 201.0 477.0 196.0 493.0 110.0 Grasp 0
334.0 173.0 254.0 196.0 246.0 169.0 326.0 146.0 Grasp 0
452.0 289.0 408.0 338.0 387.0 319.0 431.0 270.0 Grasp 0
248.0 354.0 201.0 318.0 219.0 295.0 265.0 330.0 Grasp 0
483.0 43.0 450.0 53.0 442.0 25.0 475.0 16.0 Grasp 0
376.0 254.0 362.0 328.0 332.0 323.0 346.0 248.0 Grasp 0
492.0 296.0 475.0 340.0 448.0 329.0 466.0 285.0 Grasp 0
298.0 196.0 262.0 235.0 240.0 215.0 276.0 175.0 Grasp 0
510.0 127.0 480.0 142.0 467.0 117.0 497.0 102.0 Grasp 0
237.0 377.0 189.0 353.0 202.0 326.0 250.0 350.0 Grasp 0
367.0 264.0 272.0 273.0 269.0 243.0 364.0 234.0 Grasp 0
516.0 119.0 485.0 153.0 464.0 134.0 495.0 100.0 Grasp 0
527.0 180.0 505.0 204.0 484.0 186.0 507.0 161.0 Grasp 0
286.0 145.0 242.0 178.0 225.0 155.0 268.0 122.0 Grasp 0
494.0 300.0 488.0 332.0 460.0 326.0 466.0 294.0 Grasp 0
497.0 89.0 467.0 104.0 454.0 79.0 485.0 64.0 Grasp 0
317.0 164.0 257.0 194.0 244.0 168.0 304.0 138.0 Grasp 0
359.0 188.0 251.0 198.0 248.0 170.0 357.0 160.0 Grasp 0
498.0 128.0 480.0 133.0 473.0 106.0 490.0 101.0 Grasp 0
458.0 293.0 452.0 326.0 424.0 321.0 430.0 288.0 Grasp 0
370.0 242.0 356.0 319.0 326.0 314.0 340.0 237.0 Grasp 0
393.0 291.0 274.0 280.0 277.0 250.0 396.0 261.0 Grasp 0
518.0 303.0 477.0 349.0 456.0 329.0 497.0 284.0 Grasp 0
484.0 295.0 455.0 340.0 431.0 325.0 459.0 280.0 Grasp 0
339.0 332.0 319.0 228.0 350.0 222.0 369.0 326.0 Grasp 0
437.0 287.0 367.0 340.0 349.0 317.0 420.0 264.0 Grasp 0
531.0 305.0 491.0 350.0 469.0 330.0 510.0 286.0 Grasp 0
496.0 103.0 469.0 111.0 461.0 84.0 488.0 76.0 Grasp 0
522.0 163.0 494.0 185.0 477.0 162.0 505.0 141.0 Grasp 0
260.0 138.0 244.0 165.0 220.0 149.0 236.0 123.0 Grasp 0
336.0 233.0 275.0 263.0 261.0 236.0 323.0 206.0 Grasp 0
264.0 352.0 202.0 306.0 220.0 283.0 282.0 329.0 Grasp 0
491.0 80.0 462.0 88.0 454.0 60.0 483.0 52.0 Grasp 0
518.0 180.0 480.0 176.0 482.0 148.0 520.0 152.0 Grasp 0
