317.0 142.0 232.0 184.0 218.0 156.0 303.0 114.0 Grasp 0
309.0 121.0 263.0 108.0 271.0 79.0 317.0 92.0 Grasp 0
309.0 159.0 242.0 192.0 229.0 164.0 295.0 131.0 Grasp 0
397.0 187.0 334.0 235.0 316.0 211.0 379.0 163.0 Grasp 0
315.0 105.0 266.0 81.0 279.0 54.0 328.0 78.0 Grasp 0
384.0 286.0 352.0 369.0 325.0 358.0 357.0 275.0 Grasp 0
394.0 178.0 353.0 244.0 327.0 228.0 368.0 162.0 Grasp 0
307.0 130.0 259.0 117.0 268.0 88.0 315.0 102.0 Grasp 0
337.0 86.0 266.0 66.0 274.0 37.0 345.0 58.0 Grasp 0
340.0 101.0 265.0 94.0 268.0 64.0 342.0 71.0 Grasp 0
459.0 305.0 452.0 344.0 423.0 338.0 430.0 300.0 Grasp 0
275.0 275.0 258.0 367.0 229.0 361.0 246.0 269.0 Grasp 0
406.0 297.0 355.0 380.0 330.0 365.0 382.0 282.0 Grasp 0
268.0 228.0 226.0 160.0 250.0 145.0 293.0 213.0 Grasp 0
331.0 274.0 331.0 365.0 302.0 365.0 302.0 274.0 Grasp 0
335.0 375.0 296.0 274.0 323.0 264.0 362.0 364.0 Grasp 0
266.0 230.0 219.0 194.0 236.0 171.0 283.0 206.0 Grasp 0
423.0 300.0 415.0 345.0 386.0 340.0 394.0 295.0 Grasp 0
264.0 187.0 237.0 144.0 264.0 127.0 291.0 170.0 Grasp 0
405.0 194.0 339.0 244.0 321.0 220.0 387.0 170.0 Grasp 0
300.0 166.0 241.0 171.0 238.0 140.0 297.0 134.0 Grasp 0
328.0 121.0 254.0 128.0 251.0 98.0 325.0 91.0 Grasp 0
356.0 368.0 304.0 283.0 328.0 267.0 381.0 352.0 Grasp 0
380.0 286.0 328.0 371.0 303.0 355.0 355.0 271.0 Grasp 0
292.0 275.0 292.0 362.0 263.0 362.0 263.0 275.0 Grasp 0
269.0 234.0 218.0 219.0 226.0 191.0 277.0 206.0 Grasp 0
306.0 171.0 224.0 212.0 211.0 186.0 293.0 145.0 Grasp 0
436.0 302.0 415.0 356.0 388.0 345.0 409.0 291.0 Grasp 0
308.0 138.0 254.0 133.0 256.0 103.0 311.0 108.0 Grasp 0
456.0 304.0 437.0 353.0 410.0 342.0 429.0 294.0 Grasp 0
274.0 184.0 239.0 167.0 253.0 138.0 288.0 156.0 Grasp 0
306.0 275.0 267.0 376.0 240.0 365.0 279.0 264.0 Grasp 0
313.0 143.0 244.0 162.0 236.0 133.0 305.0 113.0 Grasp 0
413.0 351.0 391.0 295.0 419.0 285.0 440.0 341.0 Grasp 0
276.0 273.0 276.0 364.0 247.0 364.0 247.0 273.0 Grasp 0
383.0 168.0 368.0 246.0 338.0 240.0 353.0 162.0 Grasp 0
254.0 246.0 225.0 244.0 228.0 215.0 256.0 217.0 Grasp 0
322.0 96.0 265.0 53.0 283.0 29.0 340.0 72.0 Grasp 0
315.0 273.0 315.0 364.0 285.0 364.0 285.0 273.0 Grasp 0
340.0 107.0 259.0 115.0 257.0 85.0 338.0 78.0 Grasp 0
368.0 244.0 340.0 172.0 368.0 161.0 396.0 233.0 Grasp 0
275.0 221.0 228.0 145.0 252.0 130.0 300.0 206.0 Grasp 0
310.0 115.0 263.0 92.0 277.0 65.0 324.0 89.0 Grasp 0
390.0 294.0 362.0 368.0 334.0 358.0 363.0 283.0 Grasp 0
415.0 297.0 403.0 361.0 374.0 356.0 386.0 292.0 Grasp 0
392.0 288.0 392.0 352.0 363.0 352.0 363.0 288.0 Grasp 0
300.0 280.0 245.0 369.0 220.0 354.0 275.0 265.0 Grasp 0
426.0 350.0 405.0 296.0 432.0 286.0 453.0 339.0 Grasp 0
273.0 243.0 224.0 238.0 227.0 209.0 275.0 214.0 Grasp 0
315.0 170.0 226.0 237.0 208.0 214.0 297.0 146.0 Grasp 0
400.0 361.0 321.0 275.0 343.0 255.0 421.0 341.0 Grasp 0
331.0 94.0 267.0 76.0 276.0 47.0 339.0 65.0 Grasp 0
350.0 249.0 335.0 170.0 365.0 164.0 379.0 244.0 Grasp 0
