534.0 130.0 446.0 64.0 464.0 40.0 552.0 106.0 Grasp 0
196.0 199.0 142.0 183.0 150.0 155.0 204.0 170.0 Grasp 0
513.0 111.0 428.0 104.0 431.0 74.0 516.0 82.0 Grasp 0
595.0 227.0 581.0 304.0 551.0 298.0 565.0 222.0 Grasp 0
213.0 149.0 162.0 123.0 176.0 97.0 226.0 122.0 Grasp 0
223.0 135.0 167.0 119.0 175.0 91.0 231.0 107.0 Grasp 0
246.0 89.0 191.0 62.0 205.0 36.0 259.0 63.0 Grasp 0
205.0 164.0 156.0 140.0 169.0 113.0 219.0 137.0 Grasp 0
237.0 371.0 219.0 273.0 248.0 268.0 266.0 366.0 Grasp 0
501.0 136.0 464.0 42.0 493.0 31.0 529.0 125.0 Grasp 0
224.0 122.0 172.0 96.0 185.0 70.0 238.0 96.0 Grasp 0
575.0 175.0 527.0 122.0 549.0 102.0 597.0 154.0 Grasp 0
230.0 112.0 177.0 85.0 190.0 59.0 243.0 85.0 Grasp 0
525.0 144.0 428.0 117.0 436.0 88.0 533.0 115.0 Grasp 0
625.0 46.0 548.0 104.0 530.0 80.0 607.0 22.0 Grasp 0
604.0 95.0 498.0 105.0 495.0 75.0 601.0 65.0 Grasp 0
576.0 305.0 543.0 221.0 572.0 210.0 605.0 294.0 Grasp 0
620.0 75.0 542.0 113.0 529.0 87.0 606.0 48.0 Grasp 0
584.0 166.0 527.0 138.0 541.0 111.0 597.0 139.0 Grasp 0
584.0 163.0 497.0 97.0 515.0 73.0 602.0 139.0 Grasp 0
584.0 219.0 568.0 301.0 538.0 296.0 553.0 213.0 Grasp 0
267.0 98.0 185.0 75.0 193.0 46.0 276.0 69.0 Grasp 0
615.0 241.0 560.0 329.0 535.0 314.0 589.0 226.0 Grasp 0
609.0 30.0 540.0 82.0 522.0 58.0 591.0 6.0 Grasp 0
514.0 114.0 411.0 123.0 408.0 93.0 512.0 84.0 Grasp 0
523.0 129.0 469.0 40.0 494.0 25.0 549.0 113.0 Grasp 0
608.0 319.0 544.0 368.0 526.0 345.0 590.0 296.0 Grasp 0
199.0 180.0 149.0 155.0 163.0 128.0 212.0 153.0 Grasp 0
201.0 187.0 146.0 171.0 155.0 143.0 209.0 158.0 Grasp 0
182.0 209.0 142.0 189.0 156.0 163.0 195.0 182.0 Grasp 0
551.0 12.0 536.0 92.0 506.0 86.0 521.0 6.0 Grasp 0
443.0 280.0 408.0 373.0 380.0 362.0 416.0 269.0 Grasp 0
500.0 98.0 455.0 49.0 477.0 29.0 523.0 78.0 Grasp 0
261.0 87.0 194.0 54.0 208.0 27.0 274.0 60.0 Grasp 0
621.0 298.0 538.0 361.0 520.0 338.0 603.0 275.0 Grasp 0
600.0 134.0 530.0 128.0 533.0 98.0 603.0 104.0 Grasp 0
609.0 110.0 540.0 117.0 537.0 87.0 606.0 81.0 Grasp 0
