484.0 116.0 415.0 82.0 428.0 56.0 497.0 90.0 Grasp 0
574.0 270.0 472.0 321.0 459.0 294.0 560.0 244.0 Grasp 0
399.0 287.0 352.0 363.0 327.0 348.0 374.0 272.0 Grasp 0
403.0 316.0 353.0 371.0 331.0 351.0 382.0 296.0 Grasp 0
512.0 91.0 429.0 50.0 443.0 23.0 525.0 64.0 Grasp 0
405.0 336.0 363.0 382.0 342.0 362.0 383.0 317.0 Grasp 0
226.0 388.0 201.0 257.0 235.0 250.0 260.0 382.0 Grasp 0
459.0 132.0 407.0 76.0 429.0 57.0 480.0 113.0 Grasp 0
563.0 242.0 461.0 293.0 448.0 266.0 550.0 216.0 Grasp 0
362.0 141.0 284.0 55.0 306.0 35.0 384.0 121.0 Grasp 0
276.0 374.0 207.0 262.0 238.0 244.0 307.0 355.0 Grasp 0
541.0 210.0 427.0 221.0 425.0 191.0 538.0 180.0 Grasp 0
485.0 111.0 422.0 63.0 440.0 40.0 502.0 87.0 Grasp 0
481.0 128.0 409.0 92.0 422.0 66.0 494.0 102.0 Grasp 0
300.0 357.0 193.0 276.0 214.0 248.0 322.0 329.0 Grasp 0
554.0 222.0 452.0 273.0 439.0 246.0 540.0 196.0 Grasp 0
340.0 154.0 280.0 57.0 305.0 41.0 366.0 138.0 Grasp 0
295.0 370.0 173.0 309.0 189.0 279.0 311.0 339.0 Grasp 0
277.0 252.0 252.0 388.0 218.0 382.0 243.0 246.0 Grasp 0
457.0 138.0 405.0 99.0 422.0 75.0 474.0 115.0 Grasp 0
398.0 303.0 368.0 380.0 341.0 370.0 371.0 292.0 Grasp 0
