269.0 387.0 241.0 341.0 266.0 326.0 294.0 372.0 Grasp 0
281.0 287.0 195.0 312.0 186.0 281.0 272.0 256.0 Grasp 0
389.0 35.0 335.0 40.0 332.0 10.0 387.0 5.0 Grasp 0
366.0 329.0 346.0 295.0 373.0 279.0 393.0 312.0 Grasp 0
304.0 383.0 282.0 359.0 305.0 337.0 328.0 362.0 Grasp 0
273.0 272.0 185.0 280.0 182.0 248.0 270.0 240.0 Grasp 0
247.0 387.0 228.0 339.0 256.0 328.0 274.0 376.0 Grasp 0
495.0 97.0 459.0 155.0 433.0 138.0 469.0 81.0 Grasp 0
281.0 394.0 251.0 347.0 276.0 331.0 306.0 379.0 Grasp 0
370.0 338.0 345.0 310.0 368.0 289.0 394.0 317.0 Grasp 0
283.0 31.0 214.0 50.0 206.0 22.0 275.0 2.0 Grasp 0
284.0 92.0 215.0 112.0 206.0 83.0 275.0 63.0 Grasp 0
281.0 127.0 211.0 133.0 208.0 103.0 279.0 97.0 Grasp 0
286.0 382.0 266.0 330.0 293.0 319.0 314.0 372.0 Grasp 0
271.0 325.0 261.0 383.0 232.0 377.0 242.0 320.0 Grasp 0
355.0 335.0 326.0 303.0 350.0 282.0 379.0 313.0 Grasp 0
298.0 104.0 231.0 123.0 223.0 93.0 290.0 74.0 Grasp 0
346.0 340.0 322.0 314.0 345.0 293.0 368.0 319.0 Grasp 0
413.0 84.0 360.0 99.0 352.0 71.0 405.0 56.0 Grasp 0
359.0 325.0 332.0 296.0 355.0 275.0 381.0 304.0 Grasp 0
280.0 78.0 214.0 97.0 206.0 67.0 272.0 48.0 Grasp 0
306.0 109.0 239.0 143.0 225.0 115.0 293.0 81.0 Grasp 0
376.0 320.0 349.0 290.0 372.0 269.0 399.0 299.0 Grasp 0
406.0 53.0 355.0 67.0 347.0 39.0 398.0 25.0 Grasp 0
304.0 372.0 282.0 347.0 305.0 325.0 328.0 350.0 Grasp 0
296.0 327.0 277.0 377.0 250.0 367.0 269.0 317.0 Grasp 0
328.0 360.0 305.0 334.0 328.0 313.0 352.0 339.0 Grasp 0
284.0 62.0 216.0 68.0 213.0 37.0 281.0 31.0 Grasp 0
289.0 305.0 204.0 347.0 190.0 318.0 275.0 276.0 Grasp 0
292.0 83.0 225.0 102.0 217.0 73.0 283.0 54.0 Grasp 0
495.0 116.0 467.0 160.0 441.0 144.0 469.0 100.0 Grasp 0
406.0 77.0 354.0 92.0 346.0 64.0 398.0 49.0 Grasp 0
285.0 328.0 266.0 377.0 238.0 366.0 257.0 318.0 Grasp 0
258.0 398.0 239.0 348.0 266.0 337.0 286.0 387.0 Grasp 0
290.0 42.0 219.0 62.0 211.0 33.0 282.0 13.0 Grasp 0
351.0 356.0 326.0 329.0 350.0 307.0 375.0 335.0 Grasp 0
271.0 276.0 195.0 298.0 187.0 271.0 263.0 249.0 Grasp 0
391.0 361.0 351.0 316.0 372.0 297.0 413.0 341.0 Grasp 0
399.0 32.0 356.0 65.0 338.0 42.0 381.0 9.0 Grasp 0
474.0 142.0 437.0 123.0 451.0 96.0 487.0 115.0 Grasp 0
271.0 73.0 202.0 80.0 199.0 50.0 268.0 44.0 Grasp 0
322.0 377.0 299.0 351.0 323.0 329.0 347.0 355.0 Grasp 0
402.0 47.0 359.0 80.0 341.0 56.0 384.0 23.0 Grasp 0
334.0 346.0 311.0 321.0 334.0 300.0 357.0 325.0 Grasp 0
283.0 137.0 216.0 156.0 208.0 127.0 275.0 108.0 Grasp 0
292.0 392.0 266.0 364.0 291.0 342.0 317.0 370.0 Grasp 0
390.0 322.0 361.0 300.0 380.0 276.0 408.0 298.0 Grasp 0
399.0 44.0 346.0 59.0 338.0 31.0 391.0 16.0 Grasp 0
389.0 55.0 339.0 69.0 331.0 41.0 381.0 27.0 Grasp 0
405.0 66.0 355.0 80.0 347.0 52.0 397.0 38.0 Grasp 0
270.0 377.0 259.0 321.0 288.0 316.0 298.0 371.0 Grasp 0
401.0 97.0 349.0 112.0 341.0 84.0 393.0 69.0 Grasp 0
394.0 54.0 359.0 93.0 337.0 73.0 372.0 34.0 Grasp 0
368.0 365.0 338.0 318.0 363.0 303.0 393.0 350.0 Grasp 0
394.0 24.0 353.0 55.0 336.0 32.0 377.0 1.0 Grasp 0
408.0 62.0 364.0 96.0 346.0 72.0 390.0 39.0 Grasp 0
265.0 59.0 193.0 66.0 190.0 36.0 263.0 29.0 Grasp 0
292.0 288.0 219.0 325.0 206.0 300.0 280.0 263.0 Grasp 0
304.0 322.0 293.0 377.0 265.0 372.0 275.0 317.0 Grasp 0
253.0 379.0 233.0 330.0 261.0 319.0 280.0 369.0 Grasp 0
