357.0 226.0 269.0 234.0 266.0 205.0 354.0 197.0 Grasp 0
351.0 214.0 264.0 190.0 272.0 161.0 359.0 186.0 Grasp 0
343.0 291.0 250.0 265.0 258.0 237.0 351.0 263.0 Grasp 0
592.0 100.0 566.0 88.0 579.0 62.0 605.0 74.0 Grasp 0
245.0 324.0 203.0 312.0 211.0 285.0 253.0 297.0 Grasp 0
525.0 306.0 475.0 320.0 467.0 291.0 516.0 277.0 Grasp 0
260.0 362.0 218.0 350.0 226.0 323.0 268.0 335.0 Grasp 0
519.0 293.0 470.0 318.0 456.0 291.0 506.0 266.0 Grasp 0
528.0 312.0 482.0 335.0 468.0 308.0 514.0 285.0 Grasp 0
267.0 332.0 228.0 313.0 241.0 288.0 280.0 307.0 Grasp 0
578.0 169.0 557.0 147.0 580.0 126.0 600.0 149.0 Grasp 0
520.0 328.0 470.0 342.0 462.0 313.0 511.0 299.0 Grasp 0
580.0 122.0 554.0 109.0 567.0 84.0 593.0 97.0 Grasp 0
253.0 314.0 217.0 287.0 234.0 265.0 270.0 291.0 Grasp 0
352.0 225.0 285.0 174.0 303.0 151.0 370.0 201.0 Grasp 0
356.0 265.0 275.0 225.0 289.0 198.0 369.0 238.0 Grasp 0
359.0 301.0 267.0 310.0 264.0 281.0 356.0 272.0 Grasp 0
341.0 207.0 293.0 154.0 315.0 134.0 363.0 187.0 Grasp 0
265.0 337.0 222.0 325.0 230.0 297.0 273.0 309.0 Grasp 0
267.0 322.0 229.0 302.0 241.0 277.0 280.0 297.0 Grasp 0
580.0 148.0 555.0 129.0 573.0 105.0 598.0 124.0 Grasp 0
263.0 314.0 228.0 287.0 245.0 265.0 280.0 291.0 Grasp 0
250.0 351.0 208.0 339.0 216.0 311.0 258.0 323.0 Grasp 0
345.0 204.0 264.0 164.0 277.0 137.0 359.0 178.0 Grasp 0
572.0 150.0 548.0 132.0 565.0 109.0 590.0 127.0 Grasp 0
246.0 343.0 207.0 324.0 220.0 298.0 259.0 318.0 Grasp 0
356.0 209.0 269.0 217.0 267.0 187.0 353.0 179.0 Grasp 0
339.0 183.0 306.0 147.0 327.0 127.0 361.0 163.0 Grasp 0
252.0 322.0 213.0 303.0 225.0 277.0 264.0 297.0 Grasp 0
585.0 112.0 559.0 99.0 572.0 74.0 597.0 86.0 Grasp 0
582.0 207.0 542.0 143.0 567.0 128.0 606.0 191.0 Grasp 0
232.0 362.0 177.0 335.0 195.0 300.0 250.0 327.0 Grasp 0
253.0 299.0 224.0 267.0 244.0 248.0 274.0 280.0 Grasp 0
247.0 360.0 203.0 356.0 205.0 327.0 250.0 331.0 Grasp 0
537.0 329.0 487.0 343.0 479.0 314.0 529.0 299.0 Grasp 0
243.0 299.0 213.0 266.0 234.0 248.0 264.0 280.0 Grasp 0
272.0 359.0 229.0 363.0 226.0 335.0 269.0 331.0 Grasp 0
357.0 267.0 263.0 258.0 266.0 229.0 360.0 237.0 Grasp 0
354.0 247.0 261.0 256.0 258.0 226.0 351.0 218.0 Grasp 0
360.0 245.0 271.0 236.0 274.0 207.0 363.0 216.0 Grasp 0
241.0 310.0 205.0 283.0 223.0 260.0 258.0 287.0 Grasp 0
352.0 294.0 257.0 285.0 260.0 256.0 355.0 265.0 Grasp 0
261.0 162.0 234.0 192.0 213.0 173.0 240.0 143.0 Grasp 0
368.0 275.0 274.0 302.0 266.0 274.0 360.0 247.0 Grasp 0
336.0 321.0 251.0 278.0 264.0 252.0 349.0 294.0 Grasp 0
339.0 195.0 306.0 158.0 327.0 138.0 360.0 175.0 Grasp 0
265.0 353.0 222.0 341.0 230.0 313.0 273.0 325.0 Grasp 0
355.0 274.0 259.0 283.0 257.0 254.0 353.0 245.0 Grasp 0
