297.0 270.0 247.0 274.0 244.0 246.0 294.0 241.0 Grasp 0
600.0 50.0 571.0 124.0 543.0 113.0 572.0 39.0 Grasp 0
331.0 151.0 321.0 207.0 291.0 202.0 302.0 146.0 Grasp 0
577.0 243.0 526.0 248.0 523.0 220.0 574.0 215.0 Grasp 0
565.0 216.0 519.0 211.0 522.0 182.0 567.0 187.0 Grasp 0
339.0 416.0 276.0 422.0 273.0 393.0 336.0 387.0 Grasp 0
326.0 163.0 326.0 224.0 297.0 224.0 297.0 163.0 Grasp 0
313.0 280.0 279.0 318.0 258.0 299.0 292.0 261.0 Grasp 0
561.0 192.0 521.0 212.0 508.0 186.0 548.0 166.0 Grasp 0
321.0 320.0 282.0 362.0 261.0 343.0 300.0 300.0 Grasp 0
611.0 44.0 582.0 119.0 555.0 108.0 583.0 33.0 Grasp 0
303.0 291.0 258.0 313.0 245.0 288.0 290.0 266.0 Grasp 0
572.0 275.0 518.0 259.0 526.0 231.0 580.0 247.0 Grasp 0
281.0 21.0 231.0 76.0 209.0 56.0 259.0 1.0 Grasp 0
272.0 252.0 225.0 239.0 233.0 211.0 280.0 224.0 Grasp 0
371.0 398.0 305.0 404.0 302.0 376.0 368.0 369.0 Grasp 0
294.0 150.0 253.0 196.0 231.0 176.0 272.0 130.0 Grasp 0
347.0 155.0 325.0 209.0 298.0 198.0 319.0 144.0 Grasp 0
301.0 149.0 270.0 198.0 245.0 183.0 276.0 133.0 Grasp 0
325.0 285.0 284.0 316.0 267.0 293.0 308.0 262.0 Grasp 0
484.0 318.0 470.0 245.0 498.0 240.0 512.0 313.0 Grasp 0
294.0 264.0 244.0 259.0 247.0 231.0 297.0 236.0 Grasp 0
341.0 397.0 274.0 379.0 282.0 351.0 349.0 370.0 Grasp 0
512.0 259.0 512.0 334.0 482.0 334.0 482.0 259.0 Grasp 0
309.0 305.0 262.0 329.0 249.0 304.0 296.0 280.0 Grasp 0
341.0 181.0 291.0 219.0 273.0 195.0 324.0 157.0 Grasp 0
569.0 17.0 536.0 102.0 508.0 91.0 541.0 6.0 Grasp 0
296.0 133.0 247.0 169.0 229.0 146.0 278.0 109.0 Grasp 0
551.0 225.0 509.0 213.0 517.0 185.0 559.0 197.0 Grasp 0
308.0 306.0 272.0 345.0 251.0 326.0 287.0 287.0 Grasp 0
309.0 275.0 268.0 305.0 251.0 283.0 292.0 252.0 Grasp 0
579.0 24.0 548.0 106.0 520.0 95.0 551.0 13.0 Grasp 0
325.0 347.0 273.0 386.0 255.0 363.0 307.0 323.0 Grasp 0
491.0 256.0 477.0 328.0 449.0 323.0 463.0 251.0 Grasp 0
566.0 311.0 501.0 261.0 519.0 238.0 584.0 287.0 Grasp 0
303.0 286.0 254.0 300.0 246.0 273.0 295.0 258.0 Grasp 0
557.0 329.0 504.0 271.0 525.0 251.0 579.0 310.0 Grasp 0
319.0 155.0 298.0 209.0 271.0 199.0 292.0 144.0 Grasp 0
275.0 264.0 225.0 269.0 222.0 241.0 272.0 236.0 Grasp 0
319.0 142.0 298.0 196.0 270.0 186.0 291.0 131.0 Grasp 0
314.0 205.0 302.0 144.0 331.0 138.0 342.0 200.0 Grasp 0
310.0 149.0 265.0 184.0 247.0 160.0 292.0 126.0 Grasp 0
328.0 413.0 266.0 395.0 274.0 368.0 336.0 385.0 Grasp 0
225.0 176.0 204.0 121.0 232.0 110.0 253.0 165.0 Grasp 0
287.0 275.0 239.0 289.0 231.0 262.0 280.0 248.0 Grasp 0
535.0 320.0 494.0 255.0 519.0 239.0 560.0 305.0 Grasp 0
357.0 156.0 336.0 210.0 309.0 200.0 330.0 146.0 Grasp 0
571.0 292.0 506.0 260.0 519.0 234.0 584.0 267.0 Grasp 0
296.0 142.0 246.0 180.0 228.0 157.0 279.0 119.0 Grasp 0
431.0 209.0 373.0 238.0 360.0 213.0 418.0 184.0 Grasp 0
551.0 236.0 508.0 223.0 516.0 196.0 558.0 208.0 Grasp 0
312.0 160.0 281.0 210.0 256.0 194.0 287.0 144.0 Grasp 0
322.0 297.0 294.0 342.0 269.0 327.0 297.0 282.0 Grasp 0
507.0 324.0 481.0 255.0 507.0 245.0 534.0 314.0 Grasp 0
353.0 409.0 288.0 403.0 291.0 375.0 356.0 381.0 Grasp 0
505.0 352.0 491.0 279.0 520.0 274.0 533.0 346.0 Grasp 0
576.0 206.0 529.0 220.0 521.0 192.0 568.0 178.0 Grasp 0
307.0 132.0 276.0 181.0 251.0 166.0 282.0 116.0 Grasp 0
497.0 267.0 483.0 339.0 455.0 334.0 468.0 262.0 Grasp 0
274.0 136.0 218.0 164.0 204.0 137.0 260.0 109.0 Grasp 0
365.0 392.0 296.0 385.0 298.0 357.0 368.0 363.0 Grasp 0
312.0 316.0 265.0 339.0 252.0 314.0 299.0 291.0 Grasp 0
338.0 358.0 276.0 389.0 263.0 363.0 325.0 332.0 Grasp 0
581.0 259.0 525.0 254.0 527.0 225.0 583.0 230.0 Grasp 0
