362.0 308.0 312.0 346.0 294.0 322.0 344.0 284.0 Grasp 0
351.0 337.0 290.0 354.0 282.0 326.0 343.0 308.0 Grasp 0
351.0 301.0 301.0 339.0 283.0 315.0 333.0 278.0 Grasp 0
367.0 342.0 308.0 359.0 299.0 330.0 359.0 313.0 Grasp 0
424.0 211.0 361.0 142.0 382.0 123.0 445.0 192.0 Grasp 0
362.0 352.0 301.0 369.0 293.0 341.0 354.0 324.0 Grasp 0
264.0 190.0 197.0 223.0 184.0 196.0 251.0 163.0 Grasp 0
379.0 352.0 319.0 369.0 311.0 340.0 371.0 323.0 Grasp 0
278.0 204.0 205.0 241.0 192.0 215.0 265.0 178.0 Grasp 0
412.0 226.0 360.0 143.0 385.0 127.0 437.0 211.0 Grasp 0
420.0 178.0 334.0 185.0 332.0 157.0 417.0 149.0 Grasp 0
350.0 292.0 302.0 329.0 283.0 304.0 332.0 268.0 Grasp 0
366.0 238.0 347.0 133.0 375.0 128.0 395.0 232.0 Grasp 0
377.0 316.0 323.0 357.0 305.0 334.0 359.0 292.0 Grasp 0
377.0 244.0 357.0 138.0 386.0 133.0 406.0 238.0 Grasp 0
374.0 325.0 314.0 342.0 306.0 313.0 366.0 296.0 Grasp 0
415.0 240.0 325.0 195.0 338.0 169.0 428.0 214.0 Grasp 0
420.0 159.0 340.0 182.0 332.0 154.0 412.0 131.0 Grasp 0
277.0 202.0 200.0 223.0 192.0 195.0 269.0 173.0 Grasp 0
427.0 159.0 396.0 239.0 369.0 228.0 400.0 148.0 Grasp 0
359.0 334.0 303.0 376.0 285.0 352.0 341.0 310.0 Grasp 0
388.0 244.0 314.0 188.0 332.0 165.0 406.0 221.0 Grasp 0
276.0 215.0 212.0 263.0 194.0 240.0 258.0 191.0 Grasp 0
367.0 295.0 317.0 333.0 300.0 309.0 349.0 272.0 Grasp 0
346.0 319.0 289.0 348.0 276.0 321.0 333.0 293.0 Grasp 0
