374.0 283.0 282.0 257.0 290.0 229.0 382.0 255.0 Grasp 0
244.0 361.0 211.0 325.0 234.0 304.0 267.0 340.0 Grasp 0
591.0 21.0 591.0 124.0 554.0 124.0 554.0 21.0 Grasp 0
236.0 370.0 203.0 333.0 226.0 312.0 259.0 349.0 Grasp 0
351.0 285.0 275.0 264.0 283.0 235.0 359.0 256.0 Grasp 0
228.0 375.0 214.0 299.0 244.0 294.0 258.0 369.0 Grasp 0
315.0 140.0 265.0 194.0 244.0 174.0 294.0 121.0 Grasp 0
310.0 314.0 273.0 274.0 295.0 254.0 331.0 294.0 Grasp 0
620.0 20.0 620.0 124.0 583.0 124.0 583.0 20.0 Grasp 0
324.0 307.0 270.0 281.0 283.0 255.0 337.0 281.0 Grasp 0
315.0 285.0 279.0 257.0 297.0 233.0 333.0 261.0 Grasp 0
554.0 142.0 508.0 24.0 542.0 11.0 587.0 129.0 Grasp 0
281.0 319.0 251.0 270.0 277.0 254.0 307.0 303.0 Grasp 0
228.0 393.0 183.0 371.0 197.0 343.0 242.0 365.0 Grasp 0
570.0 23.0 570.0 127.0 533.0 127.0 533.0 23.0 Grasp 0
264.0 344.0 226.0 314.0 244.0 290.0 283.0 319.0 Grasp 0
252.0 349.0 222.0 326.0 240.0 301.0 271.0 325.0 Grasp 0
308.0 136.0 268.0 179.0 247.0 160.0 287.0 116.0 Grasp 0
649.0 26.0 649.0 128.0 613.0 128.0 613.0 26.0 Grasp 0
280.0 325.0 241.0 296.0 260.0 271.0 298.0 301.0 Grasp 0
322.0 310.0 239.0 302.0 242.0 272.0 325.0 280.0 Grasp 0
230.0 372.0 202.0 351.0 221.0 326.0 249.0 347.0 Grasp 0
617.0 20.0 596.0 134.0 560.0 127.0 581.0 13.0 Grasp 0
237.0 382.0 191.0 359.0 205.0 331.0 251.0 354.0 Grasp 0
411.0 64.0 376.0 91.0 359.0 68.0 394.0 41.0 Grasp 0
267.0 336.0 234.0 299.0 257.0 278.0 290.0 315.0 Grasp 0
545.0 27.0 545.0 129.0 510.0 129.0 510.0 27.0 Grasp 0
635.0 23.0 635.0 126.0 599.0 126.0 599.0 23.0 Grasp 0
213.0 394.0 182.0 361.0 206.0 340.0 236.0 373.0 Grasp 0
316.0 268.0 256.0 222.0 273.0 199.0 333.0 244.0 Grasp 0
315.0 277.0 260.0 235.0 278.0 212.0 332.0 253.0 Grasp 0
219.0 387.0 191.0 341.0 217.0 324.0 246.0 371.0 Grasp 0
322.0 144.0 270.0 228.0 246.0 213.0 298.0 129.0 Grasp 0
270.0 364.0 186.0 371.0 183.0 340.0 268.0 333.0 Grasp 0
289.0 315.0 250.0 286.0 268.0 262.0 307.0 291.0 Grasp 0
617.0 141.0 571.0 22.0 604.0 9.0 650.0 128.0 Grasp 0
