503.0 225.0 477.0 294.0 448.0 282.0 475.0 214.0 Grasp 0
277.0 253.0 211.0 259.0 208.0 231.0 274.0 225.0 Grasp 0
297.0 201.0 259.0 140.0 284.0 125.0 322.0 186.0 Grasp 0
418.0 148.0 364.0 188.0 347.0 165.0 400.0 125.0 Grasp 0
275.0 233.0 207.0 227.0 209.0 198.0 278.0 204.0 Grasp 0
266.0 291.0 251.0 307.0 230.0 288.0 245.0 272.0 Grasp 0
484.0 223.0 484.0 296.0 453.0 296.0 453.0 223.0 Grasp 0
485.0 287.0 447.0 226.0 473.0 209.0 511.0 271.0 Grasp 0
397.0 130.0 321.0 123.0 324.0 94.0 399.0 101.0 Grasp 0
429.0 161.0 381.0 197.0 364.0 174.0 412.0 138.0 Grasp 0
433.0 308.0 388.0 286.0 401.0 260.0 446.0 283.0 Grasp 0
302.0 184.0 266.0 125.0 290.0 110.0 326.0 169.0 Grasp 0
409.0 182.0 361.0 218.0 343.0 195.0 391.0 159.0 Grasp 0
426.0 188.0 373.0 214.0 360.0 188.0 413.0 161.0 Grasp 0
451.0 319.0 404.0 324.0 402.0 296.0 448.0 291.0 Grasp 0
497.0 208.0 497.0 277.0 466.0 277.0 466.0 208.0 Grasp 0
518.0 260.0 451.0 266.0 448.0 236.0 515.0 230.0 Grasp 0
272.0 207.0 210.0 176.0 223.0 150.0 285.0 181.0 Grasp 0
272.0 217.0 211.0 187.0 224.0 161.0 285.0 191.0 Grasp 0
459.0 328.0 422.0 339.0 414.0 312.0 451.0 301.0 Grasp 0
293.0 249.0 228.0 231.0 236.0 203.0 301.0 222.0 Grasp 0
430.0 195.0 384.0 230.0 366.0 207.0 413.0 172.0 Grasp 0
409.0 205.0 356.0 231.0 343.0 205.0 396.0 179.0 Grasp 0
377.0 98.0 349.0 171.0 321.0 160.0 350.0 88.0 Grasp 0
294.0 238.0 233.0 208.0 246.0 183.0 306.0 213.0 Grasp 0
277.0 285.0 262.0 302.0 241.0 283.0 257.0 266.0 Grasp 0
348.0 97.0 335.0 168.0 307.0 162.0 320.0 92.0 Grasp 0
457.0 336.0 428.0 350.0 416.0 325.0 445.0 311.0 Grasp 0
434.0 210.0 389.0 244.0 371.0 221.0 416.0 187.0 Grasp 0
283.0 197.0 222.0 166.0 235.0 141.0 296.0 171.0 Grasp 0
407.0 138.0 360.0 189.0 338.0 169.0 385.0 118.0 Grasp 0
282.0 193.0 236.0 142.0 257.0 123.0 303.0 173.0 Grasp 0
382.0 114.0 354.0 187.0 327.0 177.0 355.0 104.0 Grasp 0
265.0 249.0 196.0 243.0 199.0 214.0 267.0 220.0 Grasp 0
257.0 233.0 195.0 202.0 207.0 177.0 269.0 208.0 Grasp 0
408.0 104.0 355.0 162.0 333.0 143.0 387.0 84.0 Grasp 0
421.0 313.0 376.0 291.0 388.0 266.0 433.0 288.0 Grasp 0
321.0 283.0 309.0 345.0 281.0 340.0 293.0 278.0 Grasp 0
446.0 215.0 401.0 249.0 384.0 226.0 428.0 192.0 Grasp 0
432.0 215.0 395.0 256.0 373.0 237.0 411.0 196.0 Grasp 0
366.0 97.0 338.0 170.0 311.0 159.0 339.0 87.0 Grasp 0
331.0 279.0 320.0 338.0 292.0 333.0 303.0 274.0 Grasp 0
450.0 286.0 437.0 215.0 467.0 210.0 480.0 281.0 Grasp 0
396.0 171.0 356.0 215.0 334.0 196.0 375.0 151.0 Grasp 0
409.0 177.0 355.0 204.0 343.0 178.0 396.0 151.0 Grasp 0
453.0 312.0 401.0 307.0 404.0 279.0 456.0 283.0 Grasp 0
262.0 244.0 201.0 213.0 214.0 188.0 274.0 218.0 Grasp 0
493.0 269.0 440.0 229.0 459.0 204.0 512.0 244.0 Grasp 0
280.0 222.0 212.0 216.0 215.0 187.0 283.0 194.0 Grasp 0
439.0 239.0 412.0 282.0 388.0 267.0 414.0 224.0 Grasp 0
394.0 130.0 353.0 197.0 328.0 181.0 369.0 115.0 Grasp 0
287.0 171.0 240.0 120.0 262.0 101.0 308.0 152.0 Grasp 0
454.0 347.0 424.0 361.0 411.0 336.0 441.0 321.0 Grasp 0
298.0 216.0 243.0 174.0 261.0 151.0 316.0 193.0 Grasp 0
516.0 271.0 446.0 278.0 443.0 247.0 513.0 241.0 Grasp 0
256.0 244.0 189.0 225.0 197.0 198.0 264.0 217.0 Grasp 0
490.0 188.0 490.0 263.0 460.0 263.0 460.0 188.0 Grasp 0
419.0 221.0 367.0 246.0 354.0 221.0 406.0 195.0 Grasp 0
333.0 314.0 243.0 339.0 235.0 311.0 325.0 286.0 Grasp 0
294.0 243.0 227.0 249.0 224.0 221.0 291.0 214.0 Grasp 0
399.0 114.0 357.0 180.0 332.0 165.0 374.0 98.0 Grasp 0
421.0 122.0 360.0 168.0 343.0 145.0 404.0 99.0 Grasp 0
298.0 209.0 252.0 158.0 273.0 139.0 319.0 190.0 Grasp 0
273.0 233.0 212.0 203.0 225.0 178.0 285.0 208.0 Grasp 0
304.0 233.0 243.0 203.0 256.0 178.0 317.0 208.0 Grasp 0
449.0 339.0 411.0 350.0 404.0 322.0 441.0 312.0 Grasp 0
513.0 255.0 447.0 249.0 450.0 218.0 516.0 224.0 Grasp 0
499.0 267.0 430.0 274.0 427.0 243.0 496.0 237.0 Grasp 0
287.0 289.0 269.0 302.0 252.0 279.0 270.0 266.0 Grasp 0
393.0 147.0 320.0 127.0 328.0 99.0 401.0 119.0 Grasp 0
293.0 217.0 232.0 186.0 245.0 161.0 306.0 192.0 Grasp 0
503.0 196.0 476.0 266.0 448.0 255.0 475.0 185.0 Grasp 0
298.0 329.0 274.0 332.0 272.0 303.0 296.0 301.0 Grasp 0
298.0 278.0 279.0 292.0 262.0 269.0 281.0 255.0 Grasp 0
434.0 221.0 405.0 268.0 381.0 253.0 410.0 206.0 Grasp 0
283.0 228.0 221.0 197.0 234.0 171.0 296.0 202.0 Grasp 0
475.0 291.0 438.0 232.0 464.0 216.0 501.0 275.0 Grasp 0
246.0 369.0 223.0 362.0 231.0 335.0 254.0 341.0 Grasp 0
485.0 280.0 461.0 216.0 489.0 205.0 514.0 269.0 Grasp 0
423.0 227.0 395.0 273.0 370.0 257.0 399.0 212.0 Grasp 0
511.0 285.0 447.0 253.0 461.0 226.0 524.0 257.0 Grasp 0
263.0 353.0 240.0 351.0 242.0 323.0 266.0 325.0 Grasp 0
266.0 344.0 243.0 338.0 251.0 310.0 274.0 317.0 Grasp 0
452.0 306.0 403.0 292.0 410.0 264.0 460.0 278.0 Grasp 0
439.0 211.0 384.0 227.0 376.0 199.0 431.0 183.0 Grasp 0
