369.0 323.0 357.0 386.0 320.0 379.0 332.0 316.0 Grasp 0
442.0 231.0 409.0 177.0 433.0 162.0 466.0 216.0 Grasp 0
308.0 87.0 258.0 125.0 241.0 102.0 291.0 64.0 Grasp 0
339.0 315.0 311.0 388.0 276.0 374.0 304.0 302.0 Grasp 0
157.0 175.0 139.0 220.0 112.0 209.0 130.0 165.0 Grasp 0
415.0 253.0 398.0 162.0 427.0 157.0 444.0 248.0 Grasp 0
206.0 178.0 206.0 246.0 177.0 246.0 177.0 178.0 Grasp 0
334.0 101.0 275.0 146.0 257.0 122.0 317.0 77.0 Grasp 0
298.0 305.0 270.0 377.0 236.0 364.0 264.0 291.0 Grasp 0
475.0 184.0 440.0 145.0 461.0 126.0 496.0 164.0 Grasp 0
183.0 185.0 167.0 226.0 140.0 215.0 156.0 174.0 Grasp 0
298.0 66.0 244.0 106.0 227.0 83.0 280.0 43.0 Grasp 0
325.0 311.0 295.0 387.0 260.0 373.0 289.0 297.0 Grasp 0
471.0 206.0 428.0 158.0 449.0 139.0 493.0 187.0 Grasp 0
334.0 99.0 258.0 137.0 245.0 111.0 321.0 73.0 Grasp 0
222.0 167.0 222.0 254.0 193.0 254.0 193.0 167.0 Grasp 0
369.0 323.0 324.0 396.0 292.0 376.0 337.0 303.0 Grasp 0
379.0 134.0 277.0 164.0 269.0 135.0 371.0 106.0 Grasp 0
448.0 235.0 419.0 160.0 446.0 150.0 475.0 225.0 Grasp 0
303.0 310.0 292.0 372.0 255.0 365.0 267.0 304.0 Grasp 0
192.0 183.0 184.0 226.0 155.0 221.0 163.0 178.0 Grasp 0
168.0 175.0 149.0 223.0 122.0 212.0 140.0 165.0 Grasp 0
222.0 173.0 197.0 239.0 170.0 228.0 195.0 162.0 Grasp 0
241.0 173.0 210.0 255.0 182.0 245.0 214.0 163.0 Grasp 0
360.0 116.0 276.0 157.0 263.0 131.0 347.0 90.0 Grasp 0
473.0 237.0 381.0 246.0 379.0 217.0 470.0 208.0 Grasp 0
259.0 175.0 225.0 263.0 198.0 252.0 232.0 165.0 Grasp 0
344.0 318.0 332.0 381.0 295.0 374.0 307.0 311.0 Grasp 0
471.0 216.0 390.0 224.0 388.0 195.0 468.0 188.0 Grasp 0
456.0 225.0 426.0 146.0 452.0 135.0 483.0 214.0 Grasp 0
481.0 196.0 391.0 221.0 383.0 193.0 473.0 168.0 Grasp 0
384.0 324.0 338.0 398.0 307.0 379.0 353.0 304.0 Grasp 0
455.0 254.0 375.0 247.0 378.0 218.0 458.0 225.0 Grasp 0
393.0 323.0 364.0 398.0 330.0 384.0 359.0 310.0 Grasp 0
241.0 168.0 175.0 241.0 154.0 221.0 219.0 149.0 Grasp 0
430.0 242.0 401.0 169.0 428.0 158.0 457.0 232.0 Grasp 0
355.0 322.0 344.0 382.0 307.0 375.0 319.0 315.0 Grasp 0
302.0 83.0 244.0 112.0 231.0 86.0 289.0 57.0 Grasp 0
405.0 261.0 384.0 149.0 412.0 144.0 433.0 256.0 Grasp 0
346.0 113.0 270.0 150.0 257.0 124.0 333.0 87.0 Grasp 0
483.0 215.0 390.0 242.0 382.0 214.0 475.0 187.0 Grasp 0
358.0 402.0 324.0 314.0 358.0 301.0 392.0 388.0 Grasp 0
279.0 304.0 267.0 367.0 231.0 360.0 243.0 297.0 Grasp 0
