294.0 277.0 259.0 368.0 232.0 358.0 267.0 266.0 Grasp 0
517.0 294.0 506.0 351.0 477.0 346.0 488.0 289.0 Grasp 0
272.0 371.0 204.0 319.0 221.0 296.0 290.0 348.0 Grasp 0
448.0 274.0 436.0 337.0 407.0 331.0 419.0 269.0 Grasp 0
528.0 310.0 517.0 366.0 488.0 361.0 499.0 304.0 Grasp 0
468.0 286.0 457.0 346.0 428.0 341.0 439.0 280.0 Grasp 0
563.0 116.0 548.0 140.0 524.0 125.0 539.0 101.0 Grasp 0
402.0 156.0 355.0 207.0 333.0 186.0 379.0 135.0 Grasp 0
537.0 90.0 531.0 122.0 503.0 117.0 509.0 85.0 Grasp 0
589.0 156.0 568.0 179.0 547.0 160.0 569.0 137.0 Grasp 0
271.0 349.0 212.0 285.0 233.0 265.0 292.0 330.0 Grasp 0
539.0 314.0 528.0 373.0 499.0 367.0 510.0 308.0 Grasp 0
484.0 284.0 472.0 345.0 443.0 339.0 455.0 279.0 Grasp 0
566.0 130.0 546.0 151.0 525.0 132.0 544.0 110.0 Grasp 0
576.0 134.0 554.0 158.0 533.0 139.0 555.0 115.0 Grasp 0
599.0 182.0 577.0 199.0 560.0 176.0 582.0 159.0 Grasp 0
517.0 312.0 505.0 374.0 476.0 368.0 488.0 307.0 Grasp 0
596.0 167.0 575.0 189.0 554.0 170.0 575.0 147.0 Grasp 0
508.0 304.0 497.0 362.0 468.0 357.0 479.0 299.0 Grasp 0
485.0 302.0 474.0 364.0 444.0 358.0 456.0 296.0 Grasp 0
416.0 166.0 360.0 208.0 341.0 184.0 398.0 141.0 Grasp 0
571.0 331.0 554.0 375.0 526.0 364.0 543.0 320.0 Grasp 0
529.0 305.0 495.0 361.0 469.0 345.0 504.0 290.0 Grasp 0
263.0 356.0 193.0 303.0 210.0 280.0 280.0 333.0 Grasp 0
459.0 292.0 447.0 355.0 418.0 349.0 430.0 287.0 Grasp 0
277.0 265.0 202.0 322.0 185.0 299.0 260.0 242.0 Grasp 0
521.0 43.0 521.0 117.0 491.0 117.0 491.0 43.0 Grasp 0
507.0 13.0 507.0 88.0 477.0 88.0 477.0 13.0 Grasp 0
496.0 279.0 484.0 342.0 455.0 336.0 467.0 274.0 Grasp 0
574.0 314.0 565.0 360.0 536.0 354.0 545.0 309.0 Grasp 0
398.0 171.0 363.0 228.0 337.0 212.0 372.0 155.0 Grasp 0
468.0 278.0 445.0 337.0 417.0 326.0 440.0 268.0 Grasp 0
537.0 105.0 525.0 136.0 498.0 126.0 511.0 94.0 Grasp 0
381.0 148.0 344.0 208.0 319.0 192.0 356.0 132.0 Grasp 0
506.0 287.0 495.0 344.0 466.0 339.0 477.0 282.0 Grasp 0
523.0 24.0 496.0 91.0 470.0 81.0 496.0 13.0 Grasp 0
586.0 146.0 567.0 167.0 546.0 148.0 565.0 126.0 Grasp 0
473.0 306.0 450.0 364.0 423.0 353.0 445.0 295.0 Grasp 0
246.0 354.0 178.0 303.0 195.0 280.0 263.0 331.0 Grasp 0
312.0 284.0 260.0 367.0 235.0 352.0 287.0 269.0 Grasp 0
410.0 147.0 373.0 207.0 347.0 191.0 384.0 131.0 Grasp 0
528.0 291.0 516.0 351.0 488.0 346.0 499.0 286.0 Grasp 0
504.0 307.0 472.0 357.0 447.0 342.0 479.0 291.0 Grasp 0
445.0 353.0 423.0 295.0 450.0 285.0 473.0 342.0 Grasp 0
241.0 362.0 196.0 289.0 221.0 274.0 266.0 346.0 Grasp 0
498.0 23.0 498.0 96.0 469.0 96.0 469.0 23.0 Grasp 0
540.0 296.0 540.0 357.0 510.0 357.0 510.0 296.0 Grasp 0
586.0 330.0 569.0 374.0 541.0 363.0 558.0 319.0 Grasp 0
296.0 278.0 213.0 340.0 195.0 317.0 278.0 254.0 Grasp 0
548.0 110.0 536.0 140.0 510.0 130.0 521.0 100.0 Grasp 0
535.0 299.0 524.0 356.0 495.0 351.0 506.0 294.0 Grasp 0
386.0 159.0 349.0 218.0 323.0 202.0 360.0 143.0 Grasp 0
533.0 95.0 516.0 122.0 491.0 107.0 508.0 80.0 Grasp 0
273.0 341.0 227.0 267.0 252.0 251.0 298.0 326.0 Grasp 0
447.0 297.0 436.0 358.0 407.0 353.0 418.0 292.0 Grasp 0
