607.0 299.0 594.0 366.0 565.0 361.0 578.0 293.0 Grasp 0
87.0 74.0 21.0 107.0 8.0 81.0 74.0 48.0 Grasp 0
462.0 373.0 449.0 306.0 478.0 300.0 491.0 367.0 Grasp 0
575.0 298.0 561.0 371.0 532.0 366.0 545.0 293.0 Grasp 0
94.0 92.0 44.0 130.0 26.0 107.0 77.0 69.0 Grasp 0
592.0 195.0 513.0 202.0 511.0 172.0 589.0 165.0 Grasp 0
592.0 177.0 508.0 185.0 505.0 154.0 590.0 147.0 Grasp 0
511.0 302.0 497.0 374.0 468.0 369.0 481.0 297.0 Grasp 0
535.0 368.0 523.0 301.0 552.0 296.0 564.0 363.0 Grasp 0
606.0 149.0 515.0 194.0 501.0 166.0 592.0 121.0 Grasp 0
562.0 299.0 549.0 372.0 519.0 367.0 533.0 294.0 Grasp 0
348.0 124.0 261.0 116.0 264.0 84.0 351.0 92.0 Grasp 0
117.0 194.0 90.0 207.0 78.0 181.0 104.0 168.0 Grasp 0
88.0 100.0 14.0 107.0 12.0 78.0 85.0 71.0 Grasp 0
110.0 183.0 85.0 195.0 72.0 170.0 97.0 157.0 Grasp 0
354.0 102.0 255.0 74.0 264.0 43.0 362.0 71.0 Grasp 0
463.0 312.0 421.0 379.0 396.0 364.0 438.0 296.0 Grasp 0
342.0 136.0 261.0 129.0 264.0 97.0 345.0 105.0 Grasp 0
539.0 300.0 508.0 380.0 480.0 369.0 511.0 290.0 Grasp 0
90.0 86.0 26.0 118.0 13.0 92.0 77.0 60.0 Grasp 0
474.0 303.0 443.0 382.0 416.0 371.0 446.0 292.0 Grasp 0
160.0 240.0 124.0 298.0 100.0 283.0 136.0 225.0 Grasp 0
588.0 366.0 563.0 303.0 591.0 293.0 615.0 355.0 Grasp 0
171.0 264.0 136.0 320.0 112.0 305.0 147.0 249.0 Grasp 0
550.0 368.0 538.0 300.0 567.0 295.0 579.0 362.0 Grasp 0
340.0 147.0 263.0 139.0 265.0 108.0 342.0 116.0 Grasp 0
145.0 208.0 109.0 265.0 85.0 250.0 120.0 193.0 Grasp 0
489.0 302.0 476.0 375.0 447.0 370.0 460.0 297.0 Grasp 0
353.0 112.0 260.0 103.0 263.0 72.0 356.0 80.0 Grasp 0
128.0 213.0 97.0 229.0 84.0 203.0 115.0 188.0 Grasp 0
589.0 376.0 524.0 304.0 546.0 284.0 611.0 356.0 Grasp 0
575.0 371.0 547.0 301.0 575.0 290.0 602.0 361.0 Grasp 0
167.0 313.0 93.0 275.0 105.0 250.0 180.0 287.0 Grasp 0
346.0 122.0 245.0 72.0 259.0 43.0 360.0 94.0 Grasp 0
546.0 300.0 532.0 372.0 503.0 367.0 517.0 295.0 Grasp 0
592.0 147.0 499.0 156.0 496.0 126.0 589.0 117.0 Grasp 0
124.0 205.0 93.0 220.0 81.0 194.0 111.0 179.0 Grasp 0
443.0 311.0 430.0 376.0 401.0 371.0 413.0 306.0 Grasp 0
524.0 375.0 496.0 303.0 524.0 292.0 552.0 364.0 Grasp 0
597.0 297.0 583.0 371.0 554.0 365.0 568.0 292.0 Grasp 0
493.0 372.0 480.0 303.0 509.0 297.0 522.0 366.0 Grasp 0
90.0 60.0 48.0 128.0 24.0 113.0 65.0 45.0 Grasp 0
343.0 156.0 266.0 163.0 263.0 132.0 340.0 125.0 Grasp 0
155.0 265.0 119.0 283.0 107.0 257.0 142.0 240.0 Grasp 0
167.0 263.0 127.0 306.0 106.0 287.0 146.0 244.0 Grasp 0
164.0 239.0 134.0 317.0 107.0 307.0 137.0 229.0 Grasp 0
144.0 245.0 110.0 262.0 98.0 236.0 131.0 219.0 Grasp 0
121.0 167.0 89.0 219.0 64.0 204.0 96.0 152.0 Grasp 0
592.0 161.0 504.0 169.0 501.0 139.0 589.0 131.0 Grasp 0
503.0 371.0 490.0 302.0 519.0 297.0 532.0 366.0 Grasp 0
485.0 377.0 457.0 305.0 484.0 294.0 512.0 367.0 Grasp 0
600.0 177.0 521.0 216.0 508.0 189.0 586.0 150.0 Grasp 0
480.0 302.0 466.0 375.0 437.0 370.0 451.0 296.0 Grasp 0
165.0 313.0 115.0 299.0 123.0 271.0 173.0 286.0 Grasp 0
138.0 232.0 105.0 248.0 92.0 223.0 125.0 206.0 Grasp 0
81.0 64.0 19.0 95.0 6.0 69.0 68.0 38.0 Grasp 0
362.0 84.0 253.0 30.0 267.0 2.0 376.0 56.0 Grasp 0
329.0 164.0 259.0 145.0 268.0 114.0 338.0 134.0 Grasp 0
