229.0 378.0 207.0 320.0 234.0 309.0 256.0 367.0 Grasp 0
485.0 280.0 433.0 254.0 447.0 227.0 499.0 253.0 Grasp 0
548.0 214.0 488.0 184.0 501.0 157.0 562.0 187.0 Grasp 0
388.0 294.0 381.0 335.0 352.0 330.0 360.0 289.0 Grasp 0
497.0 260.0 435.0 229.0 448.0 202.0 511.0 233.0 Grasp 0
423.0 344.0 387.0 305.0 409.0 284.0 445.0 323.0 Grasp 0
448.0 316.0 404.0 295.0 418.0 268.0 461.0 289.0 Grasp 0
504.0 247.0 451.0 207.0 469.0 183.0 522.0 223.0 Grasp 0
490.0 306.0 446.0 285.0 459.0 257.0 503.0 279.0 Grasp 0
518.0 237.0 462.0 194.0 480.0 171.0 535.0 213.0 Grasp 0
298.0 42.0 262.0 32.0 270.0 3.0 306.0 13.0 Grasp 0
259.0 380.0 223.0 322.0 247.0 307.0 283.0 365.0 Grasp 0
415.0 360.0 384.0 309.0 410.0 293.0 441.0 344.0 Grasp 0
463.0 287.0 424.0 257.0 442.0 232.0 482.0 262.0 Grasp 0
504.0 271.0 449.0 255.0 458.0 225.0 513.0 241.0 Grasp 0
345.0 312.0 313.0 363.0 289.0 348.0 320.0 297.0 Grasp 0
233.0 361.0 203.0 311.0 228.0 296.0 258.0 346.0 Grasp 0
477.0 317.0 435.0 296.0 449.0 269.0 491.0 290.0 Grasp 0
241.0 375.0 216.0 312.0 243.0 302.0 268.0 365.0 Grasp 0
298.0 350.0 243.0 308.0 260.0 285.0 316.0 327.0 Grasp 0
470.0 300.0 426.0 278.0 440.0 251.0 484.0 273.0 Grasp 0
410.0 183.0 410.0 217.0 382.0 217.0 382.0 183.0 Grasp 0
529.0 216.0 466.0 185.0 479.0 158.0 542.0 190.0 Grasp 0
530.0 256.0 457.0 235.0 465.0 206.0 538.0 227.0 Grasp 0
538.0 199.0 464.0 192.0 467.0 162.0 541.0 169.0 Grasp 0
438.0 330.0 399.0 301.0 417.0 277.0 456.0 306.0 Grasp 0
512.0 281.0 458.0 265.0 466.0 237.0 520.0 252.0 Grasp 0
246.0 295.0 246.0 359.0 218.0 359.0 218.0 295.0 Grasp 0
282.0 363.0 234.0 311.0 256.0 292.0 303.0 344.0 Grasp 0
484.0 275.0 429.0 233.0 447.0 210.0 502.0 251.0 Grasp 0
315.0 93.0 242.0 72.0 251.0 43.0 323.0 63.0 Grasp 0
430.0 175.0 423.0 209.0 395.0 203.0 401.0 170.0 Grasp 0
487.0 286.0 436.0 271.0 444.0 243.0 496.0 257.0 Grasp 0
518.0 174.0 452.0 224.0 435.0 200.0 501.0 150.0 Grasp 0
452.0 349.0 412.0 319.0 430.0 294.0 470.0 325.0 Grasp 0
430.0 351.0 403.0 308.0 429.0 292.0 456.0 335.0 Grasp 0
458.0 321.0 417.0 290.0 436.0 266.0 476.0 296.0 Grasp 0
448.0 363.0 412.0 324.0 435.0 303.0 471.0 342.0 Grasp 0
391.0 286.0 376.0 325.0 349.0 315.0 364.0 276.0 Grasp 0
504.0 287.0 449.0 272.0 457.0 242.0 512.0 258.0 Grasp 0
453.0 334.0 419.0 297.0 442.0 276.0 475.0 313.0 Grasp 0
245.0 380.0 207.0 338.0 228.0 318.0 267.0 361.0 Grasp 0
420.0 371.0 399.0 316.0 427.0 305.0 449.0 360.0 Grasp 0
453.0 305.0 410.0 284.0 424.0 257.0 466.0 278.0 Grasp 0
369.0 218.0 363.0 187.0 391.0 182.0 397.0 213.0 Grasp 0
501.0 250.0 437.0 218.0 451.0 191.0 515.0 223.0 Grasp 0
545.0 231.0 488.0 188.0 506.0 163.0 563.0 207.0 Grasp 0
305.0 88.0 256.0 34.0 278.0 14.0 328.0 68.0 Grasp 0
415.0 383.0 394.0 329.0 423.0 317.0 443.0 372.0 Grasp 0
518.0 227.0 452.0 208.0 460.0 179.0 527.0 198.0 Grasp 0
399.0 360.0 367.0 309.0 393.0 293.0 425.0 344.0 Grasp 0
520.0 248.0 462.0 205.0 480.0 181.0 538.0 224.0 Grasp 0
535.0 237.0 478.0 193.0 496.0 169.0 553.0 212.0 Grasp 0
445.0 155.0 439.0 186.0 411.0 181.0 417.0 150.0 Grasp 0
498.0 233.0 434.0 201.0 448.0 174.0 511.0 206.0 Grasp 0
299.0 79.0 218.0 72.0 221.0 41.0 301.0 48.0 Grasp 0
380.0 297.0 365.0 336.0 339.0 326.0 354.0 287.0 Grasp 0
447.0 169.0 435.0 199.0 409.0 189.0 420.0 158.0 Grasp 0
434.0 167.0 429.0 196.0 401.0 190.0 406.0 161.0 Grasp 0
468.0 331.0 430.0 303.0 449.0 278.0 487.0 307.0 Grasp 0
478.0 254.0 417.0 224.0 430.0 197.0 491.0 228.0 Grasp 0
291.0 251.0 191.0 242.0 194.0 211.0 294.0 220.0 Grasp 0
527.0 204.0 468.0 175.0 481.0 148.0 541.0 177.0 Grasp 0
353.0 313.0 331.0 348.0 306.0 333.0 328.0 297.0 Grasp 0
