401.0 254.0 368.0 201.0 395.0 184.0 428.0 237.0 Grasp 0
247.0 271.0 168.0 249.0 177.0 217.0 256.0 239.0 Grasp 0
572.0 236.0 572.0 305.0 542.0 305.0 542.0 236.0 Grasp 0
549.0 83.0 536.0 51.0 563.0 40.0 575.0 72.0 Grasp 0
215.0 318.0 154.0 271.0 174.0 244.0 236.0 291.0 Grasp 0
434.0 250.0 386.0 198.0 409.0 176.0 457.0 229.0 Grasp 0
384.0 272.0 351.0 218.0 378.0 202.0 411.0 255.0 Grasp 0
430.0 64.0 408.0 122.0 380.0 111.0 403.0 53.0 Grasp 0
601.0 211.0 532.0 245.0 518.0 219.0 588.0 184.0 Grasp 0
277.0 234.0 191.0 210.0 200.0 179.0 286.0 203.0 Grasp 0
462.0 244.0 415.0 192.0 438.0 171.0 485.0 223.0 Grasp 0
255.0 301.0 181.0 280.0 190.0 248.0 264.0 269.0 Grasp 0
438.0 237.0 393.0 187.0 416.0 166.0 461.0 216.0 Grasp 0
414.0 260.0 380.0 206.0 407.0 189.0 441.0 244.0 Grasp 0
602.0 235.0 528.0 256.0 520.0 228.0 594.0 207.0 Grasp 0
309.0 191.0 216.0 164.0 224.0 135.0 318.0 162.0 Grasp 0
240.0 326.0 169.0 306.0 178.0 273.0 249.0 293.0 Grasp 0
593.0 311.0 519.0 304.0 521.0 274.0 596.0 281.0 Grasp 0
609.0 38.0 600.0 63.0 570.0 52.0 580.0 27.0 Grasp 0
442.0 58.0 419.0 116.0 392.0 105.0 414.0 47.0 Grasp 0
587.0 261.0 520.0 295.0 506.0 268.0 574.0 234.0 Grasp 0
442.0 73.0 420.0 132.0 392.0 121.0 414.0 63.0 Grasp 0
360.0 285.0 336.0 223.0 365.0 211.0 389.0 274.0 Grasp 0
576.0 204.0 515.0 250.0 497.0 227.0 559.0 180.0 Grasp 0
245.0 264.0 168.0 226.0 183.0 197.0 259.0 235.0 Grasp 0
587.0 295.0 511.0 288.0 514.0 258.0 590.0 265.0 Grasp 0
336.0 277.0 324.0 213.0 354.0 207.0 366.0 272.0 Grasp 0
274.0 230.0 193.0 190.0 207.0 162.0 288.0 202.0 Grasp 0
600.0 269.0 549.0 325.0 526.0 305.0 578.0 249.0 Grasp 0
605.0 47.0 600.0 73.0 571.0 68.0 576.0 42.0 Grasp 0
595.0 241.0 543.0 298.0 521.0 278.0 573.0 220.0 Grasp 0
257.0 258.0 179.0 220.0 194.0 190.0 272.0 229.0 Grasp 0
456.0 87.0 426.0 135.0 401.0 119.0 430.0 71.0 Grasp 0
221.0 311.0 163.0 247.0 188.0 224.0 246.0 288.0 Grasp 0
561.0 171.0 531.0 220.0 506.0 205.0 536.0 156.0 Grasp 0
276.0 246.0 192.0 222.0 201.0 191.0 285.0 215.0 Grasp 0
239.0 288.0 168.0 252.0 183.0 222.0 254.0 258.0 Grasp 0
251.0 308.0 172.0 300.0 175.0 266.0 254.0 274.0 Grasp 0
585.0 243.0 585.0 310.0 555.0 310.0 555.0 243.0 Grasp 0
263.0 282.0 187.0 260.0 196.0 228.0 272.0 250.0 Grasp 0
577.0 325.0 526.0 269.0 548.0 249.0 600.0 305.0 Grasp 0
279.0 264.0 201.0 226.0 216.0 197.0 293.0 235.0 Grasp 0
