505.0 134.0 455.0 172.0 436.0 148.0 487.0 110.0 Grasp 0
472.0 103.0 419.0 143.0 400.0 118.0 453.0 78.0 Grasp 0
533.0 154.0 488.0 203.0 465.0 183.0 510.0 133.0 Grasp 0
534.0 190.0 500.0 244.0 475.0 229.0 508.0 174.0 Grasp 0
392.0 264.0 383.0 215.0 414.0 209.0 423.0 258.0 Grasp 0
246.0 311.0 178.0 292.0 187.0 263.0 255.0 282.0 Grasp 0
417.0 319.0 375.0 351.0 357.0 328.0 400.0 296.0 Grasp 0
548.0 186.0 498.0 224.0 480.0 200.0 531.0 162.0 Grasp 0
494.0 120.0 441.0 160.0 423.0 135.0 475.0 95.0 Grasp 0
426.0 63.0 406.0 85.0 385.0 66.0 405.0 44.0 Grasp 0
524.0 180.0 467.0 209.0 454.0 182.0 511.0 153.0 Grasp 0
408.0 61.0 398.0 88.0 372.0 77.0 382.0 51.0 Grasp 0
508.0 158.0 485.0 216.0 457.0 205.0 480.0 147.0 Grasp 0
539.0 229.0 497.0 275.0 475.0 255.0 517.0 209.0 Grasp 0
476.0 95.0 418.0 124.0 405.0 97.0 463.0 68.0 Grasp 0
485.0 108.0 431.0 148.0 413.0 124.0 466.0 84.0 Grasp 0
507.0 120.0 455.0 160.0 436.0 135.0 488.0 96.0 Grasp 0
534.0 177.0 500.0 233.0 474.0 217.0 508.0 161.0 Grasp 0
577.0 218.0 525.0 257.0 507.0 233.0 559.0 193.0 Grasp 0
563.0 259.0 511.0 285.0 498.0 258.0 550.0 233.0 Grasp 0
227.0 325.0 190.0 265.0 216.0 249.0 253.0 309.0 Grasp 0
552.0 242.0 506.0 277.0 488.0 254.0 534.0 218.0 Grasp 0
413.0 349.0 379.0 375.0 361.0 352.0 396.0 326.0 Grasp 0
400.0 330.0 350.0 345.0 342.0 317.0 392.0 302.0 Grasp 0
490.0 145.0 426.0 163.0 418.0 134.0 482.0 115.0 Grasp 0
413.0 342.0 373.0 361.0 360.0 335.0 400.0 316.0 Grasp 0
523.0 161.0 471.0 200.0 453.0 175.0 504.0 137.0 Grasp 0
468.0 129.0 418.0 167.0 399.0 143.0 450.0 105.0 Grasp 0
255.0 288.0 195.0 258.0 209.0 231.0 269.0 260.0 Grasp 0
547.0 207.0 513.0 260.0 488.0 245.0 521.0 191.0 Grasp 0
419.0 268.0 340.0 208.0 357.0 184.0 437.0 244.0 Grasp 0
438.0 75.0 415.0 57.0 432.0 34.0 455.0 52.0 Grasp 0
519.0 170.0 458.0 187.0 449.0 158.0 511.0 141.0 Grasp 0
384.0 320.0 339.0 324.0 336.0 295.0 382.0 290.0 Grasp 0
404.0 340.0 361.0 362.0 348.0 336.0 391.0 314.0 Grasp 0
391.0 45.0 391.0 74.0 361.0 74.0 361.0 45.0 Grasp 0
462.0 102.0 428.0 157.0 401.0 141.0 436.0 86.0 Grasp 0
557.0 230.0 507.0 267.0 490.0 244.0 539.0 207.0 Grasp 0
546.0 264.0 494.0 290.0 481.0 264.0 533.0 238.0 Grasp 0
466.0 123.0 407.0 152.0 394.0 125.0 452.0 96.0 Grasp 0
258.0 201.0 227.0 204.0 224.0 175.0 256.0 172.0 Grasp 0
527.0 207.0 494.0 260.0 469.0 245.0 502.0 191.0 Grasp 0
227.0 301.0 180.0 250.0 203.0 229.0 249.0 280.0 Grasp 0
434.0 59.0 414.0 81.0 392.0 61.0 413.0 39.0 Grasp 0
413.0 279.0 332.0 218.0 350.0 194.0 431.0 255.0 Grasp 0
251.0 300.0 188.0 269.0 201.0 241.0 265.0 273.0 Grasp 0
344.0 76.0 328.0 34.0 355.0 23.0 372.0 66.0 Grasp 0
518.0 184.0 484.0 239.0 459.0 223.0 492.0 168.0 Grasp 0
399.0 320.0 351.0 333.0 343.0 305.0 391.0 292.0 Grasp 0
384.0 258.0 375.0 210.0 404.0 205.0 413.0 252.0 Grasp 0
201.0 307.0 189.0 240.0 218.0 234.0 231.0 301.0 Grasp 0
567.0 225.0 536.0 275.0 511.0 259.0 542.0 210.0 Grasp 0
468.0 142.0 407.0 159.0 399.0 130.0 460.0 113.0 Grasp 0
587.0 242.0 539.0 278.0 520.0 254.0 569.0 218.0 Grasp 0
495.0 171.0 432.0 177.0 429.0 147.0 492.0 141.0 Grasp 0
508.0 187.0 444.0 193.0 441.0 162.0 506.0 156.0 Grasp 0
561.0 214.0 531.0 264.0 505.0 248.0 536.0 198.0 Grasp 0
517.0 138.0 466.0 177.0 447.0 152.0 499.0 113.0 Grasp 0
273.0 207.0 236.0 218.0 228.0 189.0 265.0 178.0 Grasp 0
224.0 308.0 200.0 245.0 228.0 234.0 252.0 297.0 Grasp 0
322.0 221.0 306.0 263.0 279.0 252.0 295.0 211.0 Grasp 0
333.0 65.0 317.0 22.0 344.0 12.0 361.0 55.0 Grasp 0
396.0 295.0 328.0 221.0 351.0 201.0 418.0 275.0 Grasp 0
561.0 195.0 518.0 243.0 495.0 223.0 539.0 175.0 Grasp 0
402.0 52.0 398.0 76.0 370.0 71.0 374.0 47.0 Grasp 0
328.0 78.0 311.0 35.0 338.0 25.0 354.0 67.0 Grasp 0
537.0 174.0 486.0 213.0 468.0 189.0 519.0 150.0 Grasp 0
239.0 305.0 178.0 274.0 192.0 247.0 253.0 278.0 Grasp 0
430.0 224.0 430.0 272.0 399.0 272.0 399.0 224.0 Grasp 0
424.0 338.0 389.0 364.0 372.0 341.0 406.0 315.0 Grasp 0
384.0 324.0 333.0 339.0 325.0 311.0 376.0 296.0 Grasp 0
459.0 91.0 415.0 140.0 392.0 119.0 437.0 70.0 Grasp 0
565.0 242.0 518.0 278.0 500.0 254.0 547.0 218.0 Grasp 0
330.0 228.0 322.0 272.0 293.0 267.0 301.0 223.0 Grasp 0
233.0 295.0 164.0 261.0 177.0 234.0 246.0 268.0 Grasp 0
512.0 153.0 450.0 170.0 442.0 141.0 503.0 123.0 Grasp 0
325.0 242.0 316.0 292.0 286.0 287.0 296.0 236.0 Grasp 0
439.0 85.0 417.0 68.0 433.0 46.0 456.0 63.0 Grasp 0
554.0 197.0 503.0 235.0 485.0 211.0 536.0 173.0 Grasp 0
422.0 345.0 395.0 375.0 374.0 355.0 400.0 326.0 Grasp 0
