496.0 304.0 437.0 259.0 455.0 236.0 514.0 280.0 Grasp 0
351.0 196.0 314.0 156.0 335.0 136.0 372.0 177.0 Grasp 0
378.0 373.0 351.0 302.0 379.0 292.0 406.0 363.0 Grasp 0
191.0 416.0 117.0 360.0 134.0 337.0 208.0 393.0 Grasp 0
193.0 378.0 163.0 356.0 181.0 333.0 211.0 355.0 Grasp 0
390.0 145.0 354.0 118.0 371.0 95.0 407.0 123.0 Grasp 0
468.0 342.0 397.0 289.0 416.0 264.0 486.0 318.0 Grasp 0
149.0 354.0 130.0 404.0 103.0 393.0 122.0 344.0 Grasp 0
208.0 410.0 161.0 445.0 144.0 422.0 190.0 387.0 Grasp 0
193.0 390.0 122.0 410.0 114.0 382.0 185.0 362.0 Grasp 0
346.0 232.0 255.0 240.0 252.0 211.0 344.0 203.0 Grasp 0
363.0 378.0 335.0 305.0 362.0 295.0 391.0 367.0 Grasp 0
320.0 233.0 294.0 167.0 321.0 156.0 346.0 223.0 Grasp 0
292.0 118.0 235.0 161.0 218.0 138.0 275.0 95.0 Grasp 0
329.0 222.0 303.0 156.0 330.0 146.0 356.0 212.0 Grasp 0
506.0 279.0 456.0 241.0 474.0 218.0 523.0 255.0 Grasp 0
511.0 67.0 461.0 149.0 436.0 134.0 487.0 52.0 Grasp 0
389.0 369.0 362.0 299.0 390.0 288.0 417.0 358.0 Grasp 0
341.0 208.0 308.0 155.0 333.0 140.0 366.0 193.0 Grasp 0
314.0 310.0 314.0 375.0 284.0 375.0 284.0 310.0 Grasp 0
291.0 145.0 234.0 189.0 217.0 166.0 274.0 123.0 Grasp 0
381.0 157.0 345.0 129.0 362.0 106.0 398.0 134.0 Grasp 0
290.0 149.0 239.0 205.0 218.0 186.0 269.0 129.0 Grasp 0
349.0 304.0 349.0 378.0 319.0 378.0 319.0 304.0 Grasp 0
309.0 271.0 240.0 264.0 243.0 236.0 312.0 242.0 Grasp 0
490.0 314.0 425.0 265.0 443.0 241.0 508.0 291.0 Grasp 0
506.0 288.0 443.0 257.0 456.0 231.0 519.0 262.0 Grasp 0
187.0 352.0 172.0 433.0 144.0 428.0 159.0 347.0 Grasp 0
208.0 414.0 134.0 435.0 126.0 407.0 200.0 386.0 Grasp 0
367.0 172.0 333.0 146.0 350.0 123.0 385.0 149.0 Grasp 0
175.0 443.0 158.0 352.0 187.0 346.0 204.0 437.0 Grasp 0
338.0 308.0 338.0 376.0 308.0 376.0 308.0 308.0 Grasp 0
323.0 256.0 249.0 249.0 251.0 220.0 325.0 227.0 Grasp 0
353.0 194.0 319.0 140.0 344.0 125.0 377.0 178.0 Grasp 0
591.0 126.0 556.0 216.0 529.0 205.0 564.0 115.0 Grasp 0
191.0 413.0 101.0 387.0 109.0 360.0 199.0 385.0 Grasp 0
314.0 308.0 286.0 379.0 259.0 369.0 287.0 297.0 Grasp 0
487.0 42.0 449.0 140.0 422.0 130.0 460.0 31.0 Grasp 0
477.0 40.0 369.0 94.0 356.0 68.0 464.0 14.0 Grasp 0
203.0 364.0 182.0 311.0 209.0 300.0 230.0 354.0 Grasp 0
160.0 353.0 147.0 425.0 118.0 420.0 132.0 348.0 Grasp 0
475.0 324.0 425.0 269.0 447.0 249.0 497.0 304.0 Grasp 0
277.0 115.0 236.0 111.0 238.0 83.0 279.0 87.0 Grasp 0
189.0 386.0 155.0 361.0 173.0 338.0 206.0 363.0 Grasp 0
531.0 81.0 480.0 164.0 456.0 149.0 507.0 66.0 Grasp 0
417.0 361.0 377.0 296.0 403.0 281.0 443.0 345.0 Grasp 0
291.0 295.0 208.0 303.0 205.0 274.0 288.0 267.0 Grasp 0
514.0 277.0 462.0 220.0 484.0 201.0 535.0 257.0 Grasp 0
443.0 345.0 405.0 284.0 430.0 268.0 468.0 329.0 Grasp 0
375.0 178.0 323.0 153.0 336.0 127.0 388.0 153.0 Grasp 0
539.0 88.0 489.0 170.0 464.0 155.0 515.0 73.0 Grasp 0
374.0 164.0 339.0 137.0 357.0 115.0 391.0 141.0 Grasp 0
300.0 255.0 284.0 171.0 312.0 165.0 328.0 250.0 Grasp 0
289.0 116.0 236.0 142.0 223.0 117.0 276.0 91.0 Grasp 0
523.0 76.0 472.0 158.0 448.0 143.0 499.0 60.0 Grasp 0
479.0 35.0 441.0 134.0 414.0 124.0 452.0 25.0 Grasp 0
560.0 95.0 560.0 212.0 531.0 212.0 531.0 95.0 Grasp 0
202.0 379.0 116.0 403.0 108.0 375.0 194.0 351.0 Grasp 0
202.0 406.0 127.0 428.0 119.0 400.0 194.0 378.0 Grasp 0
279.0 138.0 235.0 142.0 232.0 114.0 276.0 110.0 Grasp 0
516.0 233.0 467.0 208.0 479.0 183.0 528.0 207.0 Grasp 0
165.0 351.0 165.0 438.0 136.0 438.0 136.0 351.0 Grasp 0
359.0 186.0 326.0 133.0 350.0 117.0 383.0 170.0 Grasp 0
307.0 279.0 222.0 287.0 219.0 258.0 304.0 251.0 Grasp 0
280.0 305.0 200.0 313.0 197.0 284.0 278.0 277.0 Grasp 0
199.0 371.0 170.0 339.0 191.0 320.0 220.0 352.0 Grasp 0
284.0 173.0 239.0 207.0 222.0 184.0 267.0 150.0 Grasp 0
477.0 333.0 409.0 281.0 427.0 257.0 495.0 309.0 Grasp 0
307.0 247.0 291.0 163.0 319.0 158.0 335.0 242.0 Grasp 0
339.0 212.0 302.0 171.0 323.0 152.0 360.0 192.0 Grasp 0
431.0 355.0 391.0 290.0 417.0 274.0 457.0 339.0 Grasp 0
328.0 309.0 328.0 376.0 298.0 376.0 298.0 309.0 Grasp 0
