281.0 197.0 223.0 202.0 220.0 168.0 278.0 163.0 Grasp 0
392.0 305.0 348.0 234.0 372.0 219.0 417.0 290.0 Grasp 0
403.0 276.0 350.0 218.0 371.0 198.0 424.0 257.0 Grasp 0
320.0 169.0 273.0 94.0 298.0 79.0 344.0 154.0 Grasp 0
421.0 295.0 354.0 346.0 336.0 323.0 404.0 272.0 Grasp 0
605.0 203.0 544.0 137.0 567.0 116.0 628.0 182.0 Grasp 0
269.0 323.0 214.0 350.0 200.0 322.0 255.0 295.0 Grasp 0
369.0 259.0 316.0 299.0 297.0 274.0 350.0 234.0 Grasp 0
602.0 114.0 578.0 241.0 548.0 235.0 571.0 108.0 Grasp 0
355.0 310.0 244.0 320.0 241.0 289.0 352.0 279.0 Grasp 0
504.0 335.0 464.0 339.0 462.0 310.0 502.0 306.0 Grasp 0
504.0 325.0 458.0 329.0 455.0 300.0 501.0 296.0 Grasp 0
309.0 182.0 249.0 137.0 266.0 114.0 326.0 159.0 Grasp 0
621.0 238.0 571.0 276.0 553.0 252.0 603.0 214.0 Grasp 0
404.0 336.0 354.0 361.0 341.0 335.0 391.0 310.0 Grasp 0
325.0 156.0 282.0 87.0 306.0 72.0 349.0 141.0 Grasp 0
493.0 303.0 399.0 294.0 401.0 265.0 496.0 274.0 Grasp 0
489.0 300.0 460.0 309.0 453.0 281.0 482.0 273.0 Grasp 0
314.0 176.0 259.0 115.0 280.0 96.0 335.0 157.0 Grasp 0
396.0 296.0 347.0 216.0 371.0 201.0 421.0 281.0 Grasp 0
371.0 78.0 271.0 106.0 263.0 79.0 363.0 51.0 Grasp 0
495.0 306.0 441.0 301.0 444.0 272.0 498.0 277.0 Grasp 0
499.0 322.0 473.0 335.0 460.0 309.0 486.0 296.0 Grasp 0
322.0 168.0 249.0 132.0 262.0 107.0 334.0 143.0 Grasp 0
499.0 313.0 452.0 317.0 450.0 289.0 496.0 284.0 Grasp 0
367.0 73.0 296.0 79.0 293.0 50.0 364.0 44.0 Grasp 0
327.0 152.0 309.0 55.0 337.0 49.0 355.0 147.0 Grasp 0
348.0 325.0 290.0 320.0 293.0 288.0 351.0 294.0 Grasp 0
639.0 199.0 571.0 273.0 549.0 252.0 616.0 178.0 Grasp 0
