611.0 194.0 570.0 261.0 544.0 245.0 585.0 178.0 Grasp 0
586.0 69.0 505.0 30.0 518.0 4.0 598.0 44.0 Grasp 0
612.0 234.0 533.0 241.0 530.0 211.0 609.0 204.0 Grasp 0
456.0 327.0 388.0 379.0 370.0 355.0 438.0 303.0 Grasp 0
223.0 331.0 197.0 264.0 224.0 254.0 250.0 320.0 Grasp 0
569.0 111.0 494.0 29.0 515.0 10.0 590.0 92.0 Grasp 0
467.0 344.0 432.0 383.0 411.0 363.0 446.0 324.0 Grasp 0
487.0 43.0 414.0 50.0 411.0 20.0 485.0 14.0 Grasp 0
468.0 343.0 405.0 391.0 387.0 367.0 450.0 320.0 Grasp 0
459.0 327.0 430.0 374.0 405.0 358.0 433.0 312.0 Grasp 0
