423.0 472.0 346.0 465.0 349.0 437.0 426.0 444.0 Grasp 0
483.0 328.0 443.0 284.0 464.0 264.0 505.0 309.0 Grasp 0
586.0 177.0 569.0 204.0 545.0 188.0 561.0 162.0 Grasp 0
613.0 167.0 595.0 197.0 569.0 180.0 587.0 151.0 Grasp 0
413.0 217.0 374.0 221.0 371.0 192.0 410.0 188.0 Grasp 0
431.0 442.0 361.0 436.0 364.0 407.0 433.0 413.0 Grasp 0
563.0 168.0 537.0 187.0 519.0 164.0 545.0 144.0 Grasp 0
497.0 294.0 448.0 270.0 461.0 244.0 510.0 268.0 Grasp 0
425.0 445.0 383.0 449.0 380.0 418.0 422.0 414.0 Grasp 0
480.0 288.0 444.0 249.0 466.0 229.0 502.0 268.0 Grasp 0
578.0 160.0 551.0 180.0 533.0 155.0 560.0 135.0 Grasp 0
420.0 460.0 353.0 441.0 361.0 413.0 428.0 433.0 Grasp 0
268.0 93.0 182.0 85.0 185.0 53.0 271.0 61.0 Grasp 0
259.0 228.0 259.0 324.0 229.0 324.0 229.0 228.0 Grasp 0
394.0 221.0 354.0 217.0 357.0 189.0 397.0 192.0 Grasp 0
486.0 311.0 457.0 264.0 481.0 249.0 511.0 296.0 Grasp 0
454.0 356.0 432.0 300.0 459.0 289.0 481.0 345.0 Grasp 0
253.0 103.0 174.0 63.0 188.0 34.0 267.0 74.0 Grasp 0
402.0 486.0 329.0 466.0 337.0 438.0 409.0 459.0 Grasp 0
556.0 154.0 526.0 177.0 508.0 153.0 538.0 130.0 Grasp 0
266.0 60.0 177.0 34.0 186.0 3.0 275.0 28.0 Grasp 0
328.0 391.0 263.0 372.0 271.0 343.0 336.0 361.0 Grasp 0
402.0 176.0 375.0 133.0 401.0 117.0 428.0 160.0 Grasp 0
277.0 72.0 190.0 47.0 199.0 15.0 286.0 40.0 Grasp 0
357.0 132.0 321.0 171.0 299.0 150.0 335.0 111.0 Grasp 0
415.0 266.0 389.0 286.0 371.0 262.0 397.0 242.0 Grasp 0
414.0 206.0 374.0 210.0 371.0 181.0 412.0 177.0 Grasp 0
398.0 460.0 371.0 457.0 374.0 428.0 401.0 431.0 Grasp 0
533.0 164.0 499.0 182.0 486.0 155.0 520.0 138.0 Grasp 0
591.0 166.0 574.0 194.0 549.0 178.0 566.0 151.0 Grasp 0
408.0 250.0 386.0 275.0 365.0 255.0 387.0 231.0 Grasp 0
399.0 234.0 362.0 223.0 370.0 194.0 408.0 205.0 Grasp 0
596.0 170.0 584.0 202.0 555.0 191.0 568.0 159.0 Grasp 0
258.0 179.0 226.0 170.0 234.0 142.0 266.0 151.0 Grasp 0
389.0 240.0 354.0 230.0 362.0 202.0 397.0 212.0 Grasp 0
254.0 85.0 171.0 43.0 186.0 14.0 269.0 55.0 Grasp 0
456.0 342.0 433.0 284.0 461.0 273.0 484.0 332.0 Grasp 0
566.0 159.0 538.0 180.0 520.0 156.0 548.0 135.0 Grasp 0
503.0 273.0 456.0 249.0 469.0 223.0 516.0 246.0 Grasp 0
465.0 324.0 443.0 268.0 470.0 257.0 492.0 313.0 Grasp 0
413.0 478.0 346.0 445.0 359.0 419.0 426.0 453.0 Grasp 0
350.0 49.0 343.0 8.0 372.0 2.0 380.0 44.0 Grasp 0
254.0 170.0 219.0 153.0 232.0 128.0 266.0 145.0 Grasp 0
385.0 455.0 357.0 447.0 365.0 420.0 393.0 428.0 Grasp 0
411.0 479.0 373.0 476.0 376.0 444.0 414.0 447.0 Grasp 0
447.0 436.0 376.0 429.0 379.0 401.0 450.0 407.0 Grasp 0
407.0 462.0 330.0 455.0 333.0 427.0 410.0 434.0 Grasp 0
402.0 205.0 358.0 209.0 355.0 179.0 399.0 175.0 Grasp 0
215.0 329.0 199.0 240.0 228.0 234.0 245.0 323.0 Grasp 0
540.0 157.0 506.0 173.0 492.0 146.0 526.0 129.0 Grasp 0
588.0 162.0 566.0 187.0 543.0 167.0 566.0 142.0 Grasp 0
332.0 322.0 332.0 389.0 301.0 389.0 301.0 322.0 Grasp 0
503.0 298.0 459.0 264.0 477.0 241.0 521.0 274.0 Grasp 0
243.0 220.0 243.0 310.0 213.0 310.0 213.0 220.0 Grasp 0
554.0 163.0 531.0 188.0 509.0 168.0 532.0 143.0 Grasp 0
396.0 481.0 365.0 478.0 368.0 446.0 399.0 448.0 Grasp 0
394.0 270.0 362.0 254.0 375.0 226.0 408.0 242.0 Grasp 0
224.0 237.0 224.0 326.0 193.0 326.0 193.0 237.0 Grasp 0
275.0 231.0 240.0 321.0 211.0 310.0 246.0 220.0 Grasp 0
475.0 171.0 468.0 133.0 497.0 128.0 504.0 166.0 Grasp 0
344.0 56.0 337.0 17.0 366.0 12.0 373.0 51.0 Grasp 0
