242.0 368.0 232.0 316.0 261.0 310.0 271.0 363.0 Grasp 0
264.0 379.0 243.0 325.0 271.0 314.0 292.0 368.0 Grasp 0
269.0 365.0 250.0 316.0 277.0 305.0 296.0 354.0 Grasp 0
198.0 94.0 171.0 124.0 150.0 104.0 177.0 75.0 Grasp 0
336.0 215.0 287.0 268.0 266.0 248.0 314.0 195.0 Grasp 0
299.0 88.0 299.0 155.0 269.0 155.0 269.0 88.0 Grasp 0
368.0 379.0 347.0 323.0 374.0 313.0 396.0 368.0 Grasp 0
189.0 90.0 167.0 115.0 146.0 95.0 168.0 71.0 Grasp 0
319.0 215.0 264.0 242.0 251.0 216.0 306.0 189.0 Grasp 0
353.0 83.0 353.0 165.0 324.0 165.0 324.0 83.0 Grasp 0
310.0 72.0 297.0 141.0 268.0 135.0 281.0 66.0 Grasp 0
223.0 117.0 204.0 166.0 177.0 155.0 196.0 106.0 Grasp 0
306.0 210.0 250.0 226.0 242.0 198.0 298.0 182.0 Grasp 0
346.0 76.0 332.0 152.0 303.0 147.0 317.0 71.0 Grasp 0
377.0 77.0 361.0 163.0 332.0 157.0 348.0 72.0 Grasp 0
308.0 375.0 278.0 325.0 303.0 309.0 334.0 359.0 Grasp 0
454.0 226.0 396.0 290.0 373.0 270.0 431.0 206.0 Grasp 0
405.0 83.0 371.0 171.0 344.0 161.0 378.0 73.0 Grasp 0
364.0 325.0 353.0 383.0 324.0 377.0 335.0 320.0 Grasp 0
229.0 134.0 211.0 181.0 184.0 171.0 202.0 124.0 Grasp 0
288.0 86.0 276.0 149.0 246.0 144.0 258.0 80.0 Grasp 0
307.0 224.0 258.0 262.0 241.0 238.0 290.0 201.0 Grasp 0
286.0 379.0 266.0 327.0 293.0 316.0 313.0 368.0 Grasp 0
291.0 365.0 263.0 320.0 288.0 304.0 316.0 350.0 Grasp 0
320.0 375.0 288.0 323.0 313.0 307.0 346.0 360.0 Grasp 0
453.0 199.0 437.0 280.0 407.0 275.0 423.0 193.0 Grasp 0
315.0 86.0 315.0 158.0 286.0 158.0 286.0 86.0 Grasp 0
438.0 190.0 422.0 276.0 391.0 270.0 407.0 184.0 Grasp 0
264.0 150.0 252.0 85.0 281.0 79.0 293.0 144.0 Grasp 0
421.0 189.0 406.0 267.0 375.0 261.0 390.0 183.0 Grasp 0
461.0 288.0 447.0 213.0 476.0 208.0 490.0 282.0 Grasp 0
315.0 231.0 267.0 283.0 246.0 264.0 294.0 212.0 Grasp 0
205.0 89.0 185.0 122.0 160.0 106.0 181.0 73.0 Grasp 0
325.0 218.0 273.0 257.0 255.0 234.0 307.0 195.0 Grasp 0
275.0 385.0 254.0 329.0 282.0 319.0 303.0 374.0 Grasp 0
298.0 377.0 259.0 334.0 281.0 314.0 320.0 357.0 Grasp 0
224.0 120.0 224.0 172.0 195.0 172.0 195.0 120.0 Grasp 0
232.0 96.0 205.0 140.0 181.0 125.0 208.0 81.0 Grasp 0
495.0 201.0 495.0 273.0 466.0 273.0 466.0 201.0 Grasp 0
384.0 383.0 363.0 329.0 391.0 318.0 411.0 372.0 Grasp 0
338.0 373.0 296.0 327.0 317.0 307.0 360.0 354.0 Grasp 0
298.0 67.0 286.0 131.0 256.0 126.0 268.0 62.0 Grasp 0
217.0 100.0 198.0 149.0 171.0 138.0 190.0 89.0 Grasp 0
185.0 104.0 163.0 139.0 138.0 123.0 160.0 89.0 Grasp 0
512.0 207.0 512.0 267.0 482.0 267.0 482.0 207.0 Grasp 0
214.0 121.0 187.0 165.0 162.0 150.0 189.0 106.0 Grasp 0
410.0 286.0 342.0 235.0 361.0 210.0 429.0 262.0 Grasp 0
448.0 231.0 368.0 224.0 371.0 192.0 450.0 200.0 Grasp 0
331.0 72.0 317.0 145.0 288.0 139.0 302.0 67.0 Grasp 0
446.0 275.0 433.0 204.0 462.0 199.0 475.0 270.0 Grasp 0
464.0 242.0 402.0 289.0 383.0 265.0 446.0 218.0 Grasp 0
420.0 257.0 344.0 235.0 352.0 205.0 429.0 227.0 Grasp 0
342.0 89.0 342.0 168.0 313.0 168.0 313.0 89.0 Grasp 0
429.0 96.0 376.0 182.0 352.0 167.0 405.0 81.0 Grasp 0
447.0 200.0 378.0 252.0 359.0 227.0 428.0 175.0 Grasp 0
202.0 81.0 174.0 112.0 152.0 93.0 181.0 61.0 Grasp 0
239.0 102.0 220.0 150.0 194.0 139.0 212.0 91.0 Grasp 0
206.0 95.0 187.0 143.0 160.0 132.0 179.0 85.0 Grasp 0
359.0 66.0 344.0 145.0 316.0 140.0 331.0 61.0 Grasp 0
271.0 316.0 261.0 369.0 232.0 364.0 242.0 310.0 Grasp 0
447.0 201.0 399.0 277.0 373.0 261.0 420.0 184.0 Grasp 0
318.0 166.0 288.0 90.0 316.0 79.0 345.0 156.0 Grasp 0
350.0 332.0 319.0 381.0 294.0 366.0 324.0 316.0 Grasp 0
417.0 205.0 388.0 279.0 359.0 268.0 388.0 194.0 Grasp 0
466.0 216.0 422.0 285.0 396.0 269.0 439.0 199.0 Grasp 0
225.0 88.0 198.0 131.0 173.0 116.0 200.0 72.0 Grasp 0
240.0 125.0 231.0 174.0 203.0 169.0 212.0 120.0 Grasp 0
297.0 389.0 276.0 335.0 304.0 324.0 325.0 378.0 Grasp 0
455.0 217.0 373.0 240.0 365.0 210.0 447.0 186.0 Grasp 0
454.0 341.0 413.0 387.0 391.0 366.0 432.0 321.0 Grasp 0
