295.0 263.0 295.0 364.0 266.0 364.0 266.0 263.0 Grasp 0
404.0 326.0 370.0 364.0 349.0 344.0 383.0 306.0 Grasp 0
514.0 135.0 501.0 62.0 530.0 57.0 543.0 129.0 Grasp 0
279.0 128.0 226.0 133.0 223.0 104.0 276.0 99.0 Grasp 0
301.0 168.0 237.0 174.0 235.0 145.0 298.0 139.0 Grasp 0
586.0 55.0 531.0 28.0 544.0 3.0 598.0 30.0 Grasp 0
302.0 270.0 265.0 365.0 238.0 354.0 275.0 260.0 Grasp 0
590.0 109.0 531.0 65.0 548.0 42.0 607.0 87.0 Grasp 0
608.0 95.0 555.0 153.0 534.0 133.0 587.0 76.0 Grasp 0
605.0 174.0 563.0 206.0 546.0 183.0 588.0 152.0 Grasp 0
291.0 360.0 274.0 268.0 302.0 263.0 319.0 354.0 Grasp 0
539.0 121.0 507.0 69.0 532.0 53.0 565.0 105.0 Grasp 0
607.0 163.0 559.0 199.0 542.0 176.0 590.0 140.0 Grasp 0
369.0 260.0 336.0 177.0 363.0 167.0 395.0 250.0 Grasp 0
587.0 69.0 532.0 41.0 545.0 16.0 600.0 43.0 Grasp 0
295.0 127.0 255.0 171.0 234.0 151.0 274.0 107.0 Grasp 0
398.0 262.0 326.0 184.0 347.0 164.0 419.0 243.0 Grasp 0
297.0 159.0 223.0 152.0 225.0 124.0 299.0 131.0 Grasp 0
287.0 136.0 225.0 142.0 222.0 113.0 284.0 107.0 Grasp 0
495.0 31.0 426.0 106.0 404.0 86.0 472.0 11.0 Grasp 0
366.0 307.0 347.0 354.0 320.0 343.0 338.0 296.0 Grasp 0
375.0 314.0 362.0 349.0 335.0 339.0 348.0 304.0 Grasp 0
384.0 315.0 352.0 368.0 327.0 353.0 360.0 300.0 Grasp 0
610.0 129.0 559.0 186.0 538.0 167.0 589.0 110.0 Grasp 0
287.0 150.0 217.0 130.0 225.0 102.0 295.0 122.0 Grasp 0
498.0 34.0 454.0 106.0 428.0 90.0 472.0 18.0 Grasp 0
610.0 109.0 557.0 167.0 536.0 148.0 589.0 90.0 Grasp 0
599.0 194.0 560.0 205.0 552.0 178.0 591.0 167.0 Grasp 0
390.0 320.0 378.0 352.0 351.0 341.0 363.0 309.0 Grasp 0
574.0 41.0 556.0 134.0 527.0 129.0 544.0 36.0 Grasp 0
509.0 137.0 489.0 33.0 518.0 28.0 538.0 132.0 Grasp 0
310.0 181.0 260.0 195.0 253.0 167.0 302.0 153.0 Grasp 0
410.0 259.0 336.0 178.0 357.0 158.0 431.0 240.0 Grasp 0
316.0 357.0 280.0 267.0 308.0 256.0 343.0 347.0 Grasp 0
261.0 257.0 223.0 356.0 195.0 345.0 234.0 246.0 Grasp 0
314.0 185.0 272.0 206.0 259.0 180.0 301.0 159.0 Grasp 0
591.0 148.0 529.0 81.0 550.0 62.0 612.0 129.0 Grasp 0
600.0 181.0 557.0 193.0 549.0 166.0 592.0 154.0 Grasp 0
265.0 252.0 245.0 359.0 216.0 354.0 236.0 247.0 Grasp 0
