381.0 123.0 337.0 75.0 361.0 53.0 405.0 101.0 Grasp 0
361.0 140.0 318.0 92.0 341.0 70.0 385.0 118.0 Grasp 0
401.0 211.0 376.0 275.0 349.0 264.0 373.0 200.0 Grasp 0
270.0 29.0 220.0 84.0 197.0 63.0 247.0 8.0 Grasp 0
411.0 98.0 368.0 50.0 392.0 28.0 436.0 76.0 Grasp 0
435.0 77.0 394.0 31.0 418.0 9.0 460.0 55.0 Grasp 0
479.0 272.0 455.0 334.0 428.0 324.0 452.0 261.0 Grasp 0
357.0 172.0 278.0 180.0 275.0 147.0 354.0 140.0 Grasp 0
259.0 305.0 243.0 216.0 275.0 210.0 291.0 299.0 Grasp 0
460.0 239.0 369.0 284.0 356.0 258.0 447.0 213.0 Grasp 0
369.0 179.0 279.0 205.0 270.0 173.0 360.0 148.0 Grasp 0
359.0 202.0 281.0 210.0 278.0 177.0 356.0 170.0 Grasp 0
352.0 228.0 275.0 220.0 278.0 188.0 355.0 195.0 Grasp 0
477.0 272.0 433.0 343.0 408.0 328.0 453.0 257.0 Grasp 0
273.0 213.0 273.0 316.0 241.0 316.0 241.0 213.0 Grasp 0
345.0 244.0 265.0 222.0 274.0 190.0 354.0 213.0 Grasp 0
445.0 68.0 404.0 23.0 429.0 1.0 470.0 46.0 Grasp 0
310.0 100.0 278.0 181.0 249.0 169.0 280.0 88.0 Grasp 0
293.0 281.0 255.0 218.0 282.0 201.0 321.0 264.0 Grasp 0
497.0 272.0 488.0 319.0 460.0 314.0 469.0 267.0 Grasp 0
269.0 83.0 225.0 95.0 217.0 66.0 261.0 53.0 Grasp 0
430.0 219.0 389.0 285.0 364.0 269.0 405.0 203.0 Grasp 0
427.0 84.0 385.0 39.0 410.0 16.0 451.0 62.0 Grasp 0
436.0 222.0 354.0 284.0 336.0 260.0 418.0 198.0 Grasp 0
307.0 268.0 264.0 221.0 288.0 199.0 331.0 246.0 Grasp 0
372.0 131.0 328.0 84.0 352.0 62.0 395.0 110.0 Grasp 0
394.0 207.0 353.0 273.0 328.0 258.0 369.0 192.0 Grasp 0
395.0 112.0 351.0 64.0 375.0 42.0 419.0 90.0 Grasp 0
265.0 30.0 215.0 67.0 197.0 43.0 246.0 6.0 Grasp 0
278.0 69.0 258.0 177.0 227.0 172.0 247.0 63.0 Grasp 0
413.0 281.0 401.0 215.0 430.0 210.0 443.0 276.0 Grasp 0
254.0 211.0 254.0 311.0 222.0 311.0 222.0 211.0 Grasp 0
278.0 83.0 216.0 114.0 202.0 87.0 264.0 56.0 Grasp 0
346.0 175.0 294.0 117.0 318.0 96.0 370.0 153.0 Grasp 0
414.0 214.0 355.0 279.0 333.0 259.0 392.0 194.0 Grasp 0
281.0 94.0 206.0 132.0 192.0 104.0 267.0 67.0 Grasp 0
351.0 214.0 280.0 194.0 289.0 163.0 360.0 183.0 Grasp 0
345.0 152.0 305.0 109.0 329.0 87.0 368.0 131.0 Grasp 0
319.0 256.0 243.0 173.0 267.0 151.0 343.0 234.0 Grasp 0
452.0 226.0 393.0 291.0 371.0 271.0 430.0 206.0 Grasp 0
330.0 256.0 230.0 206.0 244.0 177.0 344.0 227.0 Grasp 0
272.0 66.0 220.0 92.0 207.0 64.0 258.0 38.0 Grasp 0
471.0 274.0 396.0 356.0 375.0 337.0 450.0 255.0 Grasp 0
368.0 178.0 336.0 260.0 306.0 248.0 338.0 167.0 Grasp 0
383.0 201.0 370.0 270.0 341.0 265.0 354.0 196.0 Grasp 0
