340.0 332.0 331.0 356.0 304.0 345.0 313.0 321.0 Grasp 0
290.0 221.0 232.0 237.0 224.0 209.0 282.0 193.0 Grasp 0
280.0 210.0 219.0 228.0 211.0 199.0 272.0 182.0 Grasp 0
330.0 327.0 320.0 351.0 293.0 341.0 303.0 316.0 Grasp 0
264.0 111.0 202.0 93.0 211.0 64.0 272.0 82.0 Grasp 0
342.0 291.0 342.0 323.0 313.0 323.0 313.0 291.0 Grasp 0
269.0 158.0 205.0 176.0 197.0 147.0 261.0 129.0 Grasp 0
269.0 147.0 205.0 165.0 197.0 136.0 261.0 118.0 Grasp 0
344.0 312.0 339.0 339.0 311.0 333.0 316.0 307.0 Grasp 0
268.0 205.0 204.0 211.0 201.0 181.0 265.0 175.0 Grasp 0
292.0 193.0 229.0 211.0 221.0 182.0 284.0 164.0 Grasp 0
328.0 306.0 323.0 334.0 295.0 329.0 300.0 300.0 Grasp 0
571.0 67.0 557.0 142.0 528.0 136.0 542.0 62.0 Grasp 0
284.0 184.0 220.0 190.0 217.0 161.0 282.0 155.0 Grasp 0
375.0 309.0 369.0 341.0 341.0 336.0 347.0 303.0 Grasp 0
259.0 128.0 197.0 110.0 205.0 81.0 267.0 99.0 Grasp 0
265.0 138.0 199.0 132.0 202.0 102.0 268.0 109.0 Grasp 0
270.0 173.0 206.0 191.0 198.0 163.0 262.0 144.0 Grasp 0
283.0 245.0 256.0 247.0 254.0 218.0 280.0 216.0 Grasp 0
314.0 337.0 302.0 356.0 277.0 341.0 289.0 322.0 Grasp 0
323.0 318.0 316.0 339.0 289.0 328.0 296.0 308.0 Grasp 0
525.0 140.0 525.0 62.0 554.0 62.0 554.0 140.0 Grasp 0
273.0 82.0 214.0 53.0 228.0 26.0 286.0 55.0 Grasp 0
279.0 73.0 220.0 44.0 233.0 17.0 292.0 46.0 Grasp 0
361.0 307.0 355.0 336.0 327.0 331.0 332.0 302.0 Grasp 0
334.0 312.0 329.0 339.0 300.0 334.0 305.0 307.0 Grasp 0
272.0 93.0 208.0 75.0 216.0 46.0 281.0 64.0 Grasp 0
260.0 149.0 193.0 143.0 195.0 113.0 262.0 120.0 Grasp 0
287.0 159.0 221.0 177.0 213.0 148.0 279.0 130.0 Grasp 0
575.0 53.0 575.0 128.0 546.0 128.0 546.0 53.0 Grasp 0
387.0 310.0 381.0 340.0 353.0 334.0 359.0 305.0 Grasp 0
319.0 332.0 307.0 351.0 282.0 336.0 294.0 317.0 Grasp 0
538.0 125.0 524.0 50.0 553.0 45.0 566.0 119.0 Grasp 0
