280.0 85.0 220.0 80.0 223.0 51.0 283.0 56.0 Grasp 0
265.0 249.0 207.0 243.0 210.0 214.0 268.0 219.0 Grasp 0
275.0 96.0 214.0 90.0 217.0 61.0 277.0 67.0 Grasp 0
599.0 261.0 559.0 273.0 551.0 245.0 591.0 233.0 Grasp 0
265.0 241.0 213.0 215.0 226.0 189.0 278.0 215.0 Grasp 0
525.0 164.0 486.0 175.0 478.0 147.0 517.0 136.0 Grasp 0
288.0 161.0 228.0 167.0 225.0 137.0 285.0 131.0 Grasp 0
271.0 139.0 213.0 144.0 210.0 115.0 269.0 109.0 Grasp 0
261.0 228.0 213.0 192.0 231.0 169.0 279.0 205.0 Grasp 0
525.0 154.0 484.0 158.0 481.0 127.0 523.0 124.0 Grasp 0
518.0 92.0 479.0 96.0 477.0 65.0 515.0 62.0 Grasp 0
284.0 122.0 223.0 139.0 215.0 111.0 276.0 93.0 Grasp 0
269.0 172.0 215.0 198.0 202.0 172.0 256.0 145.0 Grasp 0
405.0 220.0 374.0 236.0 360.0 209.0 392.0 193.0 Grasp 0
286.0 107.0 225.0 102.0 228.0 72.0 289.0 78.0 Grasp 0
549.0 372.0 532.0 329.0 561.0 317.0 578.0 361.0 Grasp 0
510.0 155.0 472.0 159.0 469.0 129.0 507.0 125.0 Grasp 0
510.0 70.0 475.0 74.0 472.0 43.0 507.0 40.0 Grasp 0
355.0 192.0 337.0 220.0 312.0 204.0 329.0 176.0 Grasp 0
376.0 364.0 341.0 276.0 370.0 265.0 404.0 354.0 Grasp 0
285.0 176.0 231.0 204.0 217.0 177.0 272.0 150.0 Grasp 0
510.0 53.0 476.0 56.0 473.0 26.0 507.0 23.0 Grasp 0
274.0 117.0 215.0 123.0 212.0 94.0 271.0 88.0 Grasp 0
266.0 254.0 207.0 260.0 204.0 230.0 263.0 225.0 Grasp 0
549.0 359.0 534.0 319.0 562.0 308.0 578.0 348.0 Grasp 0
281.0 158.0 222.0 187.0 209.0 160.0 267.0 131.0 Grasp 0
513.0 135.0 472.0 139.0 469.0 109.0 510.0 105.0 Grasp 0
393.0 220.0 361.0 236.0 348.0 210.0 380.0 194.0 Grasp 0
269.0 133.0 208.0 128.0 211.0 98.0 271.0 104.0 Grasp 0
378.0 211.0 349.0 232.0 331.0 209.0 360.0 187.0 Grasp 0
528.0 177.0 489.0 181.0 486.0 151.0 525.0 147.0 Grasp 0
584.0 319.0 545.0 300.0 558.0 273.0 597.0 293.0 Grasp 0
511.0 177.0 470.0 181.0 468.0 151.0 508.0 147.0 Grasp 0
278.0 149.0 220.0 166.0 212.0 137.0 270.0 121.0 Grasp 0
519.0 126.0 479.0 130.0 476.0 99.0 516.0 96.0 Grasp 0
532.0 189.0 492.0 193.0 489.0 163.0 529.0 159.0 Grasp 0
515.0 81.0 482.0 84.0 479.0 54.0 512.0 51.0 Grasp 0
506.0 163.0 466.0 167.0 463.0 137.0 503.0 134.0 Grasp 0
390.0 205.0 361.0 226.0 343.0 203.0 372.0 181.0 Grasp 0
254.0 232.0 196.0 215.0 204.0 187.0 262.0 203.0 Grasp 0
513.0 104.0 479.0 108.0 476.0 79.0 510.0 75.0 Grasp 0
277.0 259.0 216.0 276.0 208.0 248.0 269.0 230.0 Grasp 0
310.0 271.0 310.0 365.0 280.0 365.0 280.0 271.0 Grasp 0
302.0 276.0 285.0 365.0 256.0 360.0 273.0 271.0 Grasp 0
516.0 116.0 482.0 119.0 480.0 89.0 513.0 86.0 Grasp 0
403.0 287.0 386.0 375.0 356.0 369.0 372.0 281.0 Grasp 0
321.0 178.0 321.0 210.0 292.0 210.0 292.0 178.0 Grasp 0
383.0 366.0 367.0 282.0 397.0 276.0 413.0 360.0 Grasp 0
353.0 274.0 353.0 366.0 323.0 366.0 323.0 274.0 Grasp 0
384.0 277.0 367.0 368.0 338.0 363.0 355.0 272.0 Grasp 0
328.0 266.0 328.0 360.0 298.0 360.0 298.0 266.0 Grasp 0
491.0 254.0 457.0 217.0 479.0 197.0 513.0 234.0 Grasp 0
563.0 177.0 552.0 235.0 522.0 229.0 533.0 171.0 Grasp 0
586.0 199.0 557.0 246.0 532.0 231.0 561.0 183.0 Grasp 0
528.0 352.0 520.0 309.0 550.0 304.0 558.0 347.0 Grasp 0
278.0 88.0 220.0 104.0 211.0 76.0 270.0 59.0 Grasp 0
485.0 243.0 459.0 202.0 485.0 186.0 511.0 227.0 Grasp 0
553.0 173.0 542.0 230.0 514.0 224.0 524.0 168.0 Grasp 0
267.0 102.0 207.0 108.0 204.0 79.0 264.0 73.0 Grasp 0
597.0 330.0 561.0 312.0 574.0 286.0 610.0 304.0 Grasp 0
290.0 166.0 231.0 183.0 223.0 155.0 282.0 138.0 Grasp 0
504.0 59.0 470.0 62.0 468.0 33.0 501.0 30.0 Grasp 0
523.0 302.0 496.0 345.0 470.0 329.0 497.0 286.0 Grasp 0
266.0 150.0 205.0 156.0 203.0 126.0 264.0 120.0 Grasp 0
523.0 144.0 482.0 147.0 480.0 117.0 520.0 114.0 Grasp 0
567.0 368.0 532.0 312.0 558.0 296.0 593.0 352.0 Grasp 0
344.0 369.0 327.0 278.0 357.0 272.0 374.0 363.0 Grasp 0
595.0 291.0 554.0 287.0 557.0 258.0 598.0 262.0 Grasp 0
503.0 97.0 466.0 100.0 464.0 71.0 501.0 67.0 Grasp 0
503.0 45.0 470.0 48.0 467.0 18.0 500.0 15.0 Grasp 0
268.0 182.0 214.0 209.0 201.0 182.0 255.0 155.0 Grasp 0
518.0 353.0 511.0 311.0 540.0 306.0 547.0 347.0 Grasp 0
282.0 197.0 242.0 241.0 220.0 221.0 260.0 177.0 Grasp 0
315.0 171.0 315.0 204.0 286.0 204.0 286.0 171.0 Grasp 0
535.0 315.0 528.0 358.0 497.0 352.0 505.0 310.0 Grasp 0
602.0 209.0 563.0 252.0 540.0 231.0 579.0 188.0 Grasp 0
523.0 109.0 485.0 113.0 482.0 82.0 520.0 79.0 Grasp 0
552.0 214.0 514.0 211.0 516.0 181.0 555.0 184.0 Grasp 0
288.0 145.0 228.0 150.0 225.0 121.0 285.0 115.0 Grasp 0
372.0 200.0 345.0 220.0 327.0 197.0 354.0 177.0 Grasp 0
509.0 299.0 471.0 340.0 449.0 320.0 486.0 279.0 Grasp 0
588.0 256.0 549.0 267.0 541.0 239.0 580.0 228.0 Grasp 0
273.0 192.0 225.0 228.0 207.0 205.0 255.0 169.0 Grasp 0
369.0 189.0 357.0 220.0 330.0 209.0 342.0 178.0 Grasp 0
