436.0 204.0 424.0 272.0 394.0 267.0 407.0 198.0 Grasp 0
352.0 70.0 279.0 91.0 271.0 62.0 344.0 41.0 Grasp 0
376.0 148.0 305.0 141.0 308.0 112.0 379.0 118.0 Grasp 0
388.0 207.0 378.0 264.0 348.0 258.0 358.0 201.0 Grasp 0
334.0 133.0 275.0 39.0 302.0 23.0 360.0 117.0 Grasp 0
309.0 81.0 280.0 34.0 307.0 17.0 336.0 65.0 Grasp 0
332.0 131.0 258.0 50.0 281.0 29.0 355.0 110.0 Grasp 0
363.0 95.0 289.0 116.0 280.0 87.0 355.0 66.0 Grasp 0
413.0 209.0 402.0 268.0 372.0 262.0 383.0 204.0 Grasp 0
434.0 203.0 406.0 275.0 378.0 264.0 406.0 192.0 Grasp 0
407.0 278.0 381.0 211.0 409.0 200.0 435.0 267.0 Grasp 0
368.0 125.0 313.0 141.0 305.0 112.0 360.0 97.0 Grasp 0
376.0 136.0 315.0 153.0 306.0 125.0 368.0 107.0 Grasp 0
390.0 277.0 376.0 204.0 406.0 198.0 419.0 271.0 Grasp 0
393.0 201.0 393.0 267.0 363.0 267.0 363.0 201.0 Grasp 0
345.0 19.0 302.0 88.0 275.0 72.0 318.0 3.0 Grasp 0
349.0 277.0 281.0 167.0 306.0 151.0 374.0 261.0 Grasp 0
367.0 68.0 305.0 115.0 287.0 91.0 349.0 44.0 Grasp 0
412.0 272.0 400.0 206.0 429.0 200.0 442.0 267.0 Grasp 0
424.0 267.0 381.0 219.0 403.0 199.0 446.0 246.0 Grasp 0
360.0 113.0 315.0 135.0 301.0 109.0 347.0 86.0 Grasp 0
300.0 86.0 269.0 36.0 296.0 19.0 327.0 69.0 Grasp 0
384.0 280.0 354.0 201.0 382.0 190.0 412.0 269.0 Grasp 0
