526.0 269.0 504.0 325.0 477.0 314.0 498.0 258.0 Grasp 0
505.0 229.0 479.0 296.0 451.0 285.0 477.0 218.0 Grasp 0
363.0 338.0 273.0 329.0 275.0 300.0 365.0 309.0 Grasp 0
364.0 352.0 268.0 360.0 266.0 332.0 361.0 323.0 Grasp 0
319.0 309.0 319.0 381.0 290.0 381.0 290.0 309.0 Grasp 0
328.0 380.0 289.0 315.0 313.0 300.0 353.0 365.0 Grasp 0
383.0 307.0 330.0 292.0 338.0 264.0 391.0 279.0 Grasp 0
364.0 329.0 295.0 309.0 303.0 281.0 372.0 300.0 Grasp 0
519.0 248.0 494.0 313.0 466.0 302.0 491.0 238.0 Grasp 0
308.0 385.0 282.0 316.0 309.0 306.0 335.0 375.0 Grasp 0
477.0 215.0 454.0 274.0 427.0 263.0 450.0 204.0 Grasp 0
320.0 385.0 272.0 332.0 293.0 313.0 341.0 366.0 Grasp 0
497.0 238.0 466.0 289.0 441.0 274.0 472.0 223.0 Grasp 0
403.0 366.0 283.0 332.0 291.0 304.0 411.0 339.0 Grasp 0
264.0 117.0 240.0 143.0 218.0 124.0 243.0 97.0 Grasp 0
343.0 384.0 296.0 309.0 321.0 294.0 367.0 369.0 Grasp 0
