422.0 90.0 374.0 114.0 362.0 88.0 409.0 64.0 Grasp 0
303.0 180.0 283.0 231.0 257.0 221.0 277.0 169.0 Grasp 0
264.0 151.0 233.0 185.0 212.0 166.0 242.0 132.0 Grasp 0
271.0 159.0 241.0 192.0 220.0 173.0 250.0 140.0 Grasp 0
434.0 152.0 367.0 133.0 375.0 104.0 442.0 123.0 Grasp 0
289.0 171.0 263.0 213.0 239.0 198.0 265.0 156.0 Grasp 0
252.0 142.0 223.0 173.0 202.0 154.0 231.0 123.0 Grasp 0
426.0 182.0 348.0 160.0 356.0 132.0 434.0 154.0 Grasp 0
431.0 171.0 359.0 150.0 367.0 122.0 439.0 142.0 Grasp 0
382.0 282.0 297.0 239.0 310.0 212.0 396.0 254.0 Grasp 0
440.0 135.0 365.0 157.0 357.0 128.0 432.0 107.0 Grasp 0
406.0 215.0 337.0 181.0 350.0 154.0 419.0 188.0 Grasp 0
386.0 271.0 307.0 211.0 326.0 187.0 404.0 247.0 Grasp 0
393.0 275.0 288.0 265.0 291.0 235.0 396.0 245.0 Grasp 0
411.0 230.0 306.0 220.0 309.0 190.0 414.0 200.0 Grasp 0
256.0 125.0 244.0 193.0 216.0 188.0 229.0 120.0 Grasp 0
420.0 309.0 388.0 344.0 367.0 325.0 399.0 290.0 Grasp 0
372.0 308.0 286.0 265.0 300.0 238.0 385.0 280.0 Grasp 0
239.0 134.0 215.0 160.0 194.0 141.0 218.0 115.0 Grasp 0
393.0 240.0 325.0 189.0 343.0 165.0 411.0 217.0 Grasp 0
437.0 121.0 370.0 127.0 367.0 98.0 435.0 91.0 Grasp 0
297.0 180.0 272.0 221.0 247.0 206.0 273.0 165.0 Grasp 0
410.0 204.0 345.0 172.0 358.0 145.0 423.0 177.0 Grasp 0
385.0 271.0 302.0 230.0 316.0 203.0 398.0 244.0 Grasp 0
430.0 306.0 399.0 356.0 375.0 341.0 406.0 291.0 Grasp 0
394.0 245.0 317.0 206.0 330.0 180.0 407.0 218.0 Grasp 0
437.0 319.0 411.0 361.0 387.0 346.0 413.0 304.0 Grasp 0
429.0 100.0 376.0 126.0 363.0 100.0 416.0 74.0 Grasp 0
417.0 303.0 371.0 339.0 354.0 316.0 400.0 281.0 Grasp 0
414.0 194.0 353.0 164.0 367.0 137.0 427.0 167.0 Grasp 0
312.0 189.0 292.0 240.0 266.0 230.0 285.0 179.0 Grasp 0
429.0 99.0 366.0 105.0 363.0 76.0 426.0 70.0 Grasp 0
433.0 111.0 367.0 117.0 365.0 88.0 430.0 82.0 Grasp 0
399.0 250.0 303.0 223.0 311.0 194.0 407.0 221.0 Grasp 0
282.0 164.0 256.0 206.0 232.0 191.0 257.0 149.0 Grasp 0
428.0 199.0 313.0 209.0 311.0 180.0 425.0 169.0 Grasp 0
434.0 109.0 376.0 138.0 363.0 112.0 421.0 83.0 Grasp 0
429.0 320.0 388.0 351.0 371.0 329.0 412.0 298.0 Grasp 0
402.0 224.0 329.0 188.0 343.0 161.0 415.0 197.0 Grasp 0
414.0 290.0 382.0 343.0 358.0 328.0 390.0 275.0 Grasp 0
429.0 317.0 371.0 346.0 358.0 321.0 416.0 292.0 Grasp 0
416.0 219.0 312.0 210.0 315.0 180.0 418.0 190.0 Grasp 0
336.0 198.0 320.0 286.0 291.0 280.0 307.0 192.0 Grasp 0
267.0 137.0 254.0 203.0 227.0 198.0 239.0 131.0 Grasp 0
410.0 216.0 351.0 151.0 373.0 131.0 432.0 196.0 Grasp 0
422.0 286.0 408.0 361.0 380.0 356.0 394.0 281.0 Grasp 0
387.0 284.0 288.0 275.0 291.0 245.0 389.0 254.0 Grasp 0
402.0 229.0 343.0 164.0 364.0 144.0 424.0 209.0 Grasp 0
