397.0 90.0 324.0 54.0 337.0 27.0 411.0 64.0 Grasp 0
271.0 157.0 177.0 85.0 195.0 62.0 289.0 133.0 Grasp 0
519.0 175.0 450.0 156.0 458.0 127.0 527.0 146.0 Grasp 0
504.0 199.0 442.0 153.0 461.0 129.0 522.0 175.0 Grasp 0
228.0 279.0 194.0 191.0 220.0 181.0 254.0 269.0 Grasp 0
284.0 131.0 183.0 102.0 192.0 73.0 292.0 102.0 Grasp 0
488.0 219.0 429.0 175.0 447.0 151.0 506.0 196.0 Grasp 0
385.0 67.0 330.0 51.0 338.0 23.0 393.0 38.0 Grasp 0
506.0 187.0 450.0 144.0 468.0 120.0 524.0 163.0 Grasp 0
302.0 63.0 195.0 117.0 181.0 90.0 288.0 37.0 Grasp 0
289.0 98.0 190.0 89.0 193.0 59.0 292.0 68.0 Grasp 0
