522.0 325.0 491.0 244.0 518.0 234.0 549.0 314.0 Grasp 0
447.0 342.0 431.0 256.0 459.0 251.0 475.0 336.0 Grasp 0
481.0 246.0 481.0 342.0 452.0 342.0 452.0 246.0 Grasp 0
543.0 318.0 513.0 240.0 540.0 230.0 570.0 308.0 Grasp 0
484.0 335.0 452.0 252.0 479.0 242.0 511.0 325.0 Grasp 0
326.0 74.0 236.0 49.0 244.0 21.0 334.0 47.0 Grasp 0
555.0 315.0 525.0 238.0 552.0 228.0 582.0 305.0 Grasp 0
339.0 151.0 213.0 140.0 215.0 110.0 342.0 122.0 Grasp 0
309.0 90.0 256.0 105.0 247.0 76.0 301.0 61.0 Grasp 0
245.0 325.0 215.0 302.0 232.0 279.0 263.0 302.0 Grasp 0
311.0 83.0 221.0 57.0 228.0 29.0 319.0 55.0 Grasp 0
567.0 311.0 539.0 237.0 566.0 227.0 594.0 300.0 Grasp 0
598.0 236.0 566.0 316.0 540.0 306.0 571.0 225.0 Grasp 0
453.0 205.0 424.0 173.0 445.0 154.0 474.0 186.0 Grasp 0
317.0 69.0 268.0 32.0 285.0 9.0 334.0 46.0 Grasp 0
340.0 133.0 250.0 141.0 247.0 111.0 337.0 103.0 Grasp 0
513.0 327.0 482.0 246.0 509.0 236.0 540.0 316.0 Grasp 0
425.0 347.0 408.0 260.0 436.0 255.0 453.0 342.0 Grasp 0
592.0 230.0 592.0 305.0 563.0 305.0 563.0 230.0 Grasp 0
316.0 101.0 262.0 128.0 249.0 101.0 303.0 74.0 Grasp 0
491.0 328.0 476.0 249.0 504.0 244.0 519.0 322.0 Grasp 0
287.0 30.0 241.0 103.0 217.0 88.0 262.0 14.0 Grasp 0
330.0 116.0 259.0 136.0 251.0 107.0 322.0 87.0 Grasp 0
314.0 80.0 291.0 139.0 262.0 128.0 285.0 69.0 Grasp 0
328.0 103.0 250.0 111.0 247.0 80.0 325.0 73.0 Grasp 0
532.0 322.0 501.0 243.0 528.0 232.0 559.0 312.0 Grasp 0
337.0 134.0 248.0 109.0 256.0 80.0 345.0 105.0 Grasp 0
437.0 344.0 421.0 258.0 449.0 252.0 465.0 339.0 Grasp 0
320.0 60.0 281.0 31.0 298.0 8.0 338.0 37.0 Grasp 0
457.0 251.0 438.0 357.0 409.0 352.0 429.0 246.0 Grasp 0
457.0 196.0 438.0 165.0 462.0 150.0 481.0 181.0 Grasp 0
