374.0 224.0 305.0 299.0 284.0 280.0 352.0 205.0 Grasp 0
567.0 240.0 502.0 247.0 500.0 217.0 565.0 211.0 Grasp 0
575.0 164.0 500.0 201.0 487.0 175.0 562.0 137.0 Grasp 0
310.0 177.0 249.0 146.0 263.0 118.0 324.0 149.0 Grasp 0
582.0 205.0 533.0 126.0 557.0 111.0 606.0 190.0 Grasp 0
408.0 248.0 362.0 323.0 337.0 307.0 383.0 233.0 Grasp 0
464.0 294.0 428.0 352.0 402.0 336.0 438.0 278.0 Grasp 0
349.0 209.0 300.0 289.0 276.0 274.0 325.0 194.0 Grasp 0
568.0 205.0 501.0 211.0 498.0 182.0 565.0 175.0 Grasp 0
452.0 274.0 423.0 350.0 395.0 339.0 424.0 264.0 Grasp 0
567.0 216.0 501.0 222.0 498.0 193.0 564.0 186.0 Grasp 0
599.0 71.0 564.0 68.0 566.0 39.0 602.0 43.0 Grasp 0
391.0 238.0 345.0 312.0 321.0 297.0 366.0 223.0 Grasp 0
576.0 357.0 526.0 343.0 534.0 316.0 584.0 330.0 Grasp 0
600.0 309.0 533.0 343.0 521.0 317.0 587.0 284.0 Grasp 0
237.0 153.0 172.0 225.0 149.0 205.0 215.0 133.0 Grasp 0
594.0 335.0 534.0 352.0 526.0 324.0 586.0 307.0 Grasp 0
471.0 117.0 430.0 183.0 405.0 168.0 446.0 101.0 Grasp 0
564.0 289.0 491.0 269.0 499.0 240.0 572.0 261.0 Grasp 0
379.0 219.0 344.0 311.0 317.0 301.0 352.0 209.0 Grasp 0
567.0 226.0 501.0 232.0 498.0 202.0 564.0 196.0 Grasp 0
421.0 260.0 379.0 327.0 354.0 312.0 395.0 245.0 Grasp 0
473.0 298.0 437.0 357.0 411.0 341.0 447.0 282.0 Grasp 0
561.0 301.0 502.0 285.0 510.0 256.0 569.0 273.0 Grasp 0
302.0 193.0 242.0 147.0 260.0 122.0 321.0 168.0 Grasp 0
183.0 281.0 146.0 221.0 171.0 205.0 209.0 265.0 Grasp 0
564.0 200.0 495.0 194.0 498.0 164.0 567.0 170.0 Grasp 0
597.0 120.0 550.0 106.0 558.0 79.0 605.0 92.0 Grasp 0
430.0 268.0 389.0 333.0 364.0 318.0 405.0 252.0 Grasp 0
459.0 276.0 445.0 353.0 415.0 347.0 430.0 271.0 Grasp 0
440.0 276.0 401.0 338.0 375.0 322.0 414.0 260.0 Grasp 0
369.0 212.0 333.0 306.0 306.0 295.0 343.0 201.0 Grasp 0
597.0 90.0 561.0 87.0 564.0 58.0 600.0 62.0 Grasp 0
571.0 155.0 499.0 191.0 486.0 164.0 558.0 128.0 Grasp 0
594.0 146.0 545.0 122.0 557.0 96.0 607.0 121.0 Grasp 0
569.0 258.0 504.0 264.0 502.0 235.0 567.0 229.0 Grasp 0
579.0 354.0 537.0 358.0 535.0 330.0 577.0 326.0 Grasp 0
227.0 151.0 181.0 202.0 159.0 181.0 205.0 130.0 Grasp 0
595.0 106.0 560.0 102.0 563.0 74.0 597.0 77.0 Grasp 0
590.0 166.0 540.0 128.0 557.0 105.0 607.0 143.0 Grasp 0
216.0 140.0 170.0 190.0 147.0 170.0 193.0 119.0 Grasp 0
578.0 186.0 502.0 224.0 489.0 197.0 564.0 160.0 Grasp 0
561.0 155.0 498.0 161.0 495.0 132.0 558.0 126.0 Grasp 0
561.0 174.0 499.0 180.0 496.0 150.0 558.0 144.0 Grasp 0
572.0 364.0 531.0 352.0 539.0 325.0 580.0 337.0 Grasp 0
599.0 298.0 532.0 331.0 520.0 306.0 586.0 273.0 Grasp 0
564.0 184.0 498.0 190.0 495.0 161.0 561.0 155.0 Grasp 0
600.0 104.0 552.0 91.0 560.0 63.0 608.0 77.0 Grasp 0
595.0 135.0 546.0 110.0 558.0 85.0 608.0 109.0 Grasp 0
598.0 80.0 562.0 77.0 564.0 48.0 601.0 52.0 Grasp 0
406.0 248.0 341.0 319.0 320.0 299.0 384.0 228.0 Grasp 0
