307.0 109.0 254.0 149.0 236.0 125.0 289.0 85.0 Grasp 0
326.0 134.0 274.0 173.0 256.0 149.0 308.0 110.0 Grasp 0
338.0 156.0 293.0 190.0 275.0 167.0 320.0 132.0 Grasp 0
362.0 177.0 321.0 222.0 300.0 203.0 341.0 158.0 Grasp 0
377.0 203.0 340.0 243.0 319.0 224.0 356.0 183.0 Grasp 0
346.0 171.0 306.0 201.0 288.0 178.0 328.0 147.0 Grasp 0
434.0 292.0 407.0 312.0 390.0 289.0 416.0 269.0 Grasp 0
298.0 92.0 251.0 143.0 229.0 123.0 276.0 72.0 Grasp 0
292.0 92.0 242.0 130.0 224.0 107.0 274.0 69.0 Grasp 0
316.0 104.0 274.0 172.0 249.0 156.0 291.0 88.0 Grasp 0
465.0 328.0 450.0 353.0 425.0 337.0 441.0 313.0 Grasp 0
398.0 249.0 371.0 269.0 354.0 246.0 381.0 226.0 Grasp 0
317.0 120.0 263.0 160.0 246.0 137.0 299.0 97.0 Grasp 0
334.0 149.0 273.0 180.0 260.0 153.0 321.0 123.0 Grasp 0
309.0 94.0 267.0 162.0 242.0 147.0 284.0 79.0 Grasp 0
467.0 341.0 454.0 355.0 433.0 336.0 446.0 322.0 Grasp 0
334.0 140.0 292.0 186.0 270.0 166.0 312.0 120.0 Grasp 0
324.0 129.0 244.0 152.0 236.0 123.0 316.0 101.0 Grasp 0
304.0 76.0 285.0 177.0 256.0 172.0 275.0 71.0 Grasp 0
460.0 336.0 445.0 348.0 427.0 325.0 443.0 313.0 Grasp 0
438.0 302.0 387.0 307.0 385.0 278.0 435.0 274.0 Grasp 0
424.0 262.0 407.0 306.0 380.0 296.0 397.0 251.0 Grasp 0
341.0 162.0 251.0 170.0 248.0 141.0 338.0 132.0 Grasp 0
471.0 331.0 462.0 356.0 435.0 346.0 445.0 321.0 Grasp 0
424.0 281.0 398.0 301.0 380.0 278.0 407.0 258.0 Grasp 0
368.0 190.0 328.0 234.0 306.0 215.0 347.0 171.0 Grasp 0
398.0 231.0 380.0 275.0 354.0 264.0 371.0 220.0 Grasp 0
455.0 318.0 428.0 338.0 411.0 315.0 438.0 295.0 Grasp 0
434.0 274.0 417.0 318.0 390.0 308.0 407.0 264.0 Grasp 0
374.0 202.0 322.0 228.0 309.0 202.0 361.0 176.0 Grasp 0
317.0 124.0 227.0 133.0 224.0 103.0 314.0 95.0 Grasp 0
408.0 242.0 390.0 287.0 364.0 277.0 381.0 232.0 Grasp 0
407.0 260.0 380.0 281.0 363.0 258.0 390.0 237.0 Grasp 0
457.0 325.0 416.0 336.0 408.0 309.0 449.0 297.0 Grasp 0
