556.0 202.0 504.0 285.0 479.0 270.0 531.0 186.0 Grasp 0
317.0 105.0 230.0 62.0 243.0 35.0 330.0 79.0 Grasp 0
560.0 205.0 535.0 268.0 508.0 258.0 533.0 194.0 Grasp 0
386.0 154.0 291.0 226.0 271.0 201.0 367.0 128.0 Grasp 0
533.0 201.0 533.0 268.0 503.0 268.0 503.0 201.0 Grasp 0
314.0 87.0 250.0 39.0 268.0 16.0 332.0 64.0 Grasp 0
529.0 203.0 516.0 277.0 487.0 271.0 500.0 198.0 Grasp 0
544.0 119.0 526.0 166.0 499.0 155.0 517.0 109.0 Grasp 0
321.0 86.0 263.0 22.0 285.0 2.0 343.0 66.0 Grasp 0
321.0 111.0 213.0 101.0 216.0 71.0 324.0 81.0 Grasp 0
327.0 80.0 239.0 55.0 247.0 27.0 335.0 52.0 Grasp 0
316.0 109.0 226.0 83.0 234.0 55.0 324.0 80.0 Grasp 0
365.0 141.0 289.0 224.0 266.0 203.0 342.0 119.0 Grasp 0
523.0 205.0 494.0 281.0 467.0 270.0 496.0 195.0 Grasp 0
398.0 259.0 398.0 352.0 365.0 352.0 365.0 259.0 Grasp 0
380.0 212.0 281.0 240.0 272.0 209.0 372.0 181.0 Grasp 0
330.0 86.0 237.0 78.0 240.0 48.0 333.0 57.0 Grasp 0
550.0 254.0 515.0 165.0 543.0 154.0 577.0 243.0 Grasp 0
506.0 202.0 478.0 274.0 451.0 263.0 479.0 192.0 Grasp 0
287.0 217.0 267.0 113.0 299.0 107.0 318.0 211.0 Grasp 0
305.0 112.0 241.0 41.0 263.0 22.0 327.0 92.0 Grasp 0
543.0 198.0 543.0 266.0 513.0 266.0 513.0 198.0 Grasp 0
322.0 59.0 270.0 34.0 284.0 7.0 335.0 33.0 Grasp 0
325.0 70.0 260.0 38.0 273.0 11.0 338.0 43.0 Grasp 0
420.0 272.0 387.0 357.0 357.0 345.0 390.0 260.0 Grasp 0
532.0 260.0 512.0 209.0 539.0 199.0 559.0 250.0 Grasp 0
340.0 120.0 301.0 219.0 272.0 207.0 310.0 108.0 Grasp 0
