291.0 278.0 208.0 271.0 211.0 240.0 294.0 248.0 Grasp 0
389.0 88.0 309.0 128.0 296.0 101.0 376.0 61.0 Grasp 0
277.0 334.0 198.0 311.0 206.0 282.0 286.0 304.0 Grasp 0
286.0 307.0 202.0 300.0 205.0 269.0 288.0 277.0 Grasp 0
360.0 83.0 290.0 30.0 308.0 6.0 378.0 59.0 Grasp 0
283.0 297.0 206.0 276.0 215.0 246.0 291.0 268.0 Grasp 0
534.0 114.0 534.0 202.0 503.0 202.0 503.0 114.0 Grasp 0
381.0 48.0 303.0 87.0 289.0 59.0 367.0 21.0 Grasp 0
377.0 63.0 289.0 55.0 292.0 24.0 380.0 33.0 Grasp 0
546.0 129.0 501.0 202.0 475.0 186.0 520.0 113.0 Grasp 0
266.0 363.0 191.0 342.0 199.0 312.0 274.0 334.0 Grasp 0
394.0 102.0 336.0 165.0 315.0 145.0 372.0 82.0 Grasp 0
559.0 131.0 526.0 213.0 498.0 202.0 530.0 119.0 Grasp 0
288.0 274.0 213.0 253.0 222.0 224.0 296.0 245.0 Grasp 0
475.0 103.0 446.0 178.0 418.0 168.0 448.0 92.0 Grasp 0
289.0 252.0 225.0 234.0 233.0 206.0 297.0 224.0 Grasp 0
269.0 351.0 194.0 329.0 202.0 300.0 277.0 321.0 Grasp 0
452.0 99.0 438.0 174.0 409.0 169.0 423.0 94.0 Grasp 0
506.0 114.0 475.0 194.0 447.0 183.0 478.0 103.0 Grasp 0
393.0 63.0 309.0 126.0 291.0 102.0 375.0 39.0 Grasp 0
563.0 171.0 482.0 194.0 473.0 164.0 555.0 141.0 Grasp 0
531.0 117.0 515.0 200.0 485.0 195.0 501.0 111.0 Grasp 0
286.0 225.0 230.0 220.0 233.0 191.0 289.0 196.0 Grasp 0
391.0 109.0 319.0 146.0 305.0 119.0 378.0 83.0 Grasp 0
383.0 71.0 304.0 93.0 295.0 64.0 375.0 42.0 Grasp 0
375.0 29.0 305.0 82.0 286.0 58.0 357.0 5.0 Grasp 0
282.0 240.0 238.0 228.0 246.0 199.0 290.0 212.0 Grasp 0
380.0 66.0 294.0 74.0 291.0 43.0 377.0 35.0 Grasp 0
486.0 108.0 457.0 181.0 430.0 170.0 458.0 97.0 Grasp 0
439.0 184.0 422.0 94.0 451.0 89.0 468.0 178.0 Grasp 0
378.0 37.0 293.0 61.0 285.0 32.0 370.0 7.0 Grasp 0
388.0 106.0 315.0 127.0 306.0 98.0 380.0 78.0 Grasp 0
529.0 202.0 483.0 128.0 509.0 112.0 555.0 185.0 Grasp 0
561.0 145.0 490.0 198.0 472.0 174.0 542.0 120.0 Grasp 0
374.0 32.0 278.0 40.0 275.0 11.0 372.0 2.0 Grasp 0
466.0 101.0 425.0 167.0 400.0 151.0 441.0 85.0 Grasp 0
523.0 121.0 493.0 198.0 465.0 187.0 494.0 110.0 Grasp 0
561.0 157.0 476.0 181.0 468.0 151.0 552.0 127.0 Grasp 0
