406.0 181.0 330.0 174.0 333.0 146.0 408.0 153.0 Grasp 0
402.0 207.0 335.0 201.0 337.0 172.0 405.0 179.0 Grasp 0
172.0 226.0 140.0 223.0 143.0 194.0 174.0 197.0 Grasp 0
307.0 296.0 261.0 346.0 239.0 325.0 284.0 275.0 Grasp 0
194.0 126.0 152.0 122.0 154.0 94.0 196.0 98.0 Grasp 0
417.0 190.0 347.0 196.0 344.0 167.0 414.0 161.0 Grasp 0
205.0 88.0 165.0 84.0 167.0 55.0 208.0 59.0 Grasp 0
388.0 228.0 323.0 210.0 331.0 182.0 396.0 200.0 Grasp 0
153.0 269.0 125.0 266.0 128.0 237.0 156.0 240.0 Grasp 0
157.0 223.0 128.0 215.0 136.0 187.0 165.0 195.0 Grasp 0
149.0 376.0 122.0 405.0 101.0 386.0 128.0 356.0 Grasp 0
187.0 142.0 148.0 138.0 151.0 110.0 189.0 113.0 Grasp 0
419.0 172.0 348.0 192.0 341.0 165.0 411.0 145.0 Grasp 0
187.0 157.0 145.0 153.0 147.0 124.0 189.0 128.0 Grasp 0
99.0 355.0 99.0 399.0 70.0 399.0 70.0 355.0 Grasp 0
214.0 67.0 170.0 63.0 173.0 34.0 216.0 38.0 Grasp 0
160.0 247.0 131.0 244.0 134.0 216.0 163.0 219.0 Grasp 0
299.0 272.0 265.0 217.0 290.0 201.0 324.0 256.0 Grasp 0
162.0 367.0 148.0 404.0 121.0 394.0 136.0 356.0 Grasp 0
165.0 186.0 129.0 176.0 136.0 148.0 173.0 158.0 Grasp 0
174.0 199.0 136.0 196.0 139.0 167.0 176.0 171.0 Grasp 0
387.0 196.0 318.0 189.0 321.0 161.0 390.0 167.0 Grasp 0
209.0 79.0 167.0 75.0 170.0 46.0 212.0 50.0 Grasp 0
409.0 158.0 332.0 165.0 330.0 137.0 406.0 130.0 Grasp 0
202.0 49.0 160.0 52.0 158.0 24.0 199.0 20.0 Grasp 0
178.0 384.0 165.0 418.0 138.0 407.0 152.0 373.0 Grasp 0
90.0 405.0 76.0 369.0 103.0 358.0 117.0 395.0 Grasp 0
156.0 234.0 127.0 225.0 135.0 197.0 164.0 206.0 Grasp 0
139.0 375.0 107.0 399.0 90.0 376.0 122.0 352.0 Grasp 0
395.0 243.0 337.0 214.0 350.0 188.0 408.0 217.0 Grasp 0
169.0 210.0 133.0 207.0 135.0 178.0 171.0 182.0 Grasp 0
148.0 311.0 120.0 308.0 123.0 280.0 151.0 282.0 Grasp 0
153.0 382.0 132.0 416.0 108.0 401.0 129.0 367.0 Grasp 0
303.0 322.0 273.0 355.0 250.0 334.0 281.0 301.0 Grasp 0
195.0 68.0 150.0 64.0 153.0 36.0 198.0 40.0 Grasp 0
199.0 120.0 160.0 116.0 163.0 87.0 202.0 91.0 Grasp 0
168.0 381.0 152.0 423.0 125.0 412.0 141.0 371.0 Grasp 0
182.0 167.0 138.0 163.0 141.0 134.0 184.0 139.0 Grasp 0
408.0 292.0 347.0 298.0 344.0 268.0 406.0 263.0 Grasp 0
168.0 177.0 128.0 165.0 135.0 137.0 176.0 149.0 Grasp 0
324.0 323.0 302.0 358.0 276.0 342.0 298.0 307.0 Grasp 0
313.0 312.0 289.0 350.0 263.0 333.0 286.0 296.0 Grasp 0
101.0 399.0 88.0 364.0 115.0 353.0 128.0 388.0 Grasp 0
399.0 317.0 344.0 302.0 352.0 274.0 407.0 290.0 Grasp 0
322.0 302.0 306.0 343.0 277.0 332.0 293.0 291.0 Grasp 0
143.0 354.0 115.0 351.0 117.0 323.0 145.0 325.0 Grasp 0
99.0 409.0 84.0 372.0 111.0 362.0 125.0 399.0 Grasp 0
202.0 105.0 163.0 101.0 165.0 72.0 205.0 76.0 Grasp 0
415.0 264.0 355.0 281.0 347.0 253.0 407.0 236.0 Grasp 0
193.0 99.0 152.0 95.0 154.0 67.0 196.0 71.0 Grasp 0
163.0 268.0 138.0 276.0 130.0 248.0 155.0 241.0 Grasp 0
313.0 324.0 290.0 361.0 263.0 345.0 286.0 307.0 Grasp 0
185.0 189.0 147.0 185.0 149.0 156.0 188.0 160.0 Grasp 0
185.0 93.0 145.0 89.0 148.0 61.0 188.0 64.0 Grasp 0
139.0 340.0 112.0 332.0 120.0 305.0 147.0 312.0 Grasp 0
413.0 217.0 346.0 211.0 348.0 182.0 415.0 189.0 Grasp 0
393.0 169.0 317.0 176.0 314.0 148.0 390.0 141.0 Grasp 0
91.0 351.0 91.0 389.0 62.0 389.0 62.0 351.0 Grasp 0
153.0 368.0 79.0 405.0 66.0 379.0 140.0 343.0 Grasp 0
160.0 286.0 135.0 298.0 122.0 273.0 147.0 260.0 Grasp 0
153.0 303.0 129.0 315.0 116.0 289.0 140.0 277.0 Grasp 0
172.0 397.0 62.0 387.0 65.0 358.0 175.0 368.0 Grasp 0
384.0 327.0 334.0 302.0 347.0 276.0 397.0 301.0 Grasp 0
177.0 373.0 163.0 409.0 137.0 399.0 151.0 363.0 Grasp 0
113.0 410.0 93.0 376.0 117.0 361.0 138.0 395.0 Grasp 0
210.0 55.0 172.0 44.0 180.0 17.0 218.0 28.0 Grasp 0
332.0 224.0 271.0 254.0 258.0 228.0 319.0 198.0 Grasp 0
290.0 324.0 247.0 357.0 228.0 332.0 271.0 299.0 Grasp 0
138.0 387.0 111.0 416.0 90.0 397.0 116.0 367.0 Grasp 0
255.0 341.0 236.0 292.0 264.0 280.0 284.0 330.0 Grasp 0
154.0 290.0 126.0 287.0 129.0 259.0 156.0 261.0 Grasp 0
176.0 151.0 134.0 147.0 136.0 119.0 179.0 123.0 Grasp 0
382.0 248.0 325.0 219.0 338.0 193.0 395.0 222.0 Grasp 0
315.0 296.0 288.0 341.0 262.0 325.0 289.0 280.0 Grasp 0
187.0 85.0 150.0 74.0 158.0 47.0 195.0 57.0 Grasp 0
114.0 400.0 95.0 369.0 120.0 354.0 139.0 385.0 Grasp 0
184.0 119.0 147.0 116.0 150.0 87.0 187.0 90.0 Grasp 0
377.0 201.0 307.0 195.0 309.0 166.0 380.0 173.0 Grasp 0
191.0 173.0 152.0 169.0 154.0 141.0 194.0 144.0 Grasp 0
198.0 136.0 156.0 132.0 158.0 103.0 200.0 107.0 Grasp 0
153.0 279.0 126.0 277.0 129.0 248.0 156.0 250.0 Grasp 0
382.0 212.0 315.0 206.0 318.0 177.0 384.0 183.0 Grasp 0
181.0 135.0 139.0 131.0 142.0 103.0 184.0 106.0 Grasp 0
406.0 197.0 337.0 177.0 345.0 150.0 414.0 169.0 Grasp 0
178.0 205.0 145.0 202.0 147.0 173.0 181.0 176.0 Grasp 0
326.0 329.0 313.0 361.0 285.0 350.0 298.0 318.0 Grasp 0
