258.0 322.0 247.0 379.0 215.0 373.0 226.0 316.0 Grasp 0
569.0 240.0 555.0 319.0 526.0 314.0 541.0 235.0 Grasp 0
501.0 237.0 487.0 311.0 459.0 305.0 472.0 232.0 Grasp 0
544.0 240.0 514.0 318.0 487.0 308.0 517.0 230.0 Grasp 0
303.0 312.0 303.0 377.0 272.0 377.0 272.0 312.0 Grasp 0
274.0 320.0 249.0 385.0 219.0 374.0 244.0 308.0 Grasp 0
329.0 382.0 302.0 311.0 331.0 300.0 358.0 371.0 Grasp 0
388.0 386.0 320.0 312.0 343.0 291.0 411.0 366.0 Grasp 0
468.0 76.0 453.0 156.0 425.0 150.0 440.0 71.0 Grasp 0
262.0 392.0 219.0 323.0 247.0 307.0 289.0 376.0 Grasp 0
554.0 240.0 540.0 317.0 512.0 312.0 526.0 235.0 Grasp 0
595.0 242.0 564.0 323.0 537.0 313.0 569.0 231.0 Grasp 0
528.0 237.0 528.0 315.0 500.0 315.0 500.0 237.0 Grasp 0
524.0 239.0 494.0 316.0 467.0 306.0 497.0 229.0 Grasp 0
303.0 384.0 276.0 313.0 305.0 302.0 332.0 372.0 Grasp 0
439.0 312.0 424.0 234.0 453.0 229.0 467.0 306.0 Grasp 0
256.0 382.0 244.0 315.0 275.0 309.0 287.0 377.0 Grasp 0
338.0 310.0 325.0 380.0 294.0 375.0 308.0 304.0 Grasp 0
383.0 158.0 368.0 81.0 397.0 75.0 411.0 153.0 Grasp 0
265.0 89.0 223.0 158.0 198.0 143.0 241.0 74.0 Grasp 0
609.0 245.0 594.0 324.0 566.0 319.0 581.0 240.0 Grasp 0
369.0 393.0 296.0 313.0 319.0 292.0 392.0 372.0 Grasp 0
432.0 315.0 400.0 232.0 427.0 221.0 459.0 305.0 Grasp 0
401.0 159.0 386.0 80.0 414.0 75.0 429.0 153.0 Grasp 0
485.0 238.0 472.0 307.0 444.0 302.0 456.0 233.0 Grasp 0
507.0 237.0 507.0 311.0 478.0 311.0 478.0 237.0 Grasp 0
240.0 384.0 218.0 325.0 248.0 314.0 270.0 373.0 Grasp 0
394.0 168.0 341.0 83.0 365.0 68.0 418.0 153.0 Grasp 0
287.0 314.0 258.0 390.0 228.0 378.0 257.0 303.0 Grasp 0
459.0 73.0 444.0 158.0 416.0 152.0 431.0 68.0 Grasp 0
453.0 313.0 439.0 235.0 467.0 230.0 482.0 308.0 Grasp 0
583.0 241.0 583.0 323.0 554.0 323.0 554.0 241.0 Grasp 0
518.0 237.0 518.0 313.0 489.0 313.0 489.0 237.0 Grasp 0
441.0 164.0 408.0 81.0 435.0 71.0 467.0 154.0 Grasp 0
416.0 160.0 401.0 79.0 429.0 73.0 444.0 155.0 Grasp 0
383.0 168.0 331.0 83.0 355.0 68.0 408.0 153.0 Grasp 0
572.0 325.0 557.0 245.0 585.0 240.0 600.0 320.0 Grasp 0
277.0 392.0 231.0 318.0 258.0 301.0 304.0 375.0 Grasp 0
316.0 383.0 289.0 313.0 318.0 302.0 345.0 371.0 Grasp 0
304.0 93.0 214.0 161.0 196.0 138.0 287.0 70.0 Grasp 0
384.0 186.0 278.0 239.0 265.0 213.0 371.0 161.0 Grasp 0
285.0 385.0 258.0 315.0 287.0 303.0 314.0 373.0 Grasp 0
473.0 84.0 425.0 160.0 401.0 145.0 448.0 69.0 Grasp 0
442.0 159.0 427.0 79.0 455.0 74.0 470.0 154.0 Grasp 0
327.0 311.0 313.0 382.0 282.0 376.0 296.0 305.0 Grasp 0
310.0 313.0 280.0 388.0 251.0 377.0 280.0 302.0 Grasp 0
449.0 233.0 449.0 304.0 420.0 304.0 420.0 233.0 Grasp 0
472.0 74.0 472.0 155.0 444.0 155.0 444.0 74.0 Grasp 0
572.0 241.0 572.0 320.0 544.0 320.0 544.0 241.0 Grasp 0
