452.0 206.0 380.0 186.0 388.0 157.0 460.0 178.0 Grasp 0
509.0 294.0 455.0 334.0 437.0 311.0 491.0 270.0 Grasp 0
568.0 312.0 521.0 261.0 543.0 241.0 590.0 292.0 Grasp 0
444.0 193.0 393.0 167.0 406.0 141.0 457.0 166.0 Grasp 0
494.0 328.0 483.0 270.0 513.0 265.0 524.0 322.0 Grasp 0
384.0 385.0 334.0 439.0 313.0 420.0 363.0 365.0 Grasp 0
448.0 158.0 427.0 123.0 453.0 107.0 474.0 142.0 Grasp 0
562.0 102.0 510.0 186.0 484.0 170.0 536.0 86.0 Grasp 0
607.0 229.0 525.0 237.0 522.0 207.0 604.0 199.0 Grasp 0
578.0 146.0 508.0 181.0 494.0 154.0 565.0 119.0 Grasp 0
497.0 268.0 447.0 324.0 425.0 304.0 476.0 248.0 Grasp 0
498.0 260.0 486.0 326.0 456.0 321.0 469.0 254.0 Grasp 0
274.0 185.0 211.0 232.0 193.0 209.0 256.0 162.0 Grasp 0
405.0 366.0 379.0 434.0 352.0 424.0 379.0 356.0 Grasp 0
614.0 267.0 530.0 259.0 533.0 229.0 616.0 237.0 Grasp 0
583.0 162.0 515.0 195.0 502.0 169.0 569.0 135.0 Grasp 0
396.0 370.0 349.0 446.0 325.0 431.0 372.0 355.0 Grasp 0
492.0 234.0 440.0 318.0 415.0 302.0 467.0 219.0 Grasp 0
616.0 241.0 537.0 264.0 529.0 235.0 608.0 212.0 Grasp 0
454.0 154.0 436.0 108.0 465.0 97.0 482.0 143.0 Grasp 0
602.0 208.0 535.0 242.0 521.0 215.0 588.0 181.0 Grasp 0
487.0 236.0 470.0 325.0 441.0 320.0 458.0 231.0 Grasp 0
517.0 331.0 496.0 277.0 524.0 267.0 545.0 320.0 Grasp 0
211.0 380.0 177.0 293.0 204.0 282.0 238.0 369.0 Grasp 0
416.0 363.0 416.0 415.0 387.0 415.0 387.0 363.0 Grasp 0
478.0 187.0 436.0 295.0 408.0 285.0 451.0 176.0 Grasp 0
571.0 121.0 506.0 169.0 488.0 145.0 552.0 97.0 Grasp 0
546.0 85.0 512.0 174.0 484.0 164.0 518.0 75.0 Grasp 0
410.0 408.0 402.0 367.0 430.0 362.0 438.0 403.0 Grasp 0
514.0 87.0 514.0 163.0 484.0 163.0 484.0 87.0 Grasp 0
244.0 379.0 171.0 299.0 192.0 279.0 266.0 359.0 Grasp 0
455.0 226.0 384.0 172.0 402.0 148.0 473.0 202.0 Grasp 0
561.0 111.0 469.0 157.0 456.0 130.0 548.0 84.0 Grasp 0
433.0 412.0 354.0 389.0 362.0 362.0 441.0 384.0 Grasp 0
575.0 143.0 497.0 165.0 489.0 136.0 567.0 114.0 Grasp 0
593.0 185.0 523.0 220.0 509.0 193.0 580.0 158.0 Grasp 0
481.0 152.0 470.0 97.0 500.0 92.0 510.0 147.0 Grasp 0
618.0 252.0 542.0 274.0 534.0 245.0 610.0 223.0 Grasp 0
225.0 377.0 190.0 288.0 218.0 277.0 252.0 366.0 Grasp 0
611.0 224.0 541.0 259.0 528.0 232.0 598.0 197.0 Grasp 0
602.0 153.0 540.0 253.0 514.0 237.0 577.0 137.0 Grasp 0
616.0 205.0 531.0 299.0 508.0 279.0 594.0 185.0 Grasp 0
600.0 201.0 525.0 222.0 516.0 193.0 592.0 172.0 Grasp 0
500.0 279.0 468.0 331.0 443.0 315.0 475.0 263.0 Grasp 0
502.0 260.0 502.0 325.0 472.0 325.0 472.0 260.0 Grasp 0
410.0 364.0 399.0 424.0 371.0 419.0 382.0 359.0 Grasp 0
535.0 83.0 508.0 151.0 480.0 140.0 507.0 72.0 Grasp 0
487.0 220.0 437.0 301.0 412.0 286.0 462.0 204.0 Grasp 0
570.0 111.0 519.0 193.0 494.0 177.0 545.0 95.0 Grasp 0
540.0 328.0 515.0 288.0 541.0 272.0 566.0 312.0 Grasp 0
618.0 253.0 524.0 244.0 527.0 214.0 621.0 223.0 Grasp 0
617.0 284.0 529.0 276.0 531.0 246.0 620.0 254.0 Grasp 0
383.0 433.0 310.0 397.0 323.0 371.0 396.0 408.0 Grasp 0
450.0 196.0 405.0 147.0 427.0 126.0 472.0 175.0 Grasp 0
448.0 172.0 420.0 126.0 445.0 110.0 474.0 156.0 Grasp 0
546.0 81.0 525.0 197.0 495.0 191.0 517.0 76.0 Grasp 0
440.0 175.0 411.0 143.0 433.0 123.0 462.0 155.0 Grasp 0
597.0 162.0 528.0 214.0 510.0 190.0 578.0 138.0 Grasp 0
