450.0 239.0 395.0 255.0 387.0 225.0 441.0 210.0 Grasp 0
565.0 76.0 525.0 87.0 517.0 60.0 558.0 48.0 Grasp 0
280.0 207.0 245.0 244.0 223.0 224.0 257.0 186.0 Grasp 0
353.0 255.0 353.0 343.0 323.0 343.0 323.0 255.0 Grasp 0
349.0 269.0 337.0 335.0 308.0 329.0 320.0 264.0 Grasp 0
446.0 187.0 369.0 180.0 372.0 150.0 449.0 157.0 Grasp 0
443.0 123.0 368.0 160.0 355.0 134.0 429.0 96.0 Grasp 0
476.0 282.0 430.0 332.0 408.0 312.0 454.0 262.0 Grasp 0
446.0 213.0 389.0 229.0 381.0 200.0 438.0 184.0 Grasp 0
312.0 246.0 281.0 280.0 259.0 259.0 290.0 225.0 Grasp 0
558.0 61.0 524.0 64.0 521.0 36.0 555.0 32.0 Grasp 0
329.0 270.0 307.0 294.0 284.0 273.0 306.0 249.0 Grasp 0
476.0 290.0 381.0 263.0 390.0 234.0 484.0 261.0 Grasp 0
455.0 186.0 380.0 207.0 372.0 178.0 447.0 157.0 Grasp 0
457.0 267.0 404.0 282.0 396.0 253.0 449.0 238.0 Grasp 0
609.0 243.0 567.0 264.0 554.0 239.0 596.0 218.0 Grasp 0
472.0 256.0 415.0 319.0 392.0 298.0 449.0 236.0 Grasp 0
455.0 250.0 378.0 243.0 381.0 213.0 457.0 220.0 Grasp 0
343.0 254.0 328.0 335.0 299.0 329.0 314.0 248.0 Grasp 0
459.0 246.0 400.0 276.0 387.0 249.0 446.0 219.0 Grasp 0
462.0 214.0 393.0 248.0 380.0 221.0 448.0 187.0 Grasp 0
269.0 179.0 220.0 234.0 197.0 214.0 247.0 159.0 Grasp 0
469.0 313.0 391.0 275.0 405.0 248.0 482.0 286.0 Grasp 0
330.0 267.0 292.0 295.0 273.0 270.0 311.0 241.0 Grasp 0
275.0 205.0 229.0 239.0 211.0 216.0 257.0 181.0 Grasp 0
446.0 142.0 361.0 150.0 359.0 120.0 443.0 112.0 Grasp 0
366.0 297.0 319.0 333.0 302.0 309.0 348.0 274.0 Grasp 0
278.0 170.0 263.0 252.0 233.0 246.0 249.0 165.0 Grasp 0
294.0 209.0 261.0 262.0 236.0 247.0 269.0 193.0 Grasp 0
574.0 109.0 533.0 121.0 525.0 93.0 566.0 82.0 Grasp 0
590.0 181.0 549.0 193.0 541.0 166.0 582.0 154.0 Grasp 0
451.0 170.0 376.0 191.0 368.0 162.0 443.0 141.0 Grasp 0
578.0 124.0 536.0 136.0 528.0 108.0 570.0 96.0 Grasp 0
587.0 165.0 544.0 177.0 537.0 149.0 579.0 137.0 Grasp 0
467.0 225.0 413.0 313.0 387.0 297.0 442.0 209.0 Grasp 0
443.0 204.0 372.0 198.0 375.0 168.0 446.0 174.0 Grasp 0
448.0 158.0 374.0 179.0 366.0 150.0 440.0 129.0 Grasp 0
450.0 232.0 382.0 238.0 379.0 208.0 448.0 202.0 Grasp 0
472.0 289.0 418.0 316.0 405.0 288.0 459.0 261.0 Grasp 0
598.0 212.0 556.0 224.0 548.0 197.0 590.0 185.0 Grasp 0
365.0 284.0 331.0 339.0 306.0 323.0 340.0 269.0 Grasp 0
594.0 197.0 552.0 209.0 544.0 182.0 586.0 170.0 Grasp 0
601.0 234.0 563.0 245.0 556.0 217.0 593.0 207.0 Grasp 0
569.0 87.0 528.0 98.0 520.0 71.0 561.0 59.0 Grasp 0
271.0 197.0 206.0 229.0 193.0 202.0 257.0 170.0 Grasp 0
479.0 296.0 419.0 326.0 405.0 299.0 465.0 269.0 Grasp 0
282.0 181.0 242.0 244.0 217.0 228.0 256.0 165.0 Grasp 0
462.0 189.0 386.0 227.0 372.0 200.0 448.0 162.0 Grasp 0
369.0 270.0 369.0 352.0 340.0 352.0 340.0 270.0 Grasp 0
460.0 267.0 385.0 260.0 387.0 230.0 463.0 237.0 Grasp 0
335.0 284.0 290.0 297.0 281.0 267.0 327.0 254.0 Grasp 0
305.0 238.0 274.0 272.0 252.0 252.0 283.0 218.0 Grasp 0
571.0 98.0 530.0 110.0 522.0 82.0 563.0 71.0 Grasp 0
300.0 228.0 266.0 265.0 244.0 245.0 278.0 208.0 Grasp 0
469.0 273.0 422.0 325.0 400.0 304.0 447.0 253.0 Grasp 0
285.0 215.0 252.0 251.0 230.0 231.0 263.0 195.0 Grasp 0
600.0 222.0 558.0 234.0 550.0 207.0 593.0 195.0 Grasp 0
299.0 200.0 283.0 283.0 254.0 277.0 269.0 195.0 Grasp 0
584.0 155.0 543.0 167.0 535.0 139.0 577.0 128.0 Grasp 0
446.0 217.0 368.0 210.0 371.0 180.0 449.0 187.0 Grasp 0
462.0 223.0 399.0 270.0 381.0 246.0 443.0 199.0 Grasp 0
323.0 253.0 290.0 288.0 268.0 267.0 300.0 232.0 Grasp 0
328.0 265.0 262.0 283.0 254.0 254.0 319.0 235.0 Grasp 0
580.0 134.0 539.0 145.0 531.0 118.0 572.0 106.0 Grasp 0
449.0 153.0 366.0 161.0 363.0 131.0 446.0 123.0 Grasp 0
477.0 300.0 404.0 307.0 401.0 277.0 474.0 271.0 Grasp 0
436.0 124.0 368.0 144.0 360.0 115.0 428.0 95.0 Grasp 0
359.0 289.0 313.0 324.0 295.0 300.0 341.0 265.0 Grasp 0
461.0 278.0 407.0 293.0 398.0 264.0 453.0 248.0 Grasp 0
353.0 274.0 319.0 330.0 294.0 314.0 328.0 258.0 Grasp 0
582.0 145.0 541.0 157.0 533.0 129.0 575.0 118.0 Grasp 0
446.0 134.0 370.0 172.0 357.0 145.0 433.0 107.0 Grasp 0
603.0 249.0 564.0 253.0 561.0 224.0 600.0 221.0 Grasp 0
449.0 228.0 372.0 221.0 374.0 190.0 452.0 198.0 Grasp 0
