619.0 198.0 531.0 224.0 523.0 195.0 611.0 170.0 Grasp 0
587.0 306.0 510.0 299.0 513.0 269.0 590.0 276.0 Grasp 0
361.0 260.0 288.0 316.0 270.0 293.0 344.0 238.0 Grasp 0
469.0 204.0 419.0 149.0 440.0 129.0 491.0 184.0 Grasp 0
471.0 276.0 395.0 297.0 387.0 269.0 462.0 247.0 Grasp 0
593.0 282.0 510.0 275.0 513.0 245.0 595.0 253.0 Grasp 0
380.0 91.0 318.0 73.0 326.0 45.0 388.0 63.0 Grasp 0
382.0 106.0 310.0 99.0 313.0 70.0 385.0 76.0 Grasp 0
265.0 155.0 213.0 213.0 190.0 192.0 243.0 135.0 Grasp 0
354.0 248.0 246.0 278.0 239.0 250.0 346.0 220.0 Grasp 0
494.0 298.0 484.0 352.0 455.0 346.0 465.0 293.0 Grasp 0
490.0 180.0 431.0 135.0 448.0 111.0 507.0 156.0 Grasp 0
600.0 236.0 527.0 215.0 535.0 186.0 608.0 207.0 Grasp 0
478.0 202.0 419.0 186.0 427.0 158.0 486.0 174.0 Grasp 0
474.0 279.0 432.0 324.0 410.0 304.0 451.0 258.0 Grasp 0
519.0 122.0 519.0 163.0 489.0 163.0 489.0 122.0 Grasp 0
474.0 262.0 410.0 310.0 392.0 287.0 456.0 238.0 Grasp 0
611.0 221.0 532.0 213.0 534.0 183.0 614.0 191.0 Grasp 0
602.0 245.0 524.0 238.0 527.0 209.0 605.0 216.0 Grasp 0
465.0 253.0 406.0 236.0 414.0 208.0 473.0 225.0 Grasp 0
483.0 250.0 394.0 294.0 381.0 268.0 470.0 223.0 Grasp 0
372.0 132.0 306.0 113.0 314.0 84.0 381.0 103.0 Grasp 0
348.0 245.0 227.0 256.0 224.0 227.0 345.0 216.0 Grasp 0
363.0 248.0 322.0 356.0 295.0 346.0 337.0 238.0 Grasp 0
271.0 153.0 224.0 228.0 199.0 212.0 245.0 137.0 Grasp 0
465.0 250.0 405.0 153.0 430.0 137.0 490.0 235.0 Grasp 0
578.0 335.0 502.0 297.0 515.0 270.0 591.0 308.0 Grasp 0
366.0 154.0 302.0 136.0 310.0 107.0 374.0 126.0 Grasp 0
484.0 290.0 464.0 341.0 436.0 330.0 456.0 279.0 Grasp 0
480.0 194.0 416.0 162.0 429.0 136.0 493.0 168.0 Grasp 0
364.0 170.0 298.0 151.0 306.0 123.0 372.0 142.0 Grasp 0
624.0 169.0 536.0 213.0 522.0 185.0 610.0 141.0 Grasp 0
468.0 192.0 456.0 129.0 486.0 124.0 498.0 186.0 Grasp 0
623.0 212.0 529.0 239.0 521.0 210.0 615.0 183.0 Grasp 0
380.0 102.0 313.0 83.0 321.0 55.0 388.0 74.0 Grasp 0
275.0 175.0 219.0 217.0 201.0 193.0 257.0 151.0 Grasp 0
356.0 203.0 287.0 151.0 305.0 128.0 374.0 180.0 Grasp 0
602.0 258.0 525.0 251.0 527.0 221.0 604.0 228.0 Grasp 0
612.0 182.0 483.0 218.0 475.0 190.0 604.0 153.0 Grasp 0
545.0 367.0 489.0 305.0 511.0 285.0 567.0 347.0 Grasp 0
565.0 344.0 501.0 274.0 523.0 254.0 588.0 324.0 Grasp 0
514.0 225.0 452.0 125.0 478.0 109.0 540.0 209.0 Grasp 0
476.0 170.0 468.0 127.0 498.0 122.0 506.0 164.0 Grasp 0
611.0 162.0 541.0 197.0 528.0 171.0 598.0 136.0 Grasp 0
467.0 201.0 441.0 135.0 469.0 124.0 495.0 190.0 Grasp 0
486.0 226.0 404.0 250.0 396.0 222.0 478.0 198.0 Grasp 0
459.0 278.0 399.0 261.0 407.0 233.0 467.0 250.0 Grasp 0
476.0 362.0 466.0 305.0 495.0 300.0 505.0 356.0 Grasp 0
572.0 342.0 503.0 308.0 516.0 281.0 585.0 315.0 Grasp 0
476.0 288.0 448.0 333.0 422.0 317.0 450.0 272.0 Grasp 0
597.0 147.0 543.0 206.0 521.0 186.0 575.0 127.0 Grasp 0
615.0 208.0 535.0 201.0 538.0 171.0 617.0 178.0 Grasp 0
474.0 233.0 409.0 227.0 411.0 198.0 477.0 204.0 Grasp 0
474.0 216.0 410.0 168.0 427.0 145.0 491.0 193.0 Grasp 0
469.0 227.0 413.0 211.0 420.0 183.0 477.0 199.0 Grasp 0
365.0 258.0 297.0 332.0 276.0 313.0 344.0 239.0 Grasp 0
391.0 71.0 318.0 107.0 305.0 81.0 377.0 45.0 Grasp 0
525.0 266.0 401.0 302.0 393.0 273.0 516.0 238.0 Grasp 0
360.0 186.0 294.0 167.0 302.0 139.0 368.0 157.0 Grasp 0
456.0 231.0 421.0 141.0 448.0 130.0 483.0 221.0 Grasp 0
469.0 238.0 407.0 192.0 425.0 168.0 487.0 215.0 Grasp 0
521.0 368.0 494.0 297.0 522.0 286.0 549.0 357.0 Grasp 0
370.0 149.0 299.0 95.0 317.0 72.0 388.0 125.0 Grasp 0
548.0 125.0 529.0 173.0 501.0 162.0 520.0 114.0 Grasp 0
524.0 211.0 429.0 140.0 447.0 116.0 542.0 187.0 Grasp 0
355.0 250.0 264.0 295.0 252.0 269.0 343.0 224.0 Grasp 0
461.0 292.0 396.0 220.0 418.0 200.0 483.0 272.0 Grasp 0
462.0 267.0 402.0 250.0 410.0 222.0 470.0 239.0 Grasp 0
583.0 302.0 509.0 282.0 518.0 253.0 591.0 274.0 Grasp 0
535.0 367.0 498.0 272.0 525.0 261.0 562.0 357.0 Grasp 0
534.0 242.0 409.0 277.0 401.0 248.0 526.0 213.0 Grasp 0
462.0 288.0 394.0 282.0 396.0 253.0 465.0 259.0 Grasp 0
378.0 277.0 301.0 335.0 284.0 313.0 360.0 255.0 Grasp 0
