246.0 227.0 189.0 222.0 191.0 192.0 249.0 197.0 Grasp 0
243.0 152.0 199.0 156.0 196.0 127.0 241.0 123.0 Grasp 0
486.0 106.0 431.0 133.0 418.0 107.0 473.0 80.0 Grasp 0
499.0 186.0 426.0 207.0 418.0 179.0 491.0 158.0 Grasp 0
500.0 91.0 453.0 126.0 436.0 103.0 482.0 68.0 Grasp 0
269.0 235.0 219.0 273.0 201.0 249.0 251.0 211.0 Grasp 0
266.0 238.0 212.0 253.0 204.0 225.0 258.0 210.0 Grasp 0
597.0 237.0 541.0 194.0 559.0 170.0 615.0 213.0 Grasp 0
618.0 123.0 558.0 118.0 561.0 88.0 621.0 94.0 Grasp 0
247.0 243.0 192.0 249.0 190.0 219.0 245.0 214.0 Grasp 0
509.0 223.0 427.0 246.0 419.0 218.0 501.0 195.0 Grasp 0
348.0 301.0 288.0 330.0 275.0 304.0 335.0 274.0 Grasp 0
612.0 134.0 554.0 150.0 546.0 122.0 604.0 105.0 Grasp 0
621.0 156.0 561.0 161.0 559.0 132.0 618.0 127.0 Grasp 0
489.0 85.0 442.0 120.0 425.0 97.0 472.0 62.0 Grasp 0
612.0 210.0 552.0 193.0 560.0 165.0 620.0 182.0 Grasp 0
265.0 194.0 207.0 200.0 204.0 170.0 263.0 165.0 Grasp 0
248.0 167.0 202.0 171.0 199.0 142.0 245.0 138.0 Grasp 0
361.0 325.0 303.0 341.0 295.0 313.0 353.0 296.0 Grasp 0
357.0 313.0 296.0 330.0 288.0 302.0 348.0 285.0 Grasp 0
265.0 222.0 209.0 227.0 206.0 197.0 263.0 192.0 Grasp 0
258.0 211.0 203.0 216.0 201.0 186.0 255.0 181.0 Grasp 0
503.0 106.0 449.0 133.0 436.0 107.0 490.0 80.0 Grasp 0
621.0 204.0 560.0 187.0 568.0 158.0 629.0 176.0 Grasp 0
610.0 139.0 552.0 122.0 560.0 94.0 618.0 110.0 Grasp 0
500.0 170.0 431.0 177.0 428.0 147.0 497.0 141.0 Grasp 0
366.0 336.0 309.0 352.0 301.0 324.0 358.0 308.0 Grasp 0
601.0 154.0 544.0 138.0 552.0 109.0 609.0 126.0 Grasp 0
458.0 77.0 424.0 115.0 402.0 95.0 436.0 58.0 Grasp 0
596.0 94.0 552.0 106.0 544.0 78.0 588.0 66.0 Grasp 0
255.0 195.0 200.0 237.0 182.0 213.0 237.0 171.0 Grasp 0
452.0 62.0 420.0 97.0 399.0 78.0 431.0 42.0 Grasp 0
431.0 56.0 409.0 91.0 385.0 76.0 406.0 41.0 Grasp 0
272.0 266.0 217.0 308.0 199.0 284.0 254.0 243.0 Grasp 0
264.0 232.0 208.0 238.0 205.0 208.0 262.0 203.0 Grasp 0
506.0 121.0 449.0 150.0 436.0 123.0 493.0 95.0 Grasp 0
263.0 254.0 204.0 270.0 196.0 242.0 255.0 225.0 Grasp 0
365.0 258.0 307.0 302.0 290.0 279.0 348.0 236.0 Grasp 0
268.0 224.0 219.0 262.0 201.0 238.0 250.0 201.0 Grasp 0
479.0 85.0 432.0 120.0 414.0 97.0 461.0 62.0 Grasp 0
604.0 170.0 547.0 142.0 560.0 115.0 618.0 144.0 Grasp 0
269.0 248.0 221.0 300.0 199.0 280.0 247.0 228.0 Grasp 0
614.0 105.0 552.0 111.0 549.0 81.0 611.0 76.0 Grasp 0
616.0 189.0 555.0 194.0 552.0 165.0 614.0 159.0 Grasp 0
491.0 149.0 442.0 186.0 424.0 162.0 473.0 125.0 Grasp 0
495.0 154.0 431.0 172.0 423.0 144.0 487.0 126.0 Grasp 0
255.0 257.0 196.0 287.0 183.0 260.0 241.0 231.0 Grasp 0
477.0 75.0 434.0 108.0 416.0 84.0 460.0 52.0 Grasp 0
244.0 204.0 188.0 220.0 180.0 192.0 236.0 176.0 Grasp 0
601.0 191.0 552.0 153.0 569.0 130.0 619.0 167.0 Grasp 0
491.0 124.0 431.0 141.0 423.0 113.0 483.0 96.0 Grasp 0
464.0 67.0 425.0 96.0 407.0 73.0 446.0 44.0 Grasp 0
602.0 217.0 554.0 181.0 572.0 157.0 620.0 193.0 Grasp 0
622.0 149.0 562.0 144.0 565.0 114.0 625.0 120.0 Grasp 0
510.0 210.0 433.0 217.0 430.0 187.0 507.0 180.0 Grasp 0
608.0 81.0 561.0 85.0 558.0 56.0 605.0 51.0 Grasp 0
590.0 99.0 547.0 87.0 555.0 59.0 599.0 71.0 Grasp 0
606.0 188.0 546.0 171.0 554.0 142.0 614.0 159.0 Grasp 0
598.0 131.0 543.0 104.0 556.0 77.0 611.0 105.0 Grasp 0
251.0 193.0 192.0 210.0 184.0 182.0 243.0 165.0 Grasp 0
526.0 258.0 448.0 297.0 435.0 270.0 513.0 231.0 Grasp 0
505.0 132.0 449.0 160.0 436.0 134.0 491.0 106.0 Grasp 0
257.0 155.0 212.0 151.0 215.0 121.0 260.0 126.0 Grasp 0
258.0 243.0 211.0 294.0 189.0 274.0 236.0 223.0 Grasp 0
348.0 246.0 296.0 304.0 275.0 284.0 327.0 227.0 Grasp 0
625.0 177.0 562.0 183.0 559.0 153.0 622.0 148.0 Grasp 0
257.0 189.0 199.0 183.0 202.0 154.0 260.0 159.0 Grasp 0
583.0 220.0 541.0 175.0 563.0 155.0 605.0 200.0 Grasp 0
609.0 226.0 552.0 210.0 560.0 182.0 617.0 198.0 Grasp 0
373.0 311.0 322.0 350.0 304.0 326.0 356.0 287.0 Grasp 0
597.0 202.0 545.0 163.0 563.0 139.0 615.0 178.0 Grasp 0
348.0 336.0 292.0 352.0 284.0 323.0 340.0 308.0 Grasp 0
508.0 245.0 433.0 224.0 441.0 196.0 516.0 217.0 Grasp 0
505.0 162.0 441.0 156.0 443.0 127.0 508.0 133.0 Grasp 0
594.0 88.0 548.0 92.0 545.0 63.0 592.0 59.0 Grasp 0
246.0 248.0 186.0 265.0 178.0 236.0 238.0 219.0 Grasp 0
488.0 181.0 415.0 202.0 407.0 173.0 480.0 152.0 Grasp 0
496.0 139.0 436.0 145.0 433.0 115.0 493.0 110.0 Grasp 0
370.0 277.0 309.0 308.0 296.0 282.0 357.0 252.0 Grasp 0
495.0 197.0 418.0 218.0 410.0 190.0 487.0 168.0 Grasp 0
590.0 153.0 541.0 115.0 559.0 92.0 608.0 129.0 Grasp 0
500.0 242.0 417.0 250.0 414.0 221.0 497.0 213.0 Grasp 0
592.0 114.0 550.0 93.0 563.0 67.0 605.0 88.0 Grasp 0
608.0 172.0 547.0 167.0 550.0 137.0 610.0 143.0 Grasp 0
369.0 289.0 310.0 319.0 297.0 293.0 356.0 263.0 Grasp 0
611.0 150.0 550.0 156.0 547.0 127.0 608.0 121.0 Grasp 0
522.0 247.0 444.0 286.0 430.0 259.0 509.0 221.0 Grasp 0
506.0 183.0 434.0 190.0 431.0 161.0 503.0 154.0 Grasp 0
