316.0 286.0 245.0 292.0 242.0 263.0 313.0 257.0 Grasp 0
320.0 254.0 262.0 237.0 270.0 209.0 328.0 226.0 Grasp 0
320.0 265.0 256.0 259.0 259.0 230.0 323.0 236.0 Grasp 0
318.0 361.0 243.0 368.0 240.0 339.0 316.0 332.0 Grasp 0
543.0 225.0 525.0 254.0 500.0 238.0 518.0 209.0 Grasp 0
319.0 85.0 296.0 97.0 283.0 71.0 306.0 60.0 Grasp 0
345.0 43.0 312.0 46.0 310.0 17.0 342.0 14.0 Grasp 0
516.0 200.0 495.0 235.0 469.0 219.0 490.0 184.0 Grasp 0
513.0 115.0 494.0 83.0 519.0 68.0 538.0 99.0 Grasp 0
497.0 120.0 478.0 88.0 502.0 73.0 522.0 105.0 Grasp 0
612.0 270.0 596.0 296.0 570.0 280.0 587.0 254.0 Grasp 0
506.0 102.0 479.0 73.0 501.0 53.0 528.0 82.0 Grasp 0
549.0 211.0 528.0 245.0 502.0 228.0 523.0 195.0 Grasp 0
589.0 256.0 565.0 283.0 542.0 262.0 566.0 236.0 Grasp 0
330.0 150.0 283.0 137.0 292.0 107.0 339.0 121.0 Grasp 0
577.0 243.0 559.0 272.0 533.0 256.0 551.0 227.0 Grasp 0
578.0 62.0 554.0 35.0 577.0 14.0 601.0 41.0 Grasp 0
308.0 265.0 241.0 271.0 239.0 242.0 305.0 235.0 Grasp 0
328.0 59.0 298.0 62.0 295.0 34.0 325.0 31.0 Grasp 0
360.0 118.0 345.0 80.0 373.0 69.0 388.0 107.0 Grasp 0
520.0 102.0 495.0 75.0 517.0 56.0 541.0 82.0 Grasp 0
554.0 223.0 534.0 255.0 508.0 239.0 528.0 207.0 Grasp 0
338.0 177.0 292.0 190.0 284.0 161.0 330.0 148.0 Grasp 0
437.0 235.0 398.0 192.0 421.0 171.0 460.0 214.0 Grasp 0
551.0 80.0 525.0 52.0 547.0 31.0 573.0 59.0 Grasp 0
355.0 335.0 277.0 342.0 274.0 313.0 352.0 306.0 Grasp 0
386.0 244.0 375.0 187.0 405.0 182.0 416.0 239.0 Grasp 0
553.0 236.0 535.0 265.0 509.0 249.0 527.0 220.0 Grasp 0
429.0 78.0 409.0 129.0 381.0 119.0 401.0 67.0 Grasp 0
537.0 79.0 513.0 53.0 534.0 33.0 559.0 60.0 Grasp 0
418.0 67.0 408.0 118.0 379.0 113.0 389.0 62.0 Grasp 0
421.0 242.0 390.0 192.0 416.0 176.0 447.0 226.0 Grasp 0
351.0 36.0 317.0 39.0 315.0 10.0 348.0 7.0 Grasp 0
483.0 118.0 458.0 90.0 479.0 70.0 505.0 98.0 Grasp 0
591.0 50.0 572.0 20.0 598.0 4.0 617.0 34.0 Grasp 0
538.0 210.0 517.0 245.0 491.0 229.0 512.0 194.0 Grasp 0
471.0 160.0 423.0 164.0 420.0 134.0 468.0 130.0 Grasp 0
340.0 345.0 263.0 352.0 261.0 323.0 338.0 316.0 Grasp 0
338.0 149.0 304.0 132.0 317.0 106.0 351.0 123.0 Grasp 0
604.0 253.0 586.0 282.0 560.0 266.0 578.0 237.0 Grasp 0
517.0 188.0 496.0 224.0 470.0 208.0 492.0 172.0 Grasp 0
336.0 50.0 306.0 58.0 298.0 31.0 328.0 22.0 Grasp 0
328.0 335.0 253.0 342.0 251.0 313.0 326.0 306.0 Grasp 0
505.0 188.0 482.0 225.0 457.0 209.0 480.0 172.0 Grasp 0
336.0 270.0 267.0 277.0 264.0 247.0 334.0 241.0 Grasp 0
385.0 189.0 376.0 237.0 347.0 232.0 356.0 183.0 Grasp 0
528.0 87.0 501.0 57.0 523.0 36.0 550.0 67.0 Grasp 0
562.0 241.0 541.0 264.0 520.0 244.0 541.0 221.0 Grasp 0
324.0 251.0 275.0 227.0 288.0 201.0 337.0 225.0 Grasp 0
536.0 91.0 512.0 64.0 533.0 44.0 558.0 72.0 Grasp 0
506.0 207.0 486.0 239.0 461.0 224.0 482.0 191.0 Grasp 0
317.0 318.0 244.0 325.0 241.0 296.0 314.0 289.0 Grasp 0
334.0 39.0 303.0 30.0 311.0 3.0 341.0 11.0 Grasp 0
314.0 91.0 291.0 103.0 278.0 77.0 301.0 66.0 Grasp 0
319.0 78.0 291.0 86.0 283.0 58.0 311.0 50.0 Grasp 0
325.0 265.0 265.0 248.0 273.0 220.0 333.0 237.0 Grasp 0
565.0 62.0 542.0 37.0 565.0 16.0 588.0 42.0 Grasp 0
475.0 176.0 424.0 171.0 427.0 141.0 478.0 145.0 Grasp 0
328.0 324.0 253.0 331.0 251.0 302.0 326.0 295.0 Grasp 0
490.0 110.0 467.0 75.0 493.0 59.0 515.0 94.0 Grasp 0
335.0 67.0 306.0 75.0 299.0 48.0 327.0 40.0 Grasp 0
491.0 189.0 470.0 224.0 445.0 209.0 466.0 174.0 Grasp 0
344.0 314.0 270.0 320.0 268.0 291.0 341.0 284.0 Grasp 0
540.0 86.0 522.0 58.0 547.0 43.0 564.0 71.0 Grasp 0
333.0 297.0 261.0 303.0 258.0 274.0 330.0 268.0 Grasp 0
396.0 245.0 385.0 190.0 415.0 185.0 425.0 239.0 Grasp 0
533.0 193.0 511.0 228.0 485.0 212.0 507.0 177.0 Grasp 0
399.0 190.0 389.0 244.0 359.0 238.0 369.0 185.0 Grasp 0
519.0 211.0 498.0 245.0 472.0 229.0 493.0 195.0 Grasp 0
323.0 68.0 297.0 75.0 290.0 48.0 315.0 40.0 Grasp 0
559.0 74.0 535.0 47.0 557.0 27.0 581.0 54.0 Grasp 0
345.0 328.0 270.0 335.0 267.0 306.0 342.0 299.0 Grasp 0
466.0 194.0 436.0 227.0 415.0 208.0 445.0 175.0 Grasp 0
340.0 356.0 264.0 364.0 261.0 334.0 337.0 327.0 Grasp 0
603.0 265.0 586.0 292.0 560.0 276.0 577.0 249.0 Grasp 0
339.0 287.0 267.0 281.0 270.0 251.0 341.0 258.0 Grasp 0
589.0 268.0 572.0 295.0 548.0 280.0 565.0 253.0 Grasp 0
454.0 91.0 416.0 133.0 393.0 112.0 432.0 70.0 Grasp 0
505.0 112.0 480.0 85.0 502.0 65.0 527.0 92.0 Grasp 0
337.0 52.0 305.0 49.0 308.0 21.0 340.0 24.0 Grasp 0
565.0 250.0 543.0 275.0 521.0 256.0 544.0 231.0 Grasp 0
335.0 159.0 291.0 146.0 299.0 117.0 343.0 130.0 Grasp 0
556.0 64.0 534.0 40.0 556.0 19.0 578.0 44.0 Grasp 0
346.0 299.0 274.0 292.0 276.0 262.0 349.0 269.0 Grasp 0
313.0 102.0 292.0 113.0 279.0 88.0 300.0 77.0 Grasp 0
578.0 51.0 553.0 24.0 576.0 4.0 600.0 30.0 Grasp 0
349.0 302.0 276.0 309.0 273.0 280.0 347.0 273.0 Grasp 0
335.0 310.0 268.0 343.0 255.0 317.0 322.0 283.0 Grasp 0
