349.0 82.0 302.0 118.0 284.0 94.0 331.0 59.0 Grasp 0
314.0 234.0 300.0 158.0 331.0 152.0 345.0 228.0 Grasp 0
350.0 152.0 350.0 228.0 319.0 228.0 319.0 152.0 Grasp 0
355.0 367.0 331.0 306.0 361.0 294.0 385.0 356.0 Grasp 0
323.0 37.0 273.0 75.0 255.0 51.0 305.0 13.0 Grasp 0
286.0 28.0 253.0 81.0 228.0 65.0 261.0 13.0 Grasp 0
321.0 57.0 279.0 102.0 257.0 82.0 298.0 37.0 Grasp 0
188.0 181.0 122.0 254.0 98.0 232.0 164.0 159.0 Grasp 0
367.0 154.0 367.0 226.0 336.0 226.0 336.0 154.0 Grasp 0
201.0 185.0 135.0 258.0 111.0 236.0 177.0 164.0 Grasp 0
312.0 38.0 258.0 65.0 245.0 38.0 298.0 11.0 Grasp 0
231.0 207.0 217.0 284.0 186.0 278.0 200.0 201.0 Grasp 0
310.0 47.0 268.0 94.0 246.0 74.0 288.0 27.0 Grasp 0
301.0 29.0 269.0 81.0 243.0 65.0 276.0 13.0 Grasp 0
333.0 86.0 285.0 122.0 267.0 98.0 315.0 62.0 Grasp 0
337.0 63.0 296.0 108.0 274.0 88.0 315.0 43.0 Grasp 0
338.0 50.0 296.0 96.0 274.0 76.0 316.0 30.0 Grasp 0
344.0 95.0 297.0 130.0 279.0 107.0 326.0 71.0 Grasp 0
349.0 308.0 338.0 365.0 308.0 360.0 318.0 303.0 Grasp 0
327.0 42.0 284.0 90.0 262.0 70.0 306.0 22.0 Grasp 0
214.0 194.0 149.0 265.0 126.0 244.0 191.0 173.0 Grasp 0
359.0 92.0 318.0 137.0 296.0 117.0 337.0 72.0 Grasp 0
310.0 243.0 282.0 172.0 312.0 160.0 339.0 231.0 Grasp 0
366.0 367.0 343.0 305.0 372.0 294.0 396.0 355.0 Grasp 0
305.0 245.0 266.0 183.0 293.0 167.0 332.0 229.0 Grasp 0
377.0 331.0 358.0 311.0 382.0 288.0 401.0 309.0 Grasp 0
364.0 346.0 349.0 321.0 376.0 304.0 391.0 329.0 Grasp 0
324.0 363.0 324.0 299.0 356.0 299.0 356.0 363.0 Grasp 0
321.0 68.0 280.0 114.0 258.0 94.0 300.0 49.0 Grasp 0
392.0 184.0 365.0 253.0 335.0 242.0 362.0 173.0 Grasp 0
