386.0 270.0 351.0 327.0 326.0 311.0 361.0 255.0 Grasp 0
354.0 187.0 304.0 173.0 312.0 145.0 362.0 160.0 Grasp 0
417.0 294.0 372.0 343.0 351.0 323.0 395.0 274.0 Grasp 0
318.0 94.0 294.0 34.0 322.0 23.0 346.0 83.0 Grasp 0
329.0 93.0 304.0 29.0 332.0 18.0 357.0 82.0 Grasp 0
362.0 159.0 310.0 154.0 313.0 125.0 365.0 130.0 Grasp 0
308.0 97.0 285.0 38.0 313.0 27.0 336.0 86.0 Grasp 0
224.0 325.0 212.0 261.0 240.0 256.0 252.0 320.0 Grasp 0
352.0 197.0 303.0 183.0 310.0 155.0 360.0 169.0 Grasp 0
346.0 221.0 296.0 196.0 309.0 171.0 359.0 196.0 Grasp 0
373.0 244.0 358.0 329.0 329.0 323.0 345.0 239.0 Grasp 0
359.0 170.0 310.0 165.0 313.0 137.0 362.0 142.0 Grasp 0
377.0 114.0 288.0 70.0 302.0 42.0 391.0 87.0 Grasp 0
343.0 93.0 315.0 21.0 344.0 10.0 371.0 82.0 Grasp 0
366.0 142.0 313.0 137.0 316.0 109.0 368.0 114.0 Grasp 0
378.0 119.0 299.0 96.0 307.0 68.0 386.0 90.0 Grasp 0
400.0 270.0 373.0 338.0 346.0 328.0 372.0 259.0 Grasp 0
245.0 335.0 217.0 263.0 244.0 253.0 271.0 325.0 Grasp 0
242.0 268.0 234.0 311.0 206.0 306.0 214.0 262.0 Grasp 0
349.0 210.0 298.0 185.0 310.0 159.0 362.0 185.0 Grasp 0
404.0 275.0 392.0 343.0 362.0 337.0 375.0 270.0 Grasp 0
270.0 346.0 219.0 264.0 243.0 249.0 294.0 330.0 Grasp 0
345.0 253.0 263.0 245.0 265.0 217.0 348.0 225.0 Grasp 0
407.0 285.0 357.0 340.0 335.0 320.0 385.0 265.0 Grasp 0
370.0 257.0 332.0 318.0 308.0 303.0 345.0 242.0 Grasp 0
