401.0 28.0 381.0 60.0 356.0 45.0 376.0 13.0 Grasp 0
433.0 321.0 417.0 362.0 390.0 352.0 406.0 311.0 Grasp 0
379.0 172.0 354.0 144.0 376.0 124.0 402.0 152.0 Grasp 0
359.0 204.0 326.0 188.0 339.0 162.0 372.0 178.0 Grasp 0
268.0 112.0 201.0 131.0 193.0 103.0 260.0 84.0 Grasp 0
540.0 274.0 463.0 236.0 476.0 210.0 553.0 248.0 Grasp 0
242.0 298.0 188.0 303.0 185.0 274.0 239.0 269.0 Grasp 0
564.0 258.0 488.0 220.0 501.0 194.0 577.0 232.0 Grasp 0
271.0 120.0 230.0 124.0 227.0 93.0 268.0 89.0 Grasp 0
273.0 95.0 199.0 88.0 202.0 60.0 275.0 67.0 Grasp 0
509.0 328.0 442.0 277.0 460.0 254.0 527.0 305.0 Grasp 0
414.0 31.0 391.0 67.0 365.0 51.0 388.0 15.0 Grasp 0
245.0 286.0 191.0 281.0 193.0 252.0 248.0 257.0 Grasp 0
271.0 87.0 197.0 66.0 204.0 38.0 278.0 59.0 Grasp 0
252.0 276.0 195.0 270.0 197.0 241.0 254.0 247.0 Grasp 0
257.0 189.0 206.0 214.0 193.0 188.0 245.0 163.0 Grasp 0
362.0 174.0 336.0 146.0 358.0 127.0 383.0 155.0 Grasp 0
351.0 5.0 344.0 42.0 315.0 37.0 322.0 0.0 Grasp 0
540.0 349.0 463.0 326.0 471.0 298.0 548.0 321.0 Grasp 0
373.0 16.0 353.0 49.0 327.0 34.0 348.0 0.0 Grasp 0
273.0 145.0 210.0 151.0 207.0 121.0 271.0 116.0 Grasp 0
266.0 111.0 196.0 105.0 199.0 77.0 268.0 83.0 Grasp 0
408.0 333.0 387.0 367.0 363.0 352.0 384.0 318.0 Grasp 0
512.0 350.0 447.0 302.0 465.0 278.0 530.0 326.0 Grasp 0
532.0 344.0 458.0 308.0 471.0 281.0 545.0 318.0 Grasp 0
254.0 127.0 187.0 121.0 189.0 92.0 256.0 99.0 Grasp 0
271.0 131.0 206.0 137.0 203.0 109.0 268.0 102.0 Grasp 0
534.0 330.0 464.0 277.0 481.0 253.0 551.0 306.0 Grasp 0
481.0 119.0 461.0 170.0 434.0 159.0 454.0 109.0 Grasp 0
368.0 191.0 333.0 181.0 341.0 153.0 376.0 163.0 Grasp 0
253.0 167.0 190.0 162.0 193.0 132.0 256.0 138.0 Grasp 0
249.0 147.0 183.0 141.0 186.0 112.0 252.0 118.0 Grasp 0
353.0 188.0 321.0 172.0 334.0 146.0 366.0 162.0 Grasp 0
383.0 187.0 348.0 170.0 361.0 143.0 396.0 160.0 Grasp 0
492.0 121.0 473.0 172.0 444.0 161.0 464.0 110.0 Grasp 0
390.0 20.0 369.0 54.0 344.0 39.0 365.0 5.0 Grasp 0
361.0 182.0 332.0 160.0 350.0 137.0 379.0 159.0 Grasp 0
395.0 162.0 363.0 138.0 381.0 114.0 413.0 138.0 Grasp 0
260.0 91.0 185.0 70.0 193.0 42.0 268.0 64.0 Grasp 0
569.0 58.0 531.0 77.0 517.0 51.0 556.0 31.0 Grasp 0
555.0 296.0 471.0 273.0 479.0 245.0 563.0 268.0 Grasp 0
406.0 362.0 397.0 317.0 425.0 311.0 434.0 356.0 Grasp 0
386.0 34.0 371.0 73.0 344.0 62.0 359.0 24.0 Grasp 0
398.0 155.0 371.0 125.0 393.0 105.0 420.0 134.0 Grasp 0
507.0 364.0 439.0 331.0 452.0 304.0 520.0 338.0 Grasp 0
422.0 24.0 400.0 59.0 374.0 43.0 396.0 8.0 Grasp 0
391.0 335.0 359.0 370.0 338.0 351.0 370.0 315.0 Grasp 0
376.0 20.0 362.0 58.0 334.0 47.0 349.0 9.0 Grasp 0
558.0 280.0 472.0 255.0 480.0 227.0 566.0 251.0 Grasp 0
595.0 188.0 512.0 195.0 509.0 166.0 592.0 158.0 Grasp 0
386.0 324.0 353.0 359.0 332.0 340.0 365.0 305.0 Grasp 0
581.0 246.0 500.0 223.0 508.0 195.0 589.0 218.0 Grasp 0
258.0 168.0 201.0 184.0 193.0 156.0 251.0 140.0 Grasp 0
265.0 155.0 219.0 168.0 211.0 139.0 257.0 126.0 Grasp 0
538.0 307.0 461.0 269.0 474.0 242.0 551.0 281.0 Grasp 0
567.0 115.0 524.0 103.0 533.0 74.0 576.0 86.0 Grasp 0
245.0 303.0 187.0 320.0 179.0 291.0 237.0 275.0 Grasp 0
588.0 199.0 506.0 206.0 503.0 177.0 585.0 169.0 Grasp 0
401.0 169.0 374.0 139.0 396.0 120.0 423.0 149.0 Grasp 0
444.0 97.0 395.0 102.0 392.0 71.0 442.0 67.0 Grasp 0
281.0 162.0 224.0 179.0 216.0 151.0 273.0 135.0 Grasp 0
283.0 111.0 214.0 117.0 212.0 88.0 280.0 82.0 Grasp 0
548.0 264.0 472.0 225.0 485.0 199.0 561.0 237.0 Grasp 0
251.0 205.0 202.0 230.0 189.0 204.0 238.0 179.0 Grasp 0
233.0 273.0 194.0 231.0 216.0 211.0 254.0 254.0 Grasp 0
439.0 309.0 432.0 348.0 404.0 343.0 412.0 304.0 Grasp 0
571.0 244.0 486.0 237.0 489.0 207.0 574.0 215.0 Grasp 0
422.0 317.0 406.0 356.0 380.0 346.0 395.0 307.0 Grasp 0
584.0 106.0 520.0 100.0 522.0 70.0 587.0 76.0 Grasp 0
361.0 205.0 324.0 201.0 327.0 172.0 363.0 176.0 Grasp 0
282.0 82.0 207.0 61.0 215.0 34.0 289.0 55.0 Grasp 0
264.0 179.0 214.0 193.0 206.0 164.0 256.0 150.0 Grasp 0
587.0 223.0 503.0 215.0 506.0 185.0 590.0 193.0 Grasp 0
398.0 37.0 383.0 75.0 356.0 64.0 371.0 26.0 Grasp 0
469.0 123.0 439.0 171.0 414.0 155.0 444.0 108.0 Grasp 0
487.0 372.0 430.0 329.0 447.0 306.0 504.0 349.0 Grasp 0
232.0 296.0 177.0 269.0 190.0 242.0 245.0 270.0 Grasp 0
226.0 281.0 189.0 240.0 211.0 220.0 248.0 261.0 Grasp 0
551.0 33.0 522.0 66.0 499.0 45.0 529.0 13.0 Grasp 0
268.0 161.0 222.0 196.0 204.0 173.0 250.0 138.0 Grasp 0
