262.0 313.0 221.0 268.0 243.0 248.0 284.0 293.0 Grasp 0
476.0 339.0 448.0 266.0 475.0 255.0 504.0 328.0 Grasp 0
429.0 259.0 413.0 346.0 382.0 340.0 398.0 253.0 Grasp 0
451.0 264.0 437.0 336.0 408.0 331.0 421.0 258.0 Grasp 0
270.0 293.0 238.0 241.0 264.0 225.0 295.0 277.0 Grasp 0
469.0 309.0 446.0 251.0 473.0 240.0 496.0 298.0 Grasp 0
280.0 287.0 258.0 230.0 286.0 220.0 308.0 276.0 Grasp 0
281.0 308.0 259.0 251.0 286.0 241.0 308.0 297.0 Grasp 0
239.0 320.0 206.0 267.0 231.0 251.0 264.0 305.0 Grasp 0
423.0 335.0 395.0 264.0 424.0 253.0 452.0 324.0 Grasp 0
456.0 331.0 429.0 260.0 456.0 250.0 483.0 321.0 Grasp 0
355.0 232.0 309.0 227.0 311.0 198.0 358.0 202.0 Grasp 0
370.0 228.0 326.0 206.0 340.0 180.0 383.0 202.0 Grasp 0
256.0 341.0 213.0 295.0 235.0 275.0 278.0 321.0 Grasp 0
512.0 28.0 505.0 39.0 481.0 24.0 487.0 13.0 Grasp 0
473.0 263.0 460.0 336.0 431.0 331.0 445.0 257.0 Grasp 0
429.0 281.0 354.0 303.0 345.0 272.0 420.0 251.0 Grasp 0
264.0 309.0 232.0 256.0 258.0 241.0 290.0 293.0 Grasp 0
297.0 275.0 286.0 215.0 315.0 210.0 326.0 269.0 Grasp 0
273.0 330.0 230.0 283.0 252.0 264.0 294.0 310.0 Grasp 0
564.0 58.0 557.0 69.0 533.0 54.0 540.0 43.0 Grasp 0
562.0 49.0 557.0 62.0 530.0 52.0 535.0 39.0 Grasp 0
287.0 276.0 265.0 219.0 292.0 209.0 314.0 265.0 Grasp 0
445.0 273.0 415.0 351.0 386.0 340.0 416.0 262.0 Grasp 0
332.0 207.0 332.0 266.0 302.0 266.0 302.0 207.0 Grasp 0
416.0 272.0 371.0 345.0 345.0 329.0 390.0 256.0 Grasp 0
410.0 339.0 378.0 258.0 407.0 247.0 438.0 328.0 Grasp 0
396.0 241.0 396.0 324.0 364.0 324.0 364.0 241.0 Grasp 0
276.0 316.0 244.0 264.0 269.0 249.0 302.0 301.0 Grasp 0
437.0 318.0 423.0 248.0 452.0 242.0 465.0 312.0 Grasp 0
397.0 271.0 383.0 348.0 352.0 342.0 366.0 265.0 Grasp 0
429.0 329.0 416.0 260.0 445.0 254.0 458.0 323.0 Grasp 0
527.0 41.0 515.0 54.0 494.0 35.0 506.0 22.0 Grasp 0
292.0 304.0 270.0 246.0 297.0 235.0 320.0 293.0 Grasp 0
493.0 265.0 493.0 327.0 464.0 327.0 464.0 265.0 Grasp 0
462.0 321.0 435.0 251.0 463.0 240.0 490.0 310.0 Grasp 0
442.0 278.0 369.0 333.0 350.0 309.0 423.0 254.0 Grasp 0
291.0 293.0 281.0 235.0 309.0 230.0 320.0 288.0 Grasp 0
412.0 251.0 412.0 337.0 381.0 337.0 381.0 251.0 Grasp 0
260.0 325.0 218.0 279.0 240.0 259.0 282.0 305.0 Grasp 0
423.0 344.0 340.0 320.0 348.0 290.0 431.0 314.0 Grasp 0
302.0 290.0 291.0 232.0 320.0 227.0 331.0 285.0 Grasp 0
421.0 262.0 364.0 325.0 341.0 304.0 398.0 241.0 Grasp 0
344.0 243.0 298.0 238.0 301.0 209.0 347.0 213.0 Grasp 0
489.0 263.0 478.0 324.0 449.0 319.0 460.0 258.0 Grasp 0
415.0 313.0 337.0 320.0 335.0 288.0 412.0 281.0 Grasp 0
433.0 288.0 388.0 361.0 362.0 345.0 407.0 272.0 Grasp 0
409.0 316.0 401.0 274.0 431.0 268.0 438.0 311.0 Grasp 0
503.0 22.0 491.0 35.0 470.0 16.0 482.0 3.0 Grasp 0
373.0 350.0 358.0 270.0 388.0 264.0 403.0 344.0 Grasp 0
502.0 15.0 499.0 30.0 471.0 25.0 474.0 9.0 Grasp 0
460.0 265.0 447.0 334.0 418.0 329.0 431.0 259.0 Grasp 0
441.0 285.0 433.0 328.0 403.0 323.0 411.0 279.0 Grasp 0
499.0 279.0 477.0 335.0 450.0 324.0 472.0 268.0 Grasp 0
