342.0 44.0 287.0 104.0 265.0 84.0 319.0 24.0 Grasp 0
235.0 113.0 190.0 79.0 208.0 56.0 253.0 90.0 Grasp 0
383.0 76.0 328.0 136.0 306.0 116.0 361.0 55.0 Grasp 0
351.0 45.0 307.0 117.0 281.0 101.0 325.0 29.0 Grasp 0
358.0 334.0 325.0 282.0 351.0 266.0 384.0 318.0 Grasp 0
234.0 109.0 205.0 34.0 233.0 23.0 262.0 98.0 Grasp 0
238.0 100.0 220.0 7.0 251.0 1.0 268.0 94.0 Grasp 0
238.0 293.0 238.0 366.0 208.0 366.0 208.0 293.0 Grasp 0
229.0 114.0 196.0 61.0 221.0 45.0 254.0 98.0 Grasp 0
366.0 59.0 322.0 131.0 296.0 115.0 341.0 43.0 Grasp 0
269.0 291.0 220.0 371.0 194.0 355.0 244.0 275.0 Grasp 0
372.0 313.0 348.0 275.0 375.0 259.0 398.0 297.0 Grasp 0
319.0 359.0 304.0 280.0 334.0 274.0 349.0 353.0 Grasp 0
398.0 327.0 318.0 387.0 300.0 364.0 380.0 304.0 Grasp 0
248.0 290.0 248.0 366.0 219.0 366.0 219.0 290.0 Grasp 0
262.0 376.0 228.0 288.0 255.0 277.0 290.0 366.0 Grasp 0
358.0 52.0 314.0 123.0 289.0 107.0 333.0 36.0 Grasp 0
393.0 322.0 363.0 371.0 338.0 356.0 369.0 307.0 Grasp 0
238.0 375.0 193.0 303.0 219.0 287.0 263.0 360.0 Grasp 0
401.0 329.0 372.0 375.0 348.0 360.0 376.0 314.0 Grasp 0
241.0 105.0 199.0 59.0 221.0 39.0 263.0 85.0 Grasp 0
266.0 285.0 266.0 367.0 236.0 367.0 236.0 285.0 Grasp 0
482.0 69.0 387.0 60.0 390.0 31.0 485.0 40.0 Grasp 0
