356.0 181.0 337.0 196.0 320.0 173.0 339.0 158.0 Grasp 0
276.0 172.0 211.0 140.0 224.0 113.0 290.0 146.0 Grasp 0
511.0 177.0 460.0 121.0 481.0 101.0 533.0 157.0 Grasp 0
364.0 73.0 337.0 52.0 354.0 29.0 382.0 50.0 Grasp 0
364.0 50.0 338.0 30.0 355.0 7.0 381.0 27.0 Grasp 0
451.0 237.0 381.0 184.0 399.0 160.0 469.0 213.0 Grasp 0
433.0 263.0 366.0 212.0 384.0 189.0 451.0 240.0 Grasp 0
402.0 292.0 359.0 222.0 384.0 206.0 427.0 276.0 Grasp 0
478.0 322.0 463.0 363.0 436.0 353.0 452.0 312.0 Grasp 0
500.0 170.0 440.0 124.0 458.0 101.0 517.0 146.0 Grasp 0
301.0 144.0 221.0 136.0 224.0 107.0 304.0 115.0 Grasp 0
280.0 170.0 218.0 188.0 210.0 159.0 271.0 141.0 Grasp 0
284.0 186.0 220.0 168.0 228.0 139.0 292.0 157.0 Grasp 0
499.0 157.0 440.0 113.0 458.0 90.0 516.0 134.0 Grasp 0
505.0 148.0 434.0 127.0 442.0 99.0 513.0 120.0 Grasp 0
495.0 176.0 424.0 140.0 437.0 114.0 508.0 150.0 Grasp 0
281.0 143.0 209.0 107.0 222.0 81.0 294.0 116.0 Grasp 0
519.0 303.0 511.0 345.0 483.0 339.0 491.0 298.0 Grasp 0
482.0 197.0 417.0 147.0 435.0 124.0 500.0 173.0 Grasp 0
348.0 202.0 325.0 219.0 307.0 196.0 330.0 179.0 Grasp 0
268.0 173.0 202.0 155.0 210.0 126.0 276.0 145.0 Grasp 0
442.0 247.0 374.0 196.0 392.0 173.0 460.0 224.0 Grasp 0
260.0 202.0 199.0 185.0 207.0 156.0 268.0 174.0 Grasp 0
464.0 263.0 379.0 239.0 387.0 211.0 472.0 235.0 Grasp 0
433.0 290.0 366.0 239.0 384.0 216.0 451.0 267.0 Grasp 0
490.0 165.0 421.0 130.0 434.0 104.0 503.0 139.0 Grasp 0
435.0 331.0 412.0 368.0 388.0 353.0 411.0 316.0 Grasp 0
508.0 303.0 500.0 344.0 473.0 339.0 480.0 298.0 Grasp 0
490.0 311.0 475.0 351.0 448.0 341.0 464.0 301.0 Grasp 0
477.0 214.0 410.0 163.0 427.0 140.0 495.0 191.0 Grasp 0
359.0 63.0 332.0 42.0 349.0 19.0 376.0 40.0 Grasp 0
470.0 317.0 454.0 357.0 428.0 347.0 443.0 307.0 Grasp 0
413.0 269.0 369.0 198.0 393.0 183.0 438.0 254.0 Grasp 0
496.0 346.0 481.0 308.0 508.0 297.0 523.0 336.0 Grasp 0
296.0 166.0 224.0 160.0 227.0 130.0 298.0 137.0 Grasp 0
363.0 83.0 338.0 64.0 355.0 41.0 381.0 61.0 Grasp 0
454.0 233.0 407.0 157.0 432.0 141.0 479.0 218.0 Grasp 0
410.0 288.0 335.0 267.0 343.0 239.0 418.0 260.0 Grasp 0
349.0 193.0 329.0 208.0 312.0 185.0 332.0 170.0 Grasp 0
286.0 193.0 220.0 187.0 222.0 157.0 288.0 163.0 Grasp 0
461.0 310.0 438.0 346.0 414.0 331.0 437.0 295.0 Grasp 0
450.0 325.0 427.0 362.0 403.0 347.0 426.0 311.0 Grasp 0
466.0 214.0 392.0 178.0 405.0 151.0 479.0 188.0 Grasp 0
497.0 308.0 489.0 349.0 461.0 344.0 469.0 302.0 Grasp 0
469.0 301.0 454.0 341.0 427.0 331.0 443.0 290.0 Grasp 0
333.0 355.0 311.0 330.0 332.0 311.0 355.0 335.0 Grasp 0
484.0 180.0 411.0 144.0 424.0 117.0 498.0 154.0 Grasp 0
352.0 73.0 328.0 54.0 345.0 31.0 370.0 50.0 Grasp 0
347.0 210.0 330.0 229.0 308.0 209.0 325.0 191.0 Grasp 0
481.0 352.0 465.0 312.0 492.0 302.0 508.0 342.0 Grasp 0
347.0 367.0 322.0 349.0 339.0 326.0 364.0 345.0 Grasp 0
262.0 193.0 204.0 164.0 217.0 137.0 275.0 166.0 Grasp 0
475.0 247.0 406.0 195.0 424.0 171.0 493.0 223.0 Grasp 0
398.0 310.0 331.0 276.0 344.0 250.0 411.0 284.0 Grasp 0
450.0 315.0 428.0 352.0 404.0 337.0 426.0 300.0 Grasp 0
458.0 258.0 381.0 220.0 394.0 194.0 471.0 232.0 Grasp 0
489.0 295.0 489.0 337.0 461.0 337.0 461.0 295.0 Grasp 0
501.0 197.0 434.0 146.0 452.0 123.0 519.0 173.0 Grasp 0
427.0 273.0 361.0 224.0 379.0 200.0 445.0 250.0 Grasp 0
459.0 322.0 444.0 362.0 417.0 352.0 433.0 312.0 Grasp 0
436.0 319.0 407.0 351.0 386.0 332.0 415.0 300.0 Grasp 0
