240.0 211.0 227.0 281.0 199.0 275.0 212.0 206.0 Grasp 0
546.0 175.0 513.0 261.0 486.0 250.0 519.0 165.0 Grasp 0
529.0 170.0 482.0 246.0 458.0 231.0 505.0 155.0 Grasp 0
467.0 137.0 436.0 218.0 409.0 207.0 440.0 127.0 Grasp 0
519.0 99.0 480.0 88.0 487.0 61.0 527.0 72.0 Grasp 0
344.0 116.0 306.0 177.0 282.0 162.0 319.0 101.0 Grasp 0
167.0 316.0 77.0 271.0 90.0 245.0 180.0 290.0 Grasp 0
571.0 190.0 523.0 268.0 498.0 253.0 547.0 174.0 Grasp 0
313.0 303.0 232.0 326.0 224.0 298.0 305.0 275.0 Grasp 0
542.0 90.0 480.0 96.0 478.0 68.0 539.0 62.0 Grasp 0
573.0 189.0 539.0 275.0 513.0 265.0 546.0 178.0 Grasp 0
514.0 110.0 480.0 100.0 487.0 73.0 522.0 82.0 Grasp 0
560.0 38.0 477.0 46.0 475.0 17.0 558.0 10.0 Grasp 0
177.0 307.0 94.0 266.0 107.0 240.0 190.0 281.0 Grasp 0
388.0 237.0 351.0 331.0 324.0 321.0 361.0 227.0 Grasp 0
113.0 412.0 45.0 362.0 63.0 338.0 130.0 389.0 Grasp 0
592.0 200.0 559.0 284.0 533.0 274.0 565.0 189.0 Grasp 0
397.0 98.0 397.0 194.0 368.0 194.0 368.0 98.0 Grasp 0
191.0 282.0 181.0 227.0 209.0 222.0 220.0 277.0 Grasp 0
360.0 224.0 290.0 189.0 303.0 163.0 373.0 198.0 Grasp 0
141.0 381.0 64.0 342.0 76.0 317.0 154.0 355.0 Grasp 0
448.0 131.0 405.0 201.0 380.0 186.0 424.0 116.0 Grasp 0
417.0 109.0 400.0 197.0 372.0 192.0 388.0 103.0 Grasp 0
473.0 135.0 455.0 229.0 427.0 223.0 445.0 129.0 Grasp 0
536.0 75.0 482.0 70.0 484.0 41.0 539.0 46.0 Grasp 0
452.0 124.0 435.0 217.0 406.0 212.0 424.0 119.0 Grasp 0
169.0 321.0 52.0 288.0 60.0 260.0 177.0 293.0 Grasp 0
215.0 332.0 194.0 385.0 168.0 375.0 189.0 322.0 Grasp 0
533.0 71.0 470.0 39.0 483.0 14.0 546.0 45.0 Grasp 0
556.0 179.0 522.0 266.0 495.0 255.0 529.0 169.0 Grasp 0
534.0 169.0 501.0 254.0 474.0 244.0 507.0 159.0 Grasp 0
397.0 301.0 354.0 333.0 337.0 311.0 380.0 278.0 Grasp 0
518.0 163.0 471.0 239.0 446.0 224.0 493.0 148.0 Grasp 0
270.0 206.0 214.0 296.0 189.0 281.0 245.0 191.0 Grasp 0
110.0 420.0 36.0 383.0 49.0 357.0 123.0 394.0 Grasp 0
508.0 158.0 443.0 229.0 422.0 210.0 487.0 139.0 Grasp 0
525.0 92.0 480.0 79.0 488.0 51.0 532.0 64.0 Grasp 0
102.0 428.0 35.0 395.0 48.0 370.0 115.0 403.0 Grasp 0
582.0 194.0 549.0 279.0 522.0 269.0 555.0 183.0 Grasp 0
379.0 271.0 290.0 204.0 308.0 181.0 396.0 248.0 Grasp 0
163.0 302.0 131.0 250.0 156.0 235.0 188.0 286.0 Grasp 0
281.0 264.0 205.0 226.0 218.0 201.0 293.0 238.0 Grasp 0
544.0 59.0 478.0 53.0 481.0 24.0 547.0 30.0 Grasp 0
395.0 272.0 357.0 333.0 333.0 318.0 371.0 257.0 Grasp 0
383.0 281.0 320.0 275.0 323.0 247.0 386.0 252.0 Grasp 0
355.0 207.0 286.0 172.0 299.0 147.0 368.0 181.0 Grasp 0
540.0 62.0 469.0 27.0 482.0 1.0 552.0 36.0 Grasp 0
531.0 81.0 467.0 49.0 480.0 23.0 544.0 55.0 Grasp 0
438.0 118.0 421.0 209.0 393.0 204.0 410.0 113.0 Grasp 0
209.0 229.0 209.0 331.0 180.0 331.0 180.0 229.0 Grasp 0
224.0 216.0 224.0 278.0 195.0 278.0 195.0 216.0 Grasp 0
385.0 301.0 318.0 282.0 326.0 255.0 393.0 274.0 Grasp 0
546.0 79.0 481.0 85.0 478.0 57.0 544.0 51.0 Grasp 0
96.0 431.0 41.0 371.0 62.0 351.0 117.0 411.0 Grasp 0
