538.0 235.0 515.0 175.0 542.0 165.0 565.0 224.0 Grasp 0
455.0 74.0 447.0 30.0 476.0 24.0 484.0 69.0 Grasp 0
497.0 198.0 486.0 259.0 458.0 254.0 469.0 193.0 Grasp 0
393.0 319.0 357.0 376.0 331.0 360.0 367.0 302.0 Grasp 0
445.0 69.0 436.0 22.0 466.0 17.0 474.0 63.0 Grasp 0
393.0 313.0 338.0 355.0 319.0 330.0 375.0 288.0 Grasp 0
576.0 220.0 551.0 158.0 578.0 148.0 602.0 210.0 Grasp 0
541.0 257.0 517.0 195.0 544.0 184.0 568.0 246.0 Grasp 0
253.0 284.0 220.0 200.0 248.0 189.0 281.0 274.0 Grasp 0
518.0 240.0 494.0 180.0 521.0 169.0 544.0 230.0 Grasp 0
486.0 195.0 476.0 251.0 447.0 245.0 458.0 190.0 Grasp 0
256.0 304.0 201.0 244.0 223.0 224.0 278.0 284.0 Grasp 0
507.0 189.0 507.0 253.0 479.0 253.0 479.0 189.0 Grasp 0
473.0 83.0 452.0 27.0 479.0 16.0 501.0 72.0 Grasp 0
585.0 243.0 560.0 178.0 587.0 167.0 612.0 233.0 Grasp 0
547.0 225.0 534.0 158.0 562.0 153.0 575.0 220.0 Grasp 0
212.0 284.0 184.0 212.0 212.0 201.0 240.0 273.0 Grasp 0
404.0 324.0 368.0 381.0 342.0 365.0 378.0 307.0 Grasp 0
565.0 236.0 541.0 174.0 568.0 164.0 592.0 225.0 Grasp 0
591.0 228.0 584.0 209.0 614.0 198.0 621.0 216.0 Grasp 0
232.0 314.0 181.0 257.0 203.0 237.0 254.0 294.0 Grasp 0
576.0 243.0 551.0 178.0 577.0 168.0 602.0 232.0 Grasp 0
231.0 305.0 190.0 239.0 215.0 223.0 256.0 290.0 Grasp 0
411.0 319.0 355.0 361.0 336.0 337.0 392.0 294.0 Grasp 0
501.0 255.0 489.0 192.0 517.0 187.0 529.0 249.0 Grasp 0
477.0 85.0 471.0 69.0 499.0 59.0 505.0 74.0 Grasp 0
245.0 288.0 198.0 212.0 223.0 197.0 270.0 272.0 Grasp 0
552.0 242.0 527.0 178.0 554.0 167.0 579.0 232.0 Grasp 0
256.0 310.0 195.0 264.0 213.0 240.0 274.0 286.0 Grasp 0
389.0 328.0 330.0 373.0 312.0 348.0 371.0 304.0 Grasp 0
565.0 254.0 539.0 188.0 566.0 178.0 591.0 243.0 Grasp 0
589.0 214.0 576.0 192.0 603.0 175.0 617.0 198.0 Grasp 0
506.0 239.0 484.0 181.0 511.0 171.0 533.0 228.0 Grasp 0
486.0 54.0 473.0 40.0 495.0 20.0 509.0 34.0 Grasp 0
497.0 208.0 497.0 266.0 468.0 266.0 468.0 208.0 Grasp 0
487.0 91.0 465.0 35.0 494.0 25.0 515.0 80.0 Grasp 0
230.0 298.0 199.0 219.0 227.0 208.0 258.0 287.0 Grasp 0
495.0 266.0 483.0 203.0 511.0 197.0 523.0 260.0 Grasp 0
425.0 66.0 406.0 34.0 431.0 19.0 451.0 50.0 Grasp 0
423.0 19.0 384.0 82.0 358.0 66.0 397.0 3.0 Grasp 0
530.0 257.0 507.0 195.0 534.0 185.0 557.0 246.0 Grasp 0
405.0 363.0 340.0 331.0 354.0 304.0 418.0 336.0 Grasp 0
518.0 262.0 494.0 201.0 521.0 191.0 544.0 251.0 Grasp 0
