427.0 295.0 378.0 373.0 353.0 357.0 401.0 279.0 Grasp 0
259.0 167.0 259.0 241.0 230.0 241.0 230.0 167.0 Grasp 0
239.0 326.0 194.0 376.0 172.0 356.0 217.0 306.0 Grasp 0
247.0 248.0 231.0 164.0 260.0 159.0 275.0 242.0 Grasp 0
260.0 365.0 206.0 406.0 189.0 382.0 243.0 342.0 Grasp 0
515.0 224.0 456.0 269.0 438.0 245.0 497.0 200.0 Grasp 0
286.0 388.0 237.0 442.0 215.0 422.0 264.0 368.0 Grasp 0
457.0 169.0 442.0 248.0 413.0 243.0 427.0 163.0 Grasp 0
248.0 343.0 196.0 383.0 178.0 359.0 231.0 320.0 Grasp 0
225.0 163.0 209.0 246.0 181.0 241.0 197.0 158.0 Grasp 0
327.0 126.0 268.0 143.0 260.0 115.0 319.0 98.0 Grasp 0
433.0 148.0 433.0 236.0 403.0 236.0 403.0 148.0 Grasp 0
281.0 176.0 268.0 244.0 240.0 239.0 252.0 171.0 Grasp 0
342.0 133.0 270.0 153.0 262.0 125.0 334.0 105.0 Grasp 0
243.0 165.0 243.0 242.0 214.0 242.0 214.0 165.0 Grasp 0
272.0 373.0 219.0 413.0 201.0 389.0 254.0 349.0 Grasp 0
307.0 421.0 255.0 461.0 237.0 437.0 289.0 398.0 Grasp 0
207.0 156.0 207.0 243.0 179.0 243.0 179.0 156.0 Grasp 0
235.0 166.0 220.0 245.0 192.0 240.0 206.0 160.0 Grasp 0
296.0 412.0 243.0 452.0 225.0 428.0 278.0 388.0 Grasp 0
432.0 291.0 432.0 350.0 402.0 350.0 402.0 291.0 Grasp 0
295.0 402.0 243.0 441.0 225.0 418.0 277.0 379.0 Grasp 0
246.0 340.0 181.0 372.0 168.0 345.0 232.0 313.0 Grasp 0
196.0 158.0 180.0 246.0 152.0 241.0 169.0 153.0 Grasp 0
394.0 282.0 306.0 326.0 293.0 300.0 381.0 256.0 Grasp 0
281.0 388.0 228.0 429.0 211.0 405.0 264.0 365.0 Grasp 0
350.0 141.0 277.0 162.0 270.0 134.0 342.0 113.0 Grasp 0
453.0 170.0 429.0 234.0 400.0 223.0 425.0 159.0 Grasp 0
251.0 350.0 203.0 403.0 181.0 383.0 229.0 330.0 Grasp 0
235.0 316.0 208.0 386.0 180.0 376.0 207.0 305.0 Grasp 0
426.0 294.0 414.0 358.0 385.0 353.0 397.0 288.0 Grasp 0
469.0 190.0 427.0 300.0 399.0 289.0 441.0 179.0 Grasp 0
487.0 220.0 450.0 261.0 428.0 240.0 465.0 200.0 Grasp 0
310.0 427.0 233.0 448.0 225.0 420.0 301.0 398.0 Grasp 0
222.0 163.0 186.0 254.0 160.0 244.0 195.0 153.0 Grasp 0
409.0 300.0 365.0 371.0 339.0 355.0 384.0 284.0 Grasp 0
