608.0 185.0 565.0 164.0 578.0 136.0 622.0 158.0 Grasp 0
348.0 236.0 294.0 277.0 273.0 250.0 328.0 208.0 Grasp 0
447.0 76.0 397.0 71.0 400.0 40.0 450.0 45.0 Grasp 0
576.0 212.0 547.0 191.0 565.0 166.0 594.0 188.0 Grasp 0
481.0 111.0 464.0 202.0 433.0 196.0 450.0 105.0 Grasp 0
335.0 216.0 271.0 264.0 251.0 237.0 315.0 189.0 Grasp 0
283.0 166.0 237.0 216.0 213.0 194.0 258.0 144.0 Grasp 0
501.0 146.0 488.0 216.0 458.0 210.0 471.0 141.0 Grasp 0
305.0 184.0 255.0 239.0 230.0 217.0 280.0 162.0 Grasp 0
323.0 203.0 259.0 251.0 239.0 224.0 303.0 176.0 Grasp 0
344.0 36.0 284.0 66.0 271.0 39.0 331.0 10.0 Grasp 0
566.0 219.0 542.0 179.0 568.0 163.0 592.0 203.0 Grasp 0
589.0 205.0 557.0 154.0 583.0 138.0 615.0 189.0 Grasp 0
490.0 165.0 414.0 158.0 417.0 127.0 493.0 134.0 Grasp 0
466.0 137.0 414.0 142.0 411.0 111.0 464.0 106.0 Grasp 0
275.0 159.0 231.0 207.0 206.0 185.0 250.0 137.0 Grasp 0
338.0 221.0 292.0 271.0 267.0 248.0 313.0 198.0 Grasp 0
296.0 177.0 248.0 230.0 224.0 208.0 272.0 155.0 Grasp 0
523.0 178.0 505.0 226.0 476.0 215.0 495.0 167.0 Grasp 0
634.0 133.0 592.0 122.0 601.0 92.0 642.0 104.0 Grasp 0
453.0 95.0 405.0 99.0 402.0 68.0 450.0 64.0 Grasp 0
610.0 176.0 574.0 158.0 587.0 131.0 624.0 149.0 Grasp 0
445.0 65.0 393.0 50.0 402.0 20.0 453.0 35.0 Grasp 0
639.0 119.0 594.0 107.0 603.0 77.0 648.0 89.0 Grasp 0
653.0 53.0 606.0 67.0 597.0 37.0 645.0 23.0 Grasp 0
514.0 157.0 514.0 228.0 483.0 228.0 483.0 157.0 Grasp 0
443.0 57.0 390.0 30.0 404.0 2.0 457.0 29.0 Grasp 0
456.0 105.0 412.0 117.0 404.0 87.0 447.0 75.0 Grasp 0
490.0 129.0 475.0 207.0 445.0 201.0 459.0 124.0 Grasp 0
625.0 157.0 583.0 145.0 591.0 116.0 633.0 128.0 Grasp 0
582.0 206.0 551.0 173.0 574.0 152.0 605.0 186.0 Grasp 0
626.0 166.0 575.0 152.0 583.0 122.0 634.0 137.0 Grasp 0
463.0 44.0 403.0 39.0 406.0 8.0 466.0 13.0 Grasp 0
595.0 193.0 562.0 169.0 581.0 145.0 613.0 169.0 Grasp 0
452.0 88.0 399.0 84.0 401.0 52.0 455.0 57.0 Grasp 0
348.0 238.0 259.0 263.0 249.0 231.0 339.0 205.0 Grasp 0
356.0 53.0 283.0 74.0 275.0 46.0 348.0 25.0 Grasp 0
475.0 145.0 416.0 151.0 413.0 120.0 472.0 114.0 Grasp 0
630.0 144.0 589.0 133.0 598.0 103.0 638.0 114.0 Grasp 0
503.0 177.0 419.0 169.0 421.0 138.0 506.0 146.0 Grasp 0
656.0 35.0 608.0 59.0 594.0 31.0 642.0 7.0 Grasp 0
