333.0 45.0 290.0 93.0 268.0 73.0 312.0 26.0 Grasp 0
545.0 256.0 489.0 194.0 511.0 175.0 567.0 236.0 Grasp 0
516.0 269.0 465.0 213.0 486.0 193.0 538.0 250.0 Grasp 0
323.0 21.0 279.0 70.0 258.0 50.0 302.0 2.0 Grasp 0
306.0 278.0 254.0 274.0 257.0 242.0 309.0 247.0 Grasp 0
551.0 244.0 497.0 184.0 518.0 165.0 572.0 224.0 Grasp 0
356.0 35.0 306.0 74.0 288.0 50.0 339.0 12.0 Grasp 0
326.0 31.0 282.0 80.0 260.0 60.0 305.0 11.0 Grasp 0
467.0 330.0 426.0 351.0 413.0 325.0 454.0 305.0 Grasp 0
478.0 284.0 454.0 222.0 482.0 211.0 506.0 273.0 Grasp 0
339.0 27.0 295.0 75.0 274.0 56.0 318.0 7.0 Grasp 0
481.0 46.0 417.0 115.0 395.0 95.0 459.0 26.0 Grasp 0
502.0 291.0 464.0 230.0 489.0 215.0 527.0 276.0 Grasp 0
477.0 38.0 387.0 64.0 379.0 35.0 469.0 9.0 Grasp 0
546.0 267.0 481.0 219.0 499.0 195.0 563.0 244.0 Grasp 0
301.0 292.0 257.0 271.0 272.0 241.0 315.0 263.0 Grasp 0
477.0 269.0 465.0 205.0 494.0 199.0 506.0 263.0 Grasp 0
308.0 30.0 262.0 80.0 241.0 61.0 287.0 11.0 Grasp 0
575.0 224.0 509.0 175.0 527.0 151.0 592.0 201.0 Grasp 0
459.0 344.0 425.0 361.0 412.0 335.0 446.0 318.0 Grasp 0
284.0 305.0 237.0 282.0 252.0 252.0 299.0 276.0 Grasp 0
290.0 294.0 245.0 271.0 260.0 243.0 305.0 265.0 Grasp 0
302.0 303.0 256.0 281.0 271.0 252.0 317.0 274.0 Grasp 0
282.0 284.0 263.0 236.0 293.0 224.0 311.0 273.0 Grasp 0
581.0 228.0 537.0 158.0 562.0 142.0 606.0 213.0 Grasp 0
