332.0 93.0 276.0 183.0 251.0 168.0 307.0 77.0 Grasp 0
386.0 84.0 313.0 91.0 311.0 63.0 383.0 56.0 Grasp 0
374.0 78.0 313.0 83.0 310.0 55.0 371.0 49.0 Grasp 0
537.0 219.0 458.0 227.0 455.0 197.0 535.0 190.0 Grasp 0
300.0 306.0 243.0 243.0 264.0 223.0 322.0 286.0 Grasp 0
538.0 171.0 458.0 194.0 450.0 165.0 529.0 142.0 Grasp 0
315.0 330.0 249.0 380.0 232.0 357.0 298.0 307.0 Grasp 0
535.0 261.0 445.0 235.0 453.0 207.0 543.0 233.0 Grasp 0
536.0 242.0 451.0 234.0 453.0 205.0 538.0 213.0 Grasp 0
360.0 67.0 317.0 79.0 309.0 51.0 352.0 39.0 Grasp 0
278.0 385.0 227.0 330.0 249.0 311.0 299.0 366.0 Grasp 0
324.0 327.0 272.0 383.0 251.0 364.0 302.0 308.0 Grasp 0
541.0 200.0 458.0 223.0 450.0 194.0 532.0 171.0 Grasp 0
316.0 389.0 233.0 327.0 251.0 304.0 334.0 366.0 Grasp 0
328.0 95.0 312.0 182.0 282.0 177.0 299.0 90.0 Grasp 0
530.0 184.0 454.0 177.0 456.0 147.0 533.0 154.0 Grasp 0
259.0 376.0 223.0 336.0 244.0 317.0 280.0 357.0 Grasp 0
301.0 312.0 224.0 254.0 242.0 230.0 319.0 288.0 Grasp 0
