354.0 468.0 280.0 431.0 294.0 403.0 368.0 440.0 Grasp 0
238.0 209.0 191.0 222.0 183.0 193.0 230.0 179.0 Grasp 0
119.0 154.0 61.0 110.0 79.0 87.0 137.0 131.0 Grasp 0
435.0 353.0 420.0 436.0 388.0 430.0 404.0 347.0 Grasp 0
115.0 190.0 63.0 164.0 76.0 138.0 128.0 164.0 Grasp 0
227.0 171.0 163.0 165.0 166.0 135.0 230.0 141.0 Grasp 0
422.0 372.0 312.0 427.0 297.0 398.0 408.0 343.0 Grasp 0
369.0 456.0 266.0 446.0 269.0 415.0 372.0 425.0 Grasp 0
348.0 20.0 291.0 112.0 266.0 96.0 323.0 5.0 Grasp 0
263.0 382.0 204.0 353.0 217.0 326.0 276.0 356.0 Grasp 0
89.0 243.0 57.0 218.0 75.0 195.0 107.0 220.0 Grasp 0
361.0 448.0 297.0 416.0 311.0 388.0 375.0 420.0 Grasp 0
357.0 43.0 280.0 102.0 262.0 78.0 340.0 20.0 Grasp 0
221.0 70.0 154.0 120.0 136.0 97.0 203.0 46.0 Grasp 0
207.0 39.0 155.0 122.0 130.0 106.0 181.0 23.0 Grasp 0
226.0 112.0 178.0 165.0 156.0 144.0 204.0 92.0 Grasp 0
615.0 305.0 528.0 261.0 540.0 236.0 628.0 279.0 Grasp 0
228.0 125.0 187.0 190.0 161.0 174.0 202.0 109.0 Grasp 0
279.0 197.0 197.0 221.0 189.0 193.0 272.0 170.0 Grasp 0
229.0 191.0 193.0 202.0 184.0 172.0 221.0 162.0 Grasp 0
375.0 329.0 304.0 383.0 284.0 357.0 356.0 303.0 Grasp 0
327.0 486.0 278.0 431.0 301.0 410.0 350.0 465.0 Grasp 0
304.0 514.0 268.0 423.0 297.0 412.0 332.0 503.0 Grasp 0
298.0 213.0 193.0 223.0 190.0 195.0 295.0 185.0 Grasp 0
417.0 335.0 417.0 433.0 384.0 433.0 384.0 335.0 Grasp 0
118.0 165.0 55.0 134.0 68.0 108.0 131.0 139.0 Grasp 0
115.0 181.0 79.0 178.0 82.0 149.0 118.0 152.0 Grasp 0
410.0 365.0 331.0 404.0 316.0 375.0 395.0 336.0 Grasp 0
320.0 493.0 263.0 450.0 281.0 426.0 338.0 469.0 Grasp 0
105.0 226.0 63.0 214.0 71.0 186.0 113.0 198.0 Grasp 0
119.0 171.0 65.0 155.0 73.0 127.0 127.0 143.0 Grasp 0
116.0 206.0 68.0 202.0 71.0 173.0 118.0 177.0 Grasp 0
240.0 225.0 195.0 238.0 186.0 208.0 232.0 195.0 Grasp 0
402.0 346.0 322.0 385.0 307.0 356.0 387.0 316.0 Grasp 0
222.0 159.0 153.0 152.0 156.0 122.0 225.0 129.0 Grasp 0
116.0 183.0 50.0 133.0 68.0 110.0 134.0 160.0 Grasp 0
229.0 163.0 184.0 186.0 170.0 158.0 216.0 136.0 Grasp 0
447.0 374.0 447.0 445.0 414.0 445.0 414.0 374.0 Grasp 0
388.0 332.0 388.0 426.0 356.0 426.0 356.0 332.0 Grasp 0
379.0 434.0 335.0 319.0 365.0 307.0 410.0 422.0 Grasp 0
370.0 46.0 314.0 137.0 289.0 122.0 345.0 31.0 Grasp 0
263.0 378.0 207.0 335.0 225.0 312.0 281.0 354.0 Grasp 0
119.0 142.0 45.0 87.0 63.0 64.0 136.0 119.0 Grasp 0
230.0 182.0 167.0 176.0 170.0 146.0 233.0 152.0 Grasp 0
