512.0 229.0 472.0 294.0 446.0 278.0 487.0 213.0 Grasp 0
435.0 51.0 346.0 43.0 349.0 14.0 437.0 22.0 Grasp 0
434.0 63.0 346.0 55.0 349.0 26.0 437.0 34.0 Grasp 0
435.0 138.0 357.0 160.0 349.0 132.0 427.0 110.0 Grasp 0
321.0 236.0 284.0 296.0 259.0 281.0 296.0 221.0 Grasp 0
292.0 228.0 259.0 282.0 235.0 267.0 268.0 213.0 Grasp 0
384.0 331.0 348.0 350.0 335.0 324.0 372.0 306.0 Grasp 0
304.0 232.0 268.0 289.0 244.0 274.0 280.0 216.0 Grasp 0
448.0 65.0 364.0 73.0 361.0 44.0 446.0 36.0 Grasp 0
444.0 92.0 364.0 100.0 361.0 71.0 441.0 63.0 Grasp 0
294.0 224.0 253.0 269.0 231.0 250.0 272.0 204.0 Grasp 0
492.0 288.0 450.0 220.0 475.0 204.0 518.0 272.0 Grasp 0
499.0 301.0 471.0 229.0 500.0 218.0 528.0 290.0 Grasp 0
527.0 228.0 498.0 301.0 470.0 290.0 498.0 217.0 Grasp 0
509.0 234.0 494.0 313.0 464.0 308.0 479.0 228.0 Grasp 0
397.0 344.0 359.0 362.0 346.0 336.0 383.0 317.0 Grasp 0
449.0 38.0 362.0 30.0 365.0 1.0 452.0 9.0 Grasp 0
276.0 224.0 254.0 282.0 227.0 272.0 249.0 214.0 Grasp 0
443.0 134.0 355.0 142.0 352.0 113.0 440.0 105.0 Grasp 0
496.0 229.0 456.0 294.0 430.0 278.0 470.0 213.0 Grasp 0
315.0 228.0 315.0 299.0 286.0 299.0 286.0 228.0 Grasp 0
513.0 282.0 459.0 223.0 481.0 203.0 535.0 261.0 Grasp 0
442.0 148.0 361.0 171.0 353.0 143.0 434.0 120.0 Grasp 0
288.0 231.0 277.0 291.0 249.0 285.0 260.0 226.0 Grasp 0
515.0 230.0 515.0 312.0 484.0 312.0 484.0 230.0 Grasp 0
360.0 324.0 319.0 328.0 316.0 299.0 358.0 295.0 Grasp 0
303.0 219.0 271.0 270.0 246.0 255.0 278.0 204.0 Grasp 0
530.0 240.0 477.0 299.0 454.0 278.0 507.0 220.0 Grasp 0
445.0 75.0 361.0 83.0 358.0 54.0 442.0 46.0 Grasp 0
484.0 211.0 471.0 280.0 441.0 274.0 454.0 205.0 Grasp 0
465.0 313.0 436.0 239.0 465.0 228.0 493.0 302.0 Grasp 0
433.0 90.0 344.0 82.0 347.0 53.0 436.0 61.0 Grasp 0
434.0 111.0 347.0 103.0 349.0 74.0 436.0 82.0 Grasp 0
300.0 240.0 275.0 304.0 248.0 293.0 273.0 230.0 Grasp 0
316.0 247.0 291.0 312.0 264.0 301.0 290.0 236.0 Grasp 0
