595.0 328.0 557.0 370.0 535.0 351.0 574.0 308.0 Grasp 0
563.0 300.0 533.0 349.0 508.0 334.0 539.0 285.0 Grasp 0
563.0 231.0 559.0 213.0 590.0 207.0 593.0 226.0 Grasp 0
436.0 442.0 387.0 466.0 374.0 440.0 423.0 416.0 Grasp 0
541.0 301.0 496.0 335.0 478.0 312.0 523.0 278.0 Grasp 0
583.0 301.0 545.0 343.0 524.0 323.0 562.0 282.0 Grasp 0
477.0 124.0 446.0 158.0 424.0 138.0 455.0 103.0 Grasp 0
331.0 191.0 286.0 225.0 267.0 199.0 312.0 165.0 Grasp 0
557.0 285.0 513.0 319.0 495.0 296.0 539.0 262.0 Grasp 0
422.0 352.0 359.0 384.0 346.0 357.0 409.0 325.0 Grasp 0
551.0 234.0 547.0 210.0 577.0 205.0 581.0 228.0 Grasp 0
413.0 265.0 399.0 230.0 426.0 219.0 440.0 255.0 Grasp 0
568.0 306.0 522.0 341.0 505.0 318.0 551.0 283.0 Grasp 0
551.0 300.0 512.0 343.0 490.0 324.0 530.0 281.0 Grasp 0
532.0 224.0 522.0 250.0 495.0 239.0 505.0 213.0 Grasp 0
235.0 98.0 221.0 135.0 188.0 122.0 203.0 85.0 Grasp 0
599.0 295.0 578.0 348.0 552.0 337.0 572.0 284.0 Grasp 0
588.0 285.0 550.0 327.0 529.0 307.0 567.0 265.0 Grasp 0
461.0 297.0 442.0 248.0 472.0 236.0 491.0 285.0 Grasp 0
440.0 358.0 375.0 390.0 362.0 363.0 427.0 331.0 Grasp 0
611.0 335.0 566.0 369.0 548.0 346.0 593.0 312.0 Grasp 0
454.0 420.0 408.0 454.0 390.0 430.0 436.0 396.0 Grasp 0
422.0 406.0 352.0 426.0 343.0 398.0 414.0 377.0 Grasp 0
448.0 460.0 403.0 482.0 390.0 455.0 434.0 433.0 Grasp 0
581.0 317.0 551.0 365.0 526.0 350.0 556.0 302.0 Grasp 0
577.0 285.0 540.0 326.0 519.0 306.0 556.0 266.0 Grasp 0
446.0 402.0 391.0 444.0 373.0 421.0 429.0 379.0 Grasp 0
316.0 211.0 277.0 240.0 258.0 215.0 297.0 185.0 Grasp 0
452.0 99.0 411.0 165.0 385.0 149.0 426.0 83.0 Grasp 0
416.0 367.0 359.0 410.0 341.0 386.0 398.0 343.0 Grasp 0
407.0 275.0 393.0 241.0 421.0 231.0 434.0 265.0 Grasp 0
517.0 170.0 459.0 187.0 451.0 158.0 509.0 141.0 Grasp 0
402.0 355.0 354.0 408.0 332.0 387.0 380.0 335.0 Grasp 0
523.0 227.0 508.0 252.0 482.0 236.0 498.0 211.0 Grasp 0
446.0 359.0 391.0 400.0 373.0 377.0 428.0 335.0 Grasp 0
404.0 345.0 348.0 387.0 330.0 363.0 386.0 321.0 Grasp 0
427.0 384.0 370.0 427.0 352.0 403.0 409.0 360.0 Grasp 0
609.0 317.0 580.0 364.0 556.0 348.0 585.0 302.0 Grasp 0
459.0 382.0 402.0 425.0 384.0 401.0 441.0 358.0 Grasp 0
443.0 391.0 384.0 435.0 366.0 412.0 425.0 367.0 Grasp 0
307.0 190.0 262.0 225.0 242.0 199.0 288.0 165.0 Grasp 0
541.0 280.0 492.0 305.0 479.0 279.0 528.0 254.0 Grasp 0
292.0 188.0 254.0 216.0 235.0 191.0 273.0 162.0 Grasp 0
319.0 191.0 274.0 225.0 255.0 200.0 300.0 166.0 Grasp 0
460.0 457.0 424.0 484.0 406.0 460.0 442.0 433.0 Grasp 0
539.0 218.0 528.0 245.0 501.0 234.0 511.0 207.0 Grasp 0
437.0 454.0 391.0 477.0 378.0 449.0 423.0 427.0 Grasp 0
464.0 472.0 421.0 494.0 407.0 466.0 450.0 445.0 Grasp 0
423.0 263.0 411.0 232.0 438.0 222.0 450.0 252.0 Grasp 0
437.0 437.0 381.0 453.0 373.0 424.0 429.0 408.0 Grasp 0
452.0 441.0 399.0 468.0 385.0 440.0 438.0 414.0 Grasp 0
584.0 317.0 539.0 351.0 522.0 328.0 567.0 294.0 Grasp 0
433.0 218.0 433.0 256.0 404.0 256.0 404.0 218.0 Grasp 0
574.0 209.0 569.0 235.0 538.0 229.0 543.0 203.0 Grasp 0
386.0 272.0 371.0 234.0 398.0 223.0 413.0 261.0 Grasp 0
462.0 445.0 423.0 474.0 405.0 450.0 444.0 421.0 Grasp 0
431.0 365.0 375.0 408.0 357.0 384.0 413.0 341.0 Grasp 0
522.0 291.0 470.0 306.0 462.0 278.0 515.0 263.0 Grasp 0
430.0 430.0 360.0 450.0 352.0 420.0 421.0 400.0 Grasp 0
269.0 107.0 254.0 147.0 222.0 134.0 237.0 95.0 Grasp 0
552.0 221.0 537.0 246.0 510.0 229.0 525.0 204.0 Grasp 0
457.0 411.0 416.0 441.0 398.0 417.0 439.0 387.0 Grasp 0
478.0 456.0 440.0 485.0 422.0 461.0 460.0 432.0 Grasp 0
491.0 159.0 458.0 184.0 440.0 161.0 473.0 135.0 Grasp 0
386.0 258.0 379.0 221.0 408.0 215.0 415.0 253.0 Grasp 0
543.0 296.0 495.0 320.0 482.0 294.0 530.0 270.0 Grasp 0
401.0 259.0 388.0 225.0 415.0 214.0 428.0 249.0 Grasp 0
273.0 116.0 244.0 148.0 218.0 125.0 247.0 93.0 Grasp 0
612.0 301.0 582.0 349.0 558.0 334.0 588.0 286.0 Grasp 0
432.0 378.0 363.0 397.0 355.0 369.0 424.0 349.0 Grasp 0
458.0 60.0 429.0 134.0 401.0 123.0 430.0 49.0 Grasp 0
446.0 386.0 381.0 418.0 368.0 391.0 432.0 359.0 Grasp 0
567.0 291.0 524.0 324.0 506.0 301.0 550.0 268.0 Grasp 0
306.0 203.0 263.0 236.0 244.0 210.0 286.0 178.0 Grasp 0
