253.0 235.0 238.0 196.0 264.0 185.0 280.0 225.0 Grasp 0
326.0 47.0 299.0 61.0 286.0 35.0 313.0 22.0 Grasp 0
415.0 191.0 406.0 236.0 378.0 230.0 386.0 185.0 Grasp 0
341.0 78.0 316.0 91.0 303.0 65.0 328.0 53.0 Grasp 0
290.0 246.0 275.0 206.0 301.0 196.0 317.0 236.0 Grasp 0
320.0 36.0 295.0 48.0 283.0 22.0 307.0 10.0 Grasp 0
373.0 154.0 338.0 157.0 335.0 129.0 370.0 126.0 Grasp 0
275.0 250.0 267.0 208.0 295.0 202.0 303.0 245.0 Grasp 0
381.0 186.0 350.0 189.0 348.0 161.0 379.0 158.0 Grasp 0
335.0 68.0 306.0 82.0 294.0 57.0 323.0 42.0 Grasp 0
290.0 236.0 274.0 195.0 301.0 185.0 317.0 225.0 Grasp 0
268.0 252.0 253.0 211.0 280.0 200.0 295.0 241.0 Grasp 0
317.0 236.0 301.0 195.0 328.0 184.0 344.0 226.0 Grasp 0
327.0 231.0 311.0 189.0 338.0 179.0 354.0 220.0 Grasp 0
393.0 199.0 370.0 237.0 346.0 222.0 369.0 184.0 Grasp 0
364.0 123.0 331.0 133.0 323.0 105.0 356.0 96.0 Grasp 0
248.0 251.0 233.0 212.0 259.0 201.0 274.0 241.0 Grasp 0
351.0 89.0 322.0 97.0 314.0 70.0 343.0 62.0 Grasp 0
317.0 252.0 301.0 212.0 328.0 201.0 343.0 241.0 Grasp 0
353.0 102.0 320.0 111.0 312.0 83.0 346.0 74.0 Grasp 0
221.0 261.0 206.0 223.0 233.0 212.0 248.0 251.0 Grasp 0
255.0 197.0 247.0 239.0 219.0 234.0 227.0 192.0 Grasp 0
337.0 57.0 310.0 70.0 297.0 45.0 324.0 31.0 Grasp 0
332.0 252.0 309.0 215.0 333.0 200.0 356.0 237.0 Grasp 0
401.0 200.0 385.0 242.0 358.0 232.0 374.0 190.0 Grasp 0
367.0 164.0 334.0 167.0 331.0 139.0 364.0 136.0 Grasp 0
343.0 231.0 320.0 194.0 344.0 179.0 367.0 216.0 Grasp 0
408.0 181.0 400.0 224.0 372.0 219.0 380.0 176.0 Grasp 0
348.0 247.0 318.0 214.0 339.0 195.0 369.0 227.0 Grasp 0
399.0 181.0 390.0 224.0 362.0 219.0 370.0 175.0 Grasp 0
238.0 203.0 231.0 244.0 202.0 238.0 210.0 198.0 Grasp 0
383.0 199.0 360.0 237.0 335.0 222.0 359.0 184.0 Grasp 0
369.0 134.0 336.0 144.0 328.0 116.0 362.0 107.0 Grasp 0
379.0 175.0 342.0 178.0 340.0 150.0 377.0 146.0 Grasp 0
301.0 252.0 285.0 211.0 312.0 201.0 327.0 242.0 Grasp 0
225.0 251.0 210.0 212.0 237.0 201.0 252.0 241.0 Grasp 0
320.0 27.0 295.0 39.0 283.0 14.0 307.0 2.0 Grasp 0
394.0 210.0 370.0 247.0 346.0 232.0 369.0 195.0 Grasp 0
347.0 106.0 320.0 119.0 308.0 94.0 334.0 80.0 Grasp 0
303.0 192.0 295.0 234.0 267.0 229.0 275.0 187.0 Grasp 0
356.0 135.0 328.0 143.0 320.0 116.0 348.0 107.0 Grasp 0
301.0 236.0 285.0 196.0 312.0 185.0 327.0 225.0 Grasp 0
332.0 242.0 309.0 205.0 333.0 190.0 356.0 227.0 Grasp 0
359.0 236.0 328.0 203.0 350.0 184.0 380.0 217.0 Grasp 0
275.0 236.0 259.0 196.0 286.0 185.0 301.0 225.0 Grasp 0
241.0 262.0 219.0 227.0 243.0 212.0 265.0 247.0 Grasp 0
359.0 113.0 326.0 122.0 318.0 94.0 351.0 85.0 Grasp 0
258.0 252.0 243.0 211.0 270.0 201.0 285.0 241.0 Grasp 0
411.0 206.0 395.0 246.0 369.0 236.0 385.0 196.0 Grasp 0
215.0 246.0 199.0 206.0 226.0 196.0 242.0 235.0 Grasp 0
344.0 88.0 313.0 103.0 300.0 77.0 331.0 62.0 Grasp 0
236.0 241.0 221.0 201.0 248.0 191.0 263.0 230.0 Grasp 0
333.0 32.0 303.0 47.0 290.0 21.0 320.0 6.0 Grasp 0
332.0 45.0 302.0 54.0 295.0 26.0 324.0 18.0 Grasp 0
269.0 207.0 254.0 246.0 227.0 235.0 242.0 196.0 Grasp 0
358.0 247.0 328.0 214.0 349.0 195.0 379.0 228.0 Grasp 0
259.0 234.0 251.0 192.0 279.0 187.0 287.0 229.0 Grasp 0
280.0 196.0 264.0 235.0 237.0 225.0 253.0 185.0 Grasp 0
362.0 148.0 327.0 152.0 324.0 123.0 360.0 120.0 Grasp 0
378.0 165.0 343.0 168.0 340.0 140.0 375.0 136.0 Grasp 0
390.0 185.0 374.0 226.0 348.0 215.0 364.0 175.0 Grasp 0
242.0 252.0 220.0 216.0 244.0 201.0 266.0 237.0 Grasp 0
