320.0 157.0 258.0 175.0 250.0 147.0 312.0 129.0 Grasp 0
455.0 153.0 448.0 172.0 421.0 162.0 429.0 143.0 Grasp 0
304.0 98.0 246.0 115.0 238.0 87.0 296.0 70.0 Grasp 0
271.0 51.0 222.0 76.0 209.0 49.0 258.0 25.0 Grasp 0
289.0 81.0 239.0 106.0 226.0 80.0 276.0 55.0 Grasp 0
407.0 54.0 362.0 88.0 345.0 65.0 389.0 31.0 Grasp 0
427.0 61.0 385.0 93.0 367.0 70.0 410.0 38.0 Grasp 0
292.0 123.0 236.0 151.0 224.0 125.0 279.0 98.0 Grasp 0
240.0 340.0 209.0 331.0 217.0 303.0 248.0 312.0 Grasp 0
436.0 94.0 393.0 116.0 380.0 90.0 423.0 69.0 Grasp 0
425.0 146.0 403.0 144.0 406.0 115.0 427.0 117.0 Grasp 0
424.0 162.0 403.0 160.0 406.0 131.0 427.0 133.0 Grasp 0
411.0 42.0 367.0 74.0 350.0 52.0 393.0 19.0 Grasp 0
251.0 282.0 182.0 289.0 180.0 259.0 249.0 252.0 Grasp 0
426.0 266.0 401.0 330.0 375.0 320.0 400.0 256.0 Grasp 0
298.0 134.0 241.0 162.0 228.0 137.0 286.0 108.0 Grasp 0
411.0 78.0 363.0 102.0 351.0 76.0 398.0 52.0 Grasp 0
286.0 110.0 233.0 136.0 220.0 111.0 273.0 84.0 Grasp 0
302.0 114.0 248.0 141.0 235.0 115.0 290.0 88.0 Grasp 0
314.0 146.0 281.0 171.0 263.0 147.0 296.0 122.0 Grasp 0
237.0 351.0 207.0 343.0 215.0 315.0 245.0 324.0 Grasp 0
431.0 251.0 431.0 318.0 403.0 318.0 403.0 251.0 Grasp 0
418.0 54.0 373.0 88.0 355.0 65.0 400.0 31.0 Grasp 0
480.0 248.0 462.0 243.0 470.0 215.0 488.0 220.0 Grasp 0
438.0 139.0 398.0 143.0 396.0 114.0 435.0 111.0 Grasp 0
299.0 147.0 240.0 176.0 227.0 150.0 286.0 121.0 Grasp 0
315.0 167.0 256.0 196.0 243.0 170.0 302.0 141.0 Grasp 0
264.0 332.0 230.0 329.0 233.0 300.0 266.0 303.0 Grasp 0
453.0 254.0 441.0 320.0 413.0 315.0 425.0 249.0 Grasp 0
414.0 100.0 372.0 121.0 359.0 95.0 402.0 74.0 Grasp 0
445.0 110.0 399.0 124.0 391.0 96.0 438.0 83.0 Grasp 0
257.0 28.0 207.0 53.0 194.0 27.0 244.0 2.0 Grasp 0
214.0 358.0 191.0 340.0 208.0 317.0 231.0 335.0 Grasp 0
401.0 45.0 353.0 69.0 340.0 43.0 388.0 19.0 Grasp 0
428.0 126.0 380.0 130.0 378.0 101.0 425.0 97.0 Grasp 0
278.0 39.0 224.0 54.0 216.0 26.0 270.0 11.0 Grasp 0
262.0 38.0 212.0 63.0 199.0 37.0 249.0 11.0 Grasp 0
377.0 179.0 368.0 169.0 390.0 149.0 399.0 159.0 Grasp 0
308.0 130.0 248.0 147.0 240.0 119.0 301.0 102.0 Grasp 0
278.0 81.0 228.0 105.0 215.0 79.0 265.0 55.0 Grasp 0
408.0 74.0 375.0 111.0 353.0 91.0 387.0 55.0 Grasp 0
405.0 118.0 360.0 105.0 367.0 78.0 413.0 91.0 Grasp 0
237.0 363.0 205.0 347.0 218.0 322.0 249.0 337.0 Grasp 0
408.0 258.0 363.0 308.0 342.0 289.0 387.0 239.0 Grasp 0
401.0 202.0 371.0 169.0 392.0 150.0 423.0 183.0 Grasp 0
228.0 307.0 180.0 254.0 203.0 234.0 251.0 287.0 Grasp 0
294.0 77.0 240.0 92.0 232.0 64.0 286.0 49.0 Grasp 0
427.0 242.0 403.0 306.0 376.0 296.0 401.0 231.0 Grasp 0
277.0 54.0 221.0 49.0 224.0 20.0 280.0 25.0 Grasp 0
239.0 296.0 191.0 243.0 213.0 223.0 261.0 275.0 Grasp 0
293.0 92.0 241.0 87.0 243.0 58.0 296.0 63.0 Grasp 0
291.0 92.0 238.0 118.0 225.0 92.0 278.0 66.0 Grasp 0
272.0 71.0 224.0 95.0 211.0 69.0 259.0 45.0 Grasp 0
326.0 133.0 267.0 162.0 254.0 136.0 313.0 107.0 Grasp 0
308.0 166.0 245.0 185.0 237.0 157.0 301.0 139.0 Grasp 0
456.0 139.0 452.0 159.0 423.0 154.0 427.0 133.0 Grasp 0
264.0 288.0 194.0 294.0 191.0 264.0 261.0 258.0 Grasp 0
244.0 314.0 207.0 254.0 233.0 238.0 270.0 298.0 Grasp 0
389.0 188.0 354.0 161.0 371.0 138.0 406.0 165.0 Grasp 0
426.0 321.0 413.0 253.0 442.0 248.0 454.0 316.0 Grasp 0
276.0 33.0 221.0 38.0 218.0 9.0 273.0 4.0 Grasp 0
323.0 130.0 260.0 136.0 257.0 107.0 320.0 101.0 Grasp 0
512.0 262.0 508.0 280.0 480.0 275.0 484.0 257.0 Grasp 0
282.0 54.0 235.0 78.0 222.0 52.0 269.0 28.0 Grasp 0
416.0 247.0 392.0 311.0 365.0 301.0 390.0 237.0 Grasp 0
477.0 236.0 458.0 234.0 461.0 206.0 479.0 208.0 Grasp 0
437.0 78.0 392.0 100.0 379.0 74.0 424.0 52.0 Grasp 0
208.0 303.0 183.0 238.0 211.0 227.0 237.0 292.0 Grasp 0
467.0 174.0 460.0 193.0 433.0 183.0 440.0 164.0 Grasp 0
285.0 77.0 229.0 72.0 231.0 43.0 287.0 48.0 Grasp 0
392.0 252.0 346.0 303.0 325.0 284.0 371.0 233.0 Grasp 0
469.0 304.0 454.0 311.0 441.0 286.0 456.0 278.0 Grasp 0
313.0 108.0 253.0 125.0 245.0 97.0 306.0 80.0 Grasp 0
262.0 316.0 230.0 313.0 233.0 285.0 265.0 288.0 Grasp 0
371.0 180.0 362.0 171.0 383.0 151.0 392.0 161.0 Grasp 0
243.0 272.0 174.0 265.0 177.0 235.0 246.0 242.0 Grasp 0
415.0 89.0 370.0 112.0 357.0 86.0 402.0 64.0 Grasp 0
391.0 38.0 346.0 72.0 329.0 48.0 374.0 14.0 Grasp 0
327.0 178.0 262.0 196.0 254.0 168.0 319.0 150.0 Grasp 0
431.0 173.0 396.0 170.0 399.0 142.0 433.0 145.0 Grasp 0
440.0 320.0 428.0 253.0 455.0 248.0 468.0 315.0 Grasp 0
535.0 306.0 525.0 321.0 501.0 306.0 510.0 291.0 Grasp 0
447.0 95.0 408.0 124.0 391.0 101.0 429.0 72.0 Grasp 0
258.0 338.0 224.0 334.0 227.0 306.0 261.0 309.0 Grasp 0
403.0 38.0 374.0 84.0 349.0 69.0 378.0 22.0 Grasp 0
415.0 262.0 390.0 326.0 364.0 316.0 389.0 252.0 Grasp 0
437.0 143.0 414.0 145.0 411.0 117.0 434.0 114.0 Grasp 0
540.0 319.0 528.0 332.0 507.0 313.0 519.0 300.0 Grasp 0
438.0 263.0 413.0 327.0 387.0 317.0 411.0 253.0 Grasp 0
246.0 269.0 176.0 249.0 184.0 219.0 254.0 239.0 Grasp 0
