228.0 116.0 159.0 122.0 157.0 93.0 225.0 87.0 Grasp 0
347.0 217.0 304.0 264.0 282.0 244.0 325.0 197.0 Grasp 0
476.0 160.0 458.0 61.0 488.0 56.0 507.0 154.0 Grasp 0
538.0 286.0 479.0 257.0 493.0 231.0 551.0 260.0 Grasp 0
535.0 77.0 504.0 157.0 475.0 146.0 506.0 65.0 Grasp 0
528.0 307.0 470.0 278.0 483.0 252.0 541.0 281.0 Grasp 0
228.0 148.0 160.0 154.0 157.0 125.0 225.0 118.0 Grasp 0
410.0 265.0 371.0 328.0 346.0 312.0 385.0 249.0 Grasp 0
512.0 342.0 453.0 298.0 471.0 274.0 530.0 319.0 Grasp 0
392.0 257.0 347.0 306.0 326.0 286.0 370.0 237.0 Grasp 0
545.0 80.0 513.0 163.0 484.0 152.0 517.0 69.0 Grasp 0
519.0 79.0 474.0 150.0 449.0 134.0 493.0 63.0 Grasp 0
224.0 145.0 151.0 124.0 159.0 95.0 232.0 116.0 Grasp 0
550.0 254.0 495.0 226.0 508.0 200.0 564.0 227.0 Grasp 0
226.0 174.0 160.0 180.0 158.0 150.0 223.0 144.0 Grasp 0
370.0 237.0 326.0 285.0 304.0 265.0 348.0 217.0 Grasp 0
227.0 106.0 159.0 112.0 156.0 83.0 224.0 76.0 Grasp 0
227.0 132.0 158.0 139.0 156.0 109.0 225.0 103.0 Grasp 0
502.0 354.0 456.0 279.0 481.0 263.0 528.0 339.0 Grasp 0
222.0 210.0 153.0 191.0 161.0 162.0 230.0 182.0 Grasp 0
553.0 263.0 488.0 244.0 496.0 216.0 561.0 234.0 Grasp 0
521.0 322.0 463.0 293.0 477.0 267.0 534.0 296.0 Grasp 0
425.0 288.0 382.0 336.0 360.0 316.0 403.0 268.0 Grasp 0
233.0 76.0 165.0 127.0 147.0 103.0 215.0 52.0 Grasp 0
566.0 229.0 494.0 222.0 497.0 193.0 569.0 200.0 Grasp 0
540.0 311.0 453.0 335.0 444.0 307.0 531.0 282.0 Grasp 0
433.0 294.0 389.0 342.0 367.0 322.0 411.0 274.0 Grasp 0
227.0 183.0 159.0 189.0 156.0 160.0 224.0 154.0 Grasp 0
385.0 248.0 324.0 294.0 306.0 270.0 367.0 224.0 Grasp 0
516.0 68.0 516.0 154.0 485.0 154.0 485.0 68.0 Grasp 0
541.0 295.0 471.0 275.0 479.0 246.0 549.0 266.0 Grasp 0
357.0 226.0 314.0 274.0 292.0 254.0 336.0 206.0 Grasp 0
231.0 191.0 161.0 210.0 153.0 182.0 223.0 162.0 Grasp 0
229.0 83.0 162.0 102.0 154.0 74.0 221.0 55.0 Grasp 0
351.0 226.0 288.0 257.0 275.0 230.0 338.0 199.0 Grasp 0
401.0 265.0 356.0 313.0 335.0 294.0 379.0 245.0 Grasp 0
469.0 60.0 455.0 137.0 426.0 131.0 440.0 54.0 Grasp 0
527.0 143.0 469.0 80.0 491.0 59.0 549.0 122.0 Grasp 0
227.0 159.0 159.0 165.0 156.0 136.0 224.0 129.0 Grasp 0
484.0 66.0 469.0 147.0 440.0 141.0 455.0 60.0 Grasp 0
455.0 68.0 430.0 109.0 404.0 94.0 430.0 52.0 Grasp 0
338.0 210.0 296.0 256.0 274.0 236.0 316.0 190.0 Grasp 0
223.0 129.0 149.0 108.0 157.0 80.0 232.0 101.0 Grasp 0
499.0 158.0 467.0 74.0 496.0 63.0 528.0 147.0 Grasp 0
459.0 60.0 416.0 106.0 394.0 86.0 436.0 39.0 Grasp 0
569.0 250.0 472.0 277.0 464.0 249.0 561.0 221.0 Grasp 0
391.0 234.0 373.0 329.0 343.0 324.0 361.0 229.0 Grasp 0
413.0 275.0 337.0 312.0 324.0 286.0 399.0 248.0 Grasp 0
563.0 227.0 510.0 212.0 518.0 183.0 571.0 198.0 Grasp 0
446.0 53.0 425.0 108.0 397.0 97.0 418.0 42.0 Grasp 0
527.0 330.0 451.0 337.0 448.0 307.0 524.0 300.0 Grasp 0
224.0 92.0 157.0 86.0 160.0 57.0 226.0 63.0 Grasp 0
506.0 77.0 469.0 137.0 443.0 121.0 480.0 61.0 Grasp 0
558.0 105.0 469.0 149.0 455.0 121.0 544.0 77.0 Grasp 0
555.0 285.0 454.0 335.0 441.0 308.0 542.0 258.0 Grasp 0
558.0 267.0 480.0 260.0 483.0 230.0 560.0 237.0 Grasp 0
224.0 208.0 163.0 213.0 160.0 184.0 221.0 179.0 Grasp 0
388.0 237.0 357.0 315.0 329.0 304.0 360.0 226.0 Grasp 0
417.0 281.0 374.0 328.0 352.0 308.0 395.0 261.0 Grasp 0
500.0 356.0 451.0 302.0 473.0 282.0 522.0 336.0 Grasp 0
404.0 249.0 387.0 341.0 357.0 335.0 374.0 243.0 Grasp 0
558.0 287.0 462.0 295.0 460.0 266.0 555.0 257.0 Grasp 0
384.0 240.0 344.0 304.0 319.0 288.0 359.0 225.0 Grasp 0
377.0 242.0 303.0 279.0 289.0 253.0 364.0 216.0 Grasp 0
502.0 75.0 450.0 132.0 428.0 112.0 480.0 55.0 Grasp 0
