509.0 165.0 476.0 181.0 459.0 146.0 492.0 130.0 Grasp 0
271.0 296.0 229.0 251.0 262.0 221.0 303.0 266.0 Grasp 0
534.0 207.0 493.0 227.0 476.0 192.0 516.0 172.0 Grasp 0
240.0 370.0 201.0 326.0 222.0 307.0 262.0 350.0 Grasp 0
290.0 307.0 243.0 231.0 271.0 214.0 318.0 290.0 Grasp 0
284.0 282.0 254.0 249.0 278.0 227.0 308.0 260.0 Grasp 0
496.0 142.0 466.0 157.0 448.0 121.0 478.0 106.0 Grasp 0
368.0 251.0 291.0 212.0 309.0 176.0 386.0 215.0 Grasp 0
497.0 152.0 467.0 175.0 443.0 143.0 473.0 120.0 Grasp 0
349.0 265.0 293.0 238.0 308.0 207.0 364.0 235.0 Grasp 0
547.0 256.0 509.0 267.0 498.0 230.0 537.0 219.0 Grasp 0
469.0 85.0 437.0 119.0 408.0 93.0 439.0 58.0 Grasp 0
464.0 353.0 424.0 309.0 448.0 287.0 488.0 331.0 Grasp 0
489.0 109.0 468.0 142.0 435.0 122.0 455.0 88.0 Grasp 0
544.0 234.0 501.0 246.0 490.0 208.0 533.0 196.0 Grasp 0
294.0 313.0 227.0 306.0 231.0 265.0 298.0 272.0 Grasp 0
260.0 329.0 197.0 323.0 200.0 282.0 264.0 288.0 Grasp 0
473.0 98.0 446.0 141.0 412.0 120.0 439.0 76.0 Grasp 0
515.0 184.0 483.0 193.0 472.0 154.0 504.0 145.0 Grasp 0
280.0 289.0 201.0 250.0 216.0 221.0 294.0 259.0 Grasp 0
265.0 264.0 256.0 311.0 224.0 305.0 233.0 258.0 Grasp 0
496.0 128.0 466.0 161.0 436.0 134.0 466.0 101.0 Grasp 0
555.0 275.0 511.0 279.0 508.0 240.0 551.0 236.0 Grasp 0
536.0 193.0 496.0 213.0 479.0 177.0 519.0 158.0 Grasp 0
515.0 156.0 481.0 173.0 463.0 136.0 497.0 119.0 Grasp 0
360.0 265.0 302.0 222.0 323.0 195.0 381.0 238.0 Grasp 0
233.0 314.0 233.0 232.0 266.0 232.0 266.0 314.0 Grasp 0
451.0 360.0 406.0 311.0 430.0 290.0 474.0 338.0 Grasp 0
269.0 246.0 253.0 289.0 222.0 276.0 238.0 234.0 Grasp 0
265.0 369.0 220.0 336.0 238.0 312.0 282.0 346.0 Grasp 0
297.0 284.0 263.0 247.0 287.0 225.0 321.0 262.0 Grasp 0
