507.0 424.0 421.0 400.0 429.0 371.0 515.0 396.0 Grasp 0
513.0 339.0 494.0 437.0 465.0 432.0 483.0 334.0 Grasp 0
355.0 125.0 303.0 110.0 312.0 80.0 364.0 95.0 Grasp 0
439.0 283.0 407.0 366.0 380.0 356.0 412.0 273.0 Grasp 0
520.0 336.0 520.0 414.0 490.0 414.0 490.0 336.0 Grasp 0
169.0 289.0 119.0 344.0 97.0 324.0 147.0 269.0 Grasp 0
310.0 486.0 236.0 449.0 249.0 422.0 324.0 459.0 Grasp 0
475.0 444.0 407.0 410.0 420.0 383.0 488.0 417.0 Grasp 0
231.0 366.0 208.0 307.0 234.0 297.0 257.0 355.0 Grasp 0
429.0 237.0 406.0 199.0 432.0 183.0 455.0 221.0 Grasp 0
257.0 241.0 201.0 199.0 218.0 176.0 274.0 218.0 Grasp 0
255.0 217.0 204.0 192.0 217.0 166.0 268.0 191.0 Grasp 0
141.0 180.0 79.0 186.0 77.0 156.0 139.0 151.0 Grasp 0
420.0 469.0 354.0 397.0 376.0 377.0 442.0 449.0 Grasp 0
340.0 162.0 292.0 157.0 295.0 126.0 343.0 130.0 Grasp 0
145.0 205.0 66.0 183.0 75.0 154.0 153.0 176.0 Grasp 0
514.0 391.0 496.0 345.0 525.0 335.0 542.0 380.0 Grasp 0
162.0 315.0 119.0 347.0 101.0 323.0 144.0 291.0 Grasp 0
367.0 191.0 342.0 231.0 315.0 214.0 340.0 174.0 Grasp 0
300.0 504.0 210.0 496.0 213.0 466.0 303.0 475.0 Grasp 0
148.0 296.0 59.0 288.0 61.0 259.0 150.0 267.0 Grasp 0
258.0 247.0 204.0 221.0 217.0 195.0 271.0 222.0 Grasp 0
357.0 185.0 320.0 213.0 301.0 187.0 337.0 160.0 Grasp 0
440.0 457.0 395.0 407.0 417.0 386.0 462.0 437.0 Grasp 0
379.0 197.0 362.0 241.0 332.0 229.0 349.0 185.0 Grasp 0
257.0 373.0 215.0 306.0 239.0 291.0 281.0 358.0 Grasp 0
398.0 251.0 377.0 199.0 406.0 188.0 427.0 240.0 Grasp 0
520.0 418.0 376.0 405.0 378.0 375.0 523.0 388.0 Grasp 0
404.0 203.0 386.0 251.0 357.0 240.0 375.0 192.0 Grasp 0
418.0 239.0 399.0 209.0 425.0 193.0 443.0 223.0 Grasp 0
140.0 194.0 70.0 174.0 78.0 145.0 148.0 165.0 Grasp 0
378.0 375.0 309.0 299.0 331.0 280.0 399.0 356.0 Grasp 0
142.0 225.0 67.0 218.0 70.0 188.0 145.0 195.0 Grasp 0
141.0 194.0 71.0 200.0 69.0 171.0 139.0 164.0 Grasp 0
417.0 199.0 407.0 248.0 377.0 243.0 387.0 193.0 Grasp 0
346.0 141.0 294.0 136.0 297.0 105.0 349.0 110.0 Grasp 0
348.0 165.0 299.0 179.0 290.0 149.0 339.0 135.0 Grasp 0
355.0 130.0 297.0 125.0 300.0 94.0 358.0 99.0 Grasp 0
260.0 253.0 208.0 238.0 216.0 211.0 268.0 226.0 Grasp 0
146.0 217.0 65.0 194.0 74.0 165.0 154.0 188.0 Grasp 0
147.0 264.0 65.0 256.0 67.0 227.0 149.0 235.0 Grasp 0
248.0 204.0 180.0 130.0 202.0 111.0 270.0 185.0 Grasp 0
536.0 407.0 429.0 397.0 432.0 367.0 539.0 377.0 Grasp 0
78.0 332.0 43.0 242.0 71.0 231.0 106.0 322.0 Grasp 0
312.0 489.0 219.0 462.0 228.0 433.0 320.0 460.0 Grasp 0
352.0 169.0 306.0 193.0 291.0 164.0 338.0 141.0 Grasp 0
446.0 226.0 416.0 176.0 441.0 161.0 472.0 210.0 Grasp 0
65.0 242.0 29.0 224.0 43.0 195.0 80.0 213.0 Grasp 0
106.0 278.0 50.0 187.0 76.0 171.0 132.0 262.0 Grasp 0
148.0 274.0 63.0 266.0 66.0 238.0 151.0 245.0 Grasp 0
145.0 252.0 65.0 244.0 68.0 215.0 147.0 222.0 Grasp 0
298.0 300.0 298.0 358.0 270.0 358.0 270.0 300.0 Grasp 0
158.0 272.0 104.0 332.0 82.0 312.0 137.0 252.0 Grasp 0
477.0 297.0 413.0 367.0 392.0 348.0 456.0 277.0 Grasp 0
371.0 119.0 308.0 101.0 316.0 71.0 379.0 89.0 Grasp 0
65.0 249.0 32.0 196.0 59.0 179.0 92.0 232.0 Grasp 0
