434.0 449.0 410.0 388.0 439.0 377.0 462.0 438.0 Grasp 0
558.0 367.0 476.0 344.0 484.0 316.0 566.0 339.0 Grasp 0
265.0 369.0 211.0 342.0 225.0 315.0 278.0 342.0 Grasp 0
472.0 453.0 460.0 389.0 490.0 384.0 502.0 447.0 Grasp 0
391.0 201.0 357.0 175.0 375.0 152.0 409.0 177.0 Grasp 0
246.0 237.0 175.0 244.0 172.0 213.0 243.0 207.0 Grasp 0
473.0 431.0 450.0 372.0 479.0 361.0 502.0 420.0 Grasp 0
367.0 434.0 355.0 373.0 384.0 368.0 395.0 429.0 Grasp 0
320.0 481.0 297.0 422.0 324.0 412.0 347.0 471.0 Grasp 0
573.0 347.0 485.0 322.0 493.0 293.0 582.0 318.0 Grasp 0
389.0 451.0 367.0 394.0 394.0 383.0 416.0 441.0 Grasp 0
453.0 457.0 430.0 398.0 459.0 387.0 482.0 446.0 Grasp 0
375.0 207.0 347.0 176.0 369.0 156.0 397.0 187.0 Grasp 0
362.0 450.0 340.0 393.0 367.0 383.0 389.0 440.0 Grasp 0
253.0 214.0 205.0 268.0 182.0 248.0 231.0 194.0 Grasp 0
380.0 459.0 357.0 400.0 385.0 389.0 408.0 448.0 Grasp 0
396.0 451.0 384.0 390.0 413.0 384.0 425.0 445.0 Grasp 0
461.0 453.0 449.0 390.0 479.0 384.0 491.0 447.0 Grasp 0
341.0 447.0 319.0 389.0 346.0 379.0 368.0 437.0 Grasp 0
288.0 354.0 241.0 318.0 258.0 295.0 305.0 330.0 Grasp 0
409.0 433.0 397.0 371.0 427.0 365.0 438.0 428.0 Grasp 0
457.0 169.0 398.0 124.0 416.0 99.0 475.0 144.0 Grasp 0
278.0 355.0 229.0 318.0 246.0 294.0 295.0 331.0 Grasp 0
560.0 364.0 480.0 324.0 493.0 297.0 573.0 337.0 Grasp 0
442.0 416.0 430.0 354.0 460.0 348.0 471.0 410.0 Grasp 0
580.0 336.0 491.0 311.0 500.0 282.0 588.0 307.0 Grasp 0
331.0 463.0 308.0 404.0 335.0 393.0 358.0 452.0 Grasp 0
578.0 319.0 489.0 294.0 497.0 265.0 586.0 290.0 Grasp 0
492.0 426.0 458.0 371.0 484.0 355.0 518.0 410.0 Grasp 0
345.0 447.0 334.0 388.0 362.0 382.0 373.0 442.0 Grasp 0
249.0 142.0 224.0 149.0 217.0 121.0 241.0 115.0 Grasp 0
302.0 325.0 249.0 310.0 257.0 281.0 310.0 296.0 Grasp 0
603.0 267.0 505.0 258.0 507.0 228.0 606.0 238.0 Grasp 0
240.0 198.0 204.0 257.0 178.0 241.0 214.0 182.0 Grasp 0
309.0 462.0 286.0 404.0 314.0 393.0 336.0 452.0 Grasp 0
432.0 462.0 409.0 403.0 437.0 392.0 460.0 451.0 Grasp 0
438.0 429.0 415.0 370.0 443.0 359.0 466.0 418.0 Grasp 0
246.0 365.0 211.0 327.0 233.0 307.0 268.0 345.0 Grasp 0
393.0 213.0 363.0 180.0 385.0 160.0 416.0 193.0 Grasp 0
264.0 207.0 227.0 267.0 202.0 251.0 238.0 191.0 Grasp 0
241.0 353.0 206.0 315.0 228.0 295.0 263.0 334.0 Grasp 0
303.0 487.0 281.0 431.0 309.0 420.0 331.0 477.0 Grasp 0
599.0 265.0 501.0 237.0 509.0 209.0 607.0 236.0 Grasp 0
257.0 229.0 192.0 261.0 179.0 233.0 243.0 201.0 Grasp 0
269.0 351.0 218.0 326.0 232.0 299.0 283.0 324.0 Grasp 0
420.0 461.0 397.0 403.0 425.0 392.0 448.0 450.0 Grasp 0
230.0 371.0 194.0 332.0 216.0 312.0 252.0 351.0 Grasp 0
426.0 188.0 366.0 143.0 384.0 119.0 444.0 165.0 Grasp 0
467.0 429.0 433.0 375.0 459.0 359.0 493.0 413.0 Grasp 0
428.0 443.0 394.0 389.0 420.0 373.0 453.0 427.0 Grasp 0
279.0 362.0 225.0 335.0 238.0 308.0 293.0 336.0 Grasp 0
328.0 395.0 316.0 458.0 287.0 452.0 299.0 389.0 Grasp 0
390.0 433.0 368.0 375.0 395.0 365.0 417.0 423.0 Grasp 0
376.0 218.0 354.0 182.0 379.0 167.0 401.0 203.0 Grasp 0
