431.0 294.0 417.0 222.0 447.0 217.0 460.0 289.0 Grasp 0
339.0 330.0 246.0 260.0 265.0 235.0 358.0 306.0 Grasp 0
379.0 81.0 358.0 25.0 386.0 15.0 407.0 70.0 Grasp 0
390.0 285.0 374.0 200.0 403.0 194.0 419.0 280.0 Grasp 0
441.0 218.0 441.0 284.0 412.0 284.0 412.0 218.0 Grasp 0
411.0 22.0 401.0 78.0 371.0 73.0 381.0 16.0 Grasp 0
440.0 291.0 429.0 234.0 458.0 228.0 469.0 285.0 Grasp 0
526.0 252.0 505.0 308.0 475.0 297.0 497.0 240.0 Grasp 0
514.0 252.0 492.0 309.0 463.0 297.0 485.0 241.0 Grasp 0
485.0 246.0 477.0 286.0 448.0 280.0 455.0 240.0 Grasp 0
533.0 252.0 524.0 300.0 493.0 294.0 502.0 246.0 Grasp 0
373.0 88.0 348.0 21.0 375.0 11.0 401.0 77.0 Grasp 0
429.0 209.0 429.0 284.0 400.0 284.0 400.0 209.0 Grasp 0
447.0 286.0 439.0 240.0 468.0 234.0 477.0 280.0 Grasp 0
275.0 366.0 193.0 304.0 211.0 279.0 294.0 341.0 Grasp 0
333.0 321.0 267.0 248.0 289.0 228.0 355.0 300.0 Grasp 0
516.0 296.0 499.0 252.0 529.0 241.0 545.0 284.0 Grasp 0
423.0 302.0 386.0 204.0 413.0 194.0 451.0 291.0 Grasp 0
471.0 257.0 409.0 325.0 386.0 304.0 448.0 236.0 Grasp 0
386.0 24.0 386.0 77.0 356.0 77.0 356.0 24.0 Grasp 0
447.0 291.0 407.0 227.0 432.0 211.0 472.0 275.0 Grasp 0
372.0 21.0 372.0 78.0 342.0 78.0 342.0 21.0 Grasp 0
363.0 19.0 363.0 81.0 333.0 81.0 333.0 19.0 Grasp 0
