249.0 83.0 221.0 129.0 195.0 113.0 224.0 67.0 Grasp 0
430.0 85.0 387.0 52.0 405.0 29.0 448.0 62.0 Grasp 0
452.0 80.0 408.0 46.0 425.0 23.0 470.0 57.0 Grasp 0
523.0 338.0 507.0 363.0 482.0 348.0 498.0 322.0 Grasp 0
365.0 140.0 339.0 182.0 313.0 166.0 339.0 125.0 Grasp 0
375.0 337.0 358.0 364.0 333.0 349.0 350.0 321.0 Grasp 0
337.0 112.0 337.0 160.0 307.0 160.0 307.0 112.0 Grasp 0
265.0 77.0 237.0 122.0 212.0 106.0 240.0 61.0 Grasp 0
326.0 117.0 326.0 166.0 296.0 166.0 296.0 117.0 Grasp 0
473.0 76.0 428.0 41.0 445.0 19.0 490.0 53.0 Grasp 0
310.0 93.0 263.0 128.0 245.0 104.0 292.0 69.0 Grasp 0
435.0 75.0 392.0 42.0 409.0 20.0 452.0 52.0 Grasp 0
296.0 104.0 259.0 144.0 237.0 124.0 274.0 83.0 Grasp 0
342.0 346.0 329.0 366.0 305.0 351.0 317.0 331.0 Grasp 0
295.0 78.0 244.0 117.0 226.0 93.0 277.0 54.0 Grasp 0
317.0 292.0 260.0 286.0 263.0 257.0 319.0 263.0 Grasp 0
532.0 334.0 521.0 362.0 494.0 351.0 505.0 324.0 Grasp 0
266.0 59.0 237.0 107.0 211.0 91.0 241.0 43.0 Grasp 0
283.0 75.0 253.0 124.0 227.0 108.0 258.0 59.0 Grasp 0
446.0 106.0 401.0 93.0 408.0 66.0 454.0 79.0 Grasp 0
283.0 87.0 253.0 136.0 228.0 120.0 258.0 71.0 Grasp 0
410.0 333.0 398.0 363.0 372.0 352.0 383.0 322.0 Grasp 0
311.0 313.0 259.0 299.0 267.0 270.0 319.0 285.0 Grasp 0
456.0 100.0 408.0 76.0 421.0 51.0 468.0 74.0 Grasp 0
442.0 335.0 432.0 361.0 405.0 351.0 415.0 325.0 Grasp 0
486.0 63.0 440.0 28.0 457.0 5.0 503.0 40.0 Grasp 0
437.0 84.0 389.0 70.0 397.0 43.0 445.0 56.0 Grasp 0
384.0 332.0 372.0 364.0 345.0 353.0 357.0 322.0 Grasp 0
421.0 334.0 410.0 363.0 383.0 353.0 394.0 324.0 Grasp 0
451.0 78.0 398.0 63.0 406.0 35.0 458.0 50.0 Grasp 0
351.0 130.0 333.0 176.0 305.0 165.0 323.0 119.0 Grasp 0
452.0 65.0 403.0 40.0 415.0 15.0 465.0 40.0 Grasp 0
482.0 364.0 465.0 336.0 489.0 321.0 506.0 349.0 Grasp 0
486.0 235.0 475.0 247.0 452.0 227.0 463.0 215.0 Grasp 0
329.0 301.0 276.0 286.0 284.0 258.0 336.0 273.0 Grasp 0
485.0 168.0 480.0 181.0 452.0 171.0 457.0 157.0 Grasp 0
394.0 338.0 383.0 369.0 356.0 358.0 368.0 328.0 Grasp 0
303.0 91.0 293.0 142.0 263.0 136.0 273.0 85.0 Grasp 0
403.0 234.0 391.0 169.0 419.0 164.0 432.0 229.0 Grasp 0
449.0 89.0 394.0 84.0 397.0 56.0 452.0 61.0 Grasp 0
394.0 155.0 353.0 186.0 335.0 162.0 376.0 131.0 Grasp 0
435.0 100.0 386.0 96.0 389.0 67.0 438.0 72.0 Grasp 0
279.0 96.0 232.0 131.0 214.0 107.0 260.0 72.0 Grasp 0
484.0 336.0 474.0 361.0 448.0 351.0 458.0 325.0 Grasp 0
352.0 338.0 338.0 362.0 313.0 347.0 328.0 323.0 Grasp 0
301.0 307.0 237.0 289.0 245.0 261.0 309.0 279.0 Grasp 0
315.0 104.0 270.0 138.0 252.0 114.0 297.0 80.0 Grasp 0
315.0 96.0 315.0 143.0 285.0 143.0 285.0 96.0 Grasp 0
442.0 108.0 395.0 112.0 393.0 84.0 439.0 79.0 Grasp 0
279.0 157.0 269.0 107.0 299.0 102.0 308.0 151.0 Grasp 0
440.0 363.0 425.0 339.0 449.0 324.0 464.0 348.0 Grasp 0
492.0 363.0 476.0 337.0 500.0 322.0 516.0 348.0 Grasp 0
464.0 63.0 418.0 29.0 436.0 6.0 482.0 40.0 Grasp 0
457.0 332.0 445.0 362.0 419.0 352.0 430.0 322.0 Grasp 0
363.0 333.0 350.0 365.0 324.0 354.0 336.0 322.0 Grasp 0
271.0 86.0 243.0 131.0 217.0 116.0 246.0 70.0 Grasp 0
467.0 86.0 423.0 52.0 440.0 30.0 485.0 63.0 Grasp 0
254.0 66.0 226.0 111.0 201.0 95.0 229.0 50.0 Grasp 0
332.0 100.0 332.0 150.0 302.0 150.0 302.0 100.0 Grasp 0
426.0 89.0 379.0 76.0 387.0 48.0 434.0 62.0 Grasp 0
541.0 335.0 531.0 360.0 505.0 350.0 515.0 325.0 Grasp 0
385.0 166.0 344.0 197.0 326.0 173.0 367.0 142.0 Grasp 0
473.0 335.0 463.0 360.0 436.0 350.0 446.0 325.0 Grasp 0
302.0 319.0 250.0 304.0 258.0 276.0 310.0 290.0 Grasp 0
466.0 361.0 455.0 332.0 482.0 322.0 493.0 351.0 Grasp 0
458.0 95.0 415.0 62.0 432.0 39.0 476.0 72.0 Grasp 0
432.0 332.0 420.0 364.0 393.0 354.0 405.0 322.0 Grasp 0
