267.0 347.0 202.0 315.0 216.0 287.0 280.0 319.0 Grasp 0
492.0 302.0 457.0 390.0 430.0 379.0 464.0 291.0 Grasp 0
306.0 215.0 220.0 222.0 217.0 193.0 303.0 185.0 Grasp 0
415.0 122.0 351.0 170.0 334.0 147.0 397.0 99.0 Grasp 0
253.0 360.0 194.0 316.0 213.0 291.0 271.0 335.0 Grasp 0
272.0 342.0 202.0 289.0 220.0 264.0 291.0 318.0 Grasp 0
295.0 255.0 211.0 231.0 220.0 202.0 303.0 226.0 Grasp 0
318.0 217.0 211.0 270.0 198.0 243.0 305.0 189.0 Grasp 0
305.0 230.0 215.0 238.0 212.0 208.0 302.0 200.0 Grasp 0
300.0 207.0 223.0 199.0 226.0 169.0 303.0 177.0 Grasp 0
551.0 278.0 551.0 373.0 522.0 373.0 522.0 278.0 Grasp 0
290.0 264.0 197.0 291.0 188.0 261.0 282.0 234.0 Grasp 0
549.0 362.0 531.0 263.0 559.0 258.0 577.0 357.0 Grasp 0
533.0 264.0 513.0 368.0 485.0 363.0 505.0 259.0 Grasp 0
245.0 305.0 183.0 322.0 175.0 293.0 237.0 275.0 Grasp 0
515.0 274.0 476.0 375.0 449.0 364.0 488.0 263.0 Grasp 0
273.0 338.0 201.0 259.0 223.0 238.0 296.0 318.0 Grasp 0
