261.0 345.0 186.0 338.0 189.0 307.0 263.0 314.0 Grasp 0
263.0 357.0 194.0 351.0 196.0 321.0 266.0 328.0 Grasp 0
404.0 109.0 354.0 104.0 357.0 73.0 407.0 78.0 Grasp 0
507.0 272.0 471.0 366.0 443.0 356.0 480.0 261.0 Grasp 0
327.0 214.0 288.0 316.0 259.0 305.0 299.0 203.0 Grasp 0
534.0 109.0 493.0 130.0 479.0 102.0 520.0 81.0 Grasp 0
286.0 134.0 217.0 154.0 209.0 126.0 278.0 106.0 Grasp 0
242.0 146.0 195.0 222.0 169.0 205.0 216.0 130.0 Grasp 0
272.0 177.0 199.0 232.0 180.0 207.0 253.0 152.0 Grasp 0
417.0 180.0 358.0 185.0 356.0 154.0 414.0 148.0 Grasp 0
504.0 197.0 459.0 175.0 473.0 147.0 518.0 169.0 Grasp 0
282.0 184.0 207.0 241.0 188.0 216.0 264.0 159.0 Grasp 0
506.0 190.0 473.0 173.0 487.0 145.0 520.0 162.0 Grasp 0
422.0 93.0 378.0 60.0 397.0 35.0 441.0 68.0 Grasp 0
517.0 82.0 492.0 110.0 469.0 89.0 494.0 61.0 Grasp 0
256.0 341.0 169.0 298.0 183.0 271.0 269.0 314.0 Grasp 0
400.0 92.0 377.0 66.0 400.0 46.0 423.0 71.0 Grasp 0
263.0 170.0 193.0 222.0 175.0 197.0 244.0 145.0 Grasp 0
510.0 283.0 445.0 353.0 423.0 334.0 488.0 263.0 Grasp 0
532.0 124.0 495.0 135.0 486.0 105.0 524.0 94.0 Grasp 0
517.0 291.0 453.0 361.0 431.0 342.0 496.0 271.0 Grasp 0
491.0 258.0 436.0 347.0 411.0 331.0 466.0 243.0 Grasp 0
506.0 187.0 471.0 148.0 494.0 127.0 530.0 166.0 Grasp 0
407.0 105.0 359.0 91.0 368.0 62.0 415.0 75.0 Grasp 0
311.0 207.0 210.0 257.0 196.0 229.0 297.0 179.0 Grasp 0
347.0 216.0 326.0 330.0 296.0 324.0 317.0 211.0 Grasp 0
303.0 198.0 203.0 248.0 189.0 221.0 289.0 171.0 Grasp 0
306.0 149.0 212.0 158.0 210.0 129.0 303.0 120.0 Grasp 0
387.0 141.0 358.0 150.0 349.0 119.0 379.0 111.0 Grasp 0
358.0 226.0 337.0 340.0 306.0 334.0 327.0 221.0 Grasp 0
483.0 252.0 429.0 339.0 404.0 324.0 458.0 236.0 Grasp 0
336.0 220.0 298.0 318.0 269.0 307.0 307.0 209.0 Grasp 0
474.0 42.0 458.0 82.0 429.0 71.0 444.0 31.0 Grasp 0
256.0 166.0 177.0 206.0 163.0 178.0 242.0 138.0 Grasp 0
342.0 230.0 307.0 321.0 279.0 310.0 314.0 219.0 Grasp 0
505.0 66.0 487.0 95.0 461.0 79.0 479.0 50.0 Grasp 0
522.0 100.0 484.0 111.0 475.0 81.0 514.0 70.0 Grasp 0
431.0 184.0 375.0 200.0 366.0 169.0 422.0 153.0 Grasp 0
482.0 203.0 462.0 172.0 489.0 155.0 508.0 186.0 Grasp 0
419.0 98.0 362.0 81.0 370.0 51.0 428.0 67.0 Grasp 0
