312.0 373.0 281.0 424.0 255.0 409.0 287.0 358.0 Grasp 0
493.0 282.0 493.0 341.0 462.0 341.0 462.0 282.0 Grasp 0
419.0 176.0 413.0 143.0 443.0 137.0 450.0 170.0 Grasp 0
539.0 304.0 539.0 369.0 508.0 369.0 508.0 304.0 Grasp 0
304.0 367.0 273.0 417.0 248.0 401.0 279.0 351.0 Grasp 0
330.0 360.0 330.0 421.0 300.0 421.0 300.0 360.0 Grasp 0
628.0 178.0 592.0 189.0 583.0 159.0 620.0 149.0 Grasp 0
526.0 302.0 526.0 369.0 494.0 369.0 494.0 302.0 Grasp 0
278.0 335.0 229.0 372.0 211.0 348.0 260.0 311.0 Grasp 0
296.0 334.0 264.0 386.0 239.0 370.0 271.0 318.0 Grasp 0
517.0 125.0 499.0 96.0 526.0 79.0 544.0 108.0 Grasp 0
624.0 257.0 589.0 247.0 598.0 216.0 633.0 226.0 Grasp 0
540.0 363.0 504.0 304.0 530.0 288.0 566.0 346.0 Grasp 0
489.0 113.0 482.0 150.0 452.0 144.0 459.0 107.0 Grasp 0
304.0 360.0 293.0 418.0 263.0 413.0 274.0 354.0 Grasp 0
599.0 289.0 569.0 267.0 587.0 242.0 617.0 264.0 Grasp 0
470.0 290.0 431.0 333.0 407.0 312.0 447.0 269.0 Grasp 0
268.0 324.0 219.0 361.0 201.0 337.0 250.0 300.0 Grasp 0
571.0 330.0 547.0 303.0 570.0 282.0 594.0 309.0 Grasp 0
632.0 210.0 598.0 214.0 595.0 183.0 629.0 180.0 Grasp 0
436.0 241.0 393.0 288.0 370.0 267.0 413.0 220.0 Grasp 0
629.0 137.0 601.0 157.0 583.0 133.0 610.0 112.0 Grasp 0
431.0 171.0 424.0 136.0 455.0 130.0 461.0 165.0 Grasp 0
515.0 295.0 493.0 350.0 464.0 339.0 486.0 284.0 Grasp 0
488.0 293.0 478.0 349.0 447.0 343.0 457.0 287.0 Grasp 0
598.0 311.0 569.0 289.0 589.0 264.0 617.0 285.0 Grasp 0
321.0 354.0 321.0 415.0 291.0 415.0 291.0 354.0 Grasp 0
266.0 345.0 224.0 392.0 202.0 372.0 244.0 325.0 Grasp 0
284.0 347.0 253.0 397.0 228.0 381.0 259.0 331.0 Grasp 0
218.0 290.0 172.0 268.0 186.0 240.0 231.0 263.0 Grasp 0
563.0 343.0 542.0 309.0 569.0 292.0 590.0 327.0 Grasp 0
255.0 331.0 244.0 389.0 215.0 384.0 226.0 326.0 Grasp 0
626.0 65.0 562.0 71.0 559.0 40.0 623.0 34.0 Grasp 0
243.0 164.0 196.0 187.0 182.0 159.0 229.0 136.0 Grasp 0
313.0 370.0 303.0 426.0 274.0 420.0 284.0 365.0 Grasp 0
504.0 292.0 483.0 345.0 454.0 333.0 474.0 281.0 Grasp 0
492.0 295.0 453.0 338.0 430.0 317.0 469.0 274.0 Grasp 0
438.0 264.0 386.0 303.0 367.0 278.0 420.0 239.0 Grasp 0
240.0 163.0 189.0 168.0 186.0 137.0 237.0 132.0 Grasp 0
522.0 305.0 499.0 364.0 470.0 353.0 493.0 294.0 Grasp 0
290.0 362.0 259.0 413.0 234.0 397.0 265.0 346.0 Grasp 0
505.0 103.0 499.0 138.0 469.0 132.0 475.0 97.0 Grasp 0
627.0 225.0 592.0 222.0 595.0 191.0 629.0 194.0 Grasp 0
486.0 139.0 453.0 123.0 467.0 95.0 499.0 111.0 Grasp 0
536.0 352.0 526.0 299.0 556.0 293.0 566.0 346.0 Grasp 0
479.0 296.0 442.0 336.0 419.0 316.0 456.0 275.0 Grasp 0
389.0 129.0 304.0 137.0 301.0 106.0 386.0 98.0 Grasp 0
309.0 347.0 289.0 399.0 261.0 389.0 282.0 336.0 Grasp 0
623.0 125.0 593.0 147.0 575.0 123.0 604.0 100.0 Grasp 0
317.0 353.0 296.0 406.0 269.0 395.0 289.0 342.0 Grasp 0
450.0 269.0 398.0 309.0 379.0 285.0 432.0 245.0 Grasp 0
457.0 272.0 422.0 328.0 396.0 311.0 430.0 256.0 Grasp 0
215.0 282.0 172.0 250.0 190.0 225.0 234.0 258.0 Grasp 0
461.0 271.0 409.0 311.0 390.0 287.0 443.0 247.0 Grasp 0
625.0 151.0 593.0 167.0 579.0 139.0 611.0 124.0 Grasp 0
274.0 345.0 242.0 396.0 217.0 381.0 249.0 329.0 Grasp 0
261.0 170.0 207.0 185.0 199.0 156.0 253.0 140.0 Grasp 0
627.0 199.0 591.0 202.0 588.0 171.0 625.0 168.0 Grasp 0
246.0 187.0 202.0 220.0 184.0 196.0 228.0 163.0 Grasp 0
227.0 271.0 183.0 238.0 202.0 214.0 245.0 247.0 Grasp 0
445.0 252.0 411.0 307.0 384.0 290.0 418.0 236.0 Grasp 0
326.0 373.0 326.0 439.0 296.0 439.0 296.0 373.0 Grasp 0
552.0 349.0 531.0 315.0 558.0 298.0 579.0 333.0 Grasp 0
581.0 317.0 558.0 292.0 580.0 271.0 604.0 296.0 Grasp 0
619.0 268.0 585.0 258.0 593.0 228.0 628.0 238.0 Grasp 0
609.0 276.0 576.0 260.0 590.0 232.0 622.0 248.0 Grasp 0
257.0 339.0 216.0 385.0 194.0 365.0 236.0 319.0 Grasp 0
424.0 238.0 379.0 272.0 360.0 247.0 405.0 213.0 Grasp 0
301.0 356.0 270.0 407.0 244.0 392.0 276.0 341.0 Grasp 0
321.0 211.0 321.0 262.0 289.0 262.0 289.0 211.0 Grasp 0
249.0 336.0 206.0 382.0 184.0 362.0 227.0 315.0 Grasp 0
287.0 335.0 246.0 380.0 224.0 360.0 265.0 315.0 Grasp 0
628.0 236.0 592.0 233.0 595.0 202.0 631.0 205.0 Grasp 0
516.0 291.0 516.0 355.0 485.0 355.0 485.0 291.0 Grasp 0
296.0 167.0 296.0 255.0 262.0 255.0 262.0 167.0 Grasp 0
506.0 286.0 506.0 349.0 475.0 349.0 475.0 286.0 Grasp 0
