354.0 125.0 323.0 91.0 346.0 70.0 377.0 104.0 Grasp 0
443.0 178.0 380.0 183.0 378.0 154.0 440.0 148.0 Grasp 0
409.0 144.0 359.0 169.0 346.0 142.0 396.0 117.0 Grasp 0
367.0 238.0 328.0 219.0 341.0 193.0 380.0 212.0 Grasp 0
218.0 316.0 190.0 244.0 218.0 233.0 246.0 306.0 Grasp 0
421.0 363.0 410.0 299.0 438.0 294.0 450.0 357.0 Grasp 0
243.0 318.0 213.0 241.0 240.0 230.0 270.0 308.0 Grasp 0
339.0 137.0 314.0 95.0 341.0 78.0 366.0 120.0 Grasp 0
423.0 280.0 423.0 344.0 394.0 344.0 394.0 280.0 Grasp 0
380.0 313.0 341.0 355.0 319.0 336.0 358.0 293.0 Grasp 0
449.0 275.0 449.0 339.0 420.0 339.0 420.0 275.0 Grasp 0
233.0 335.0 194.0 272.0 218.0 256.0 258.0 320.0 Grasp 0
421.0 155.0 364.0 171.0 356.0 142.0 412.0 126.0 Grasp 0
391.0 119.0 351.0 139.0 337.0 110.0 376.0 91.0 Grasp 0
466.0 312.0 444.0 368.0 416.0 358.0 438.0 301.0 Grasp 0
439.0 160.0 377.0 178.0 369.0 149.0 431.0 132.0 Grasp 0
401.0 130.0 363.0 149.0 349.0 120.0 387.0 101.0 Grasp 0
439.0 353.0 416.0 293.0 443.0 282.0 466.0 343.0 Grasp 0
429.0 298.0 429.0 361.0 400.0 361.0 400.0 298.0 Grasp 0
418.0 303.0 408.0 361.0 379.0 356.0 389.0 298.0 Grasp 0
245.0 332.0 203.0 264.0 228.0 249.0 270.0 317.0 Grasp 0
419.0 309.0 419.0 372.0 389.0 372.0 389.0 309.0 Grasp 0
257.0 304.0 241.0 215.0 269.0 210.0 286.0 298.0 Grasp 0
459.0 304.0 426.0 358.0 401.0 342.0 434.0 288.0 Grasp 0
357.0 115.0 325.0 80.0 349.0 58.0 381.0 93.0 Grasp 0
245.0 310.0 229.0 223.0 258.0 218.0 274.0 305.0 Grasp 0
375.0 265.0 312.0 196.0 333.0 176.0 397.0 246.0 Grasp 0
434.0 283.0 434.0 342.0 405.0 342.0 405.0 283.0 Grasp 0
263.0 228.0 248.0 306.0 219.0 301.0 234.0 222.0 Grasp 0
246.0 228.0 246.0 307.0 217.0 307.0 217.0 228.0 Grasp 0
255.0 329.0 224.0 251.0 251.0 240.0 281.0 319.0 Grasp 0
380.0 130.0 344.0 148.0 331.0 121.0 367.0 103.0 Grasp 0
390.0 109.0 361.0 141.0 338.0 120.0 367.0 88.0 Grasp 0
426.0 183.0 364.0 189.0 361.0 159.0 424.0 153.0 Grasp 0
391.0 140.0 351.0 160.0 338.0 133.0 378.0 113.0 Grasp 0
401.0 320.0 381.0 372.0 353.0 361.0 373.0 309.0 Grasp 0
413.0 309.0 392.0 363.0 364.0 352.0 385.0 298.0 Grasp 0
390.0 240.0 355.0 214.0 372.0 191.0 407.0 217.0 Grasp 0
338.0 112.0 307.0 77.0 330.0 56.0 362.0 91.0 Grasp 0
227.0 305.0 199.0 232.0 226.0 222.0 254.0 294.0 Grasp 0
357.0 135.0 316.0 104.0 335.0 79.0 376.0 110.0 Grasp 0
411.0 166.0 351.0 183.0 343.0 154.0 403.0 137.0 Grasp 0
369.0 241.0 340.0 209.0 361.0 189.0 391.0 222.0 Grasp 0
456.0 285.0 434.0 343.0 406.0 332.0 429.0 275.0 Grasp 0
288.0 219.0 288.0 309.0 259.0 309.0 259.0 219.0 Grasp 0
396.0 119.0 368.0 150.0 344.0 128.0 373.0 97.0 Grasp 0
393.0 314.0 364.0 361.0 339.0 346.0 368.0 298.0 Grasp 0
