562.0 136.0 496.0 169.0 483.0 141.0 548.0 109.0 Grasp 0
426.0 273.0 391.0 330.0 367.0 315.0 402.0 258.0 Grasp 0
272.0 348.0 157.0 358.0 154.0 317.0 269.0 306.0 Grasp 0
240.0 289.0 202.0 388.0 163.0 373.0 202.0 274.0 Grasp 0
406.0 222.0 377.0 298.0 350.0 287.0 379.0 212.0 Grasp 0
241.0 394.0 149.0 348.0 168.0 310.0 260.0 356.0 Grasp 0
381.0 174.0 364.0 266.0 335.0 260.0 353.0 169.0 Grasp 0
574.0 150.0 521.0 190.0 503.0 165.0 556.0 125.0 Grasp 0
434.0 300.0 396.0 342.0 375.0 323.0 413.0 281.0 Grasp 0
259.0 344.0 171.0 319.0 182.0 279.0 271.0 304.0 Grasp 0
258.0 368.0 159.0 377.0 155.0 335.0 254.0 326.0 Grasp 0
436.0 327.0 405.0 350.0 388.0 328.0 419.0 305.0 Grasp 0
370.0 127.0 370.0 240.0 340.0 240.0 340.0 127.0 Grasp 0
352.0 136.0 267.0 128.0 269.0 99.0 355.0 107.0 Grasp 0
421.0 263.0 386.0 320.0 361.0 305.0 397.0 248.0 Grasp 0
412.0 245.0 378.0 301.0 353.0 286.0 388.0 230.0 Grasp 0
349.0 145.0 275.0 139.0 278.0 110.0 352.0 116.0 Grasp 0
313.0 247.0 270.0 176.0 296.0 160.0 339.0 231.0 Grasp 0
244.0 370.0 162.0 308.0 188.0 275.0 270.0 337.0 Grasp 0
332.0 79.0 284.0 131.0 263.0 112.0 311.0 60.0 Grasp 0
379.0 174.0 354.0 238.0 326.0 227.0 351.0 163.0 Grasp 0
271.0 301.0 234.0 398.0 195.0 383.0 232.0 286.0 Grasp 0
532.0 36.0 445.0 79.0 431.0 51.0 518.0 8.0 Grasp 0
574.0 178.0 527.0 201.0 514.0 174.0 560.0 151.0 Grasp 0
437.0 310.0 402.0 349.0 381.0 330.0 416.0 291.0 Grasp 0
342.0 87.0 291.0 142.0 269.0 123.0 320.0 67.0 Grasp 0
302.0 244.0 288.0 167.0 318.0 161.0 332.0 238.0 Grasp 0
221.0 277.0 221.0 383.0 180.0 383.0 180.0 277.0 Grasp 0
400.0 213.0 372.0 286.0 345.0 275.0 373.0 202.0 Grasp 0
349.0 142.0 260.0 98.0 273.0 72.0 362.0 116.0 Grasp 0
274.0 324.0 166.0 378.0 148.0 341.0 256.0 287.0 Grasp 0
257.0 361.0 162.0 334.0 173.0 294.0 268.0 321.0 Grasp 0
247.0 354.0 174.0 299.0 199.0 266.0 271.0 321.0 Grasp 0
