331.0 361.0 306.0 297.0 334.0 286.0 359.0 350.0 Grasp 0
385.0 42.0 368.0 134.0 337.0 128.0 355.0 36.0 Grasp 0
305.0 368.0 292.0 301.0 322.0 296.0 335.0 363.0 Grasp 0
317.0 369.0 282.0 312.0 308.0 296.0 343.0 353.0 Grasp 0
392.0 150.0 371.0 37.0 401.0 31.0 422.0 144.0 Grasp 0
563.0 74.0 478.0 32.0 492.0 5.0 576.0 47.0 Grasp 0
77.0 164.0 13.0 146.0 21.0 118.0 85.0 136.0 Grasp 0
181.0 360.0 122.0 315.0 139.0 292.0 198.0 337.0 Grasp 0
66.0 179.0 3.0 148.0 16.0 121.0 79.0 153.0 Grasp 0
387.0 39.0 387.0 136.0 356.0 136.0 356.0 39.0 Grasp 0
193.0 347.0 142.0 265.0 167.0 249.0 218.0 331.0 Grasp 0
398.0 37.0 398.0 138.0 367.0 138.0 367.0 37.0 Grasp 0
154.0 387.0 113.0 321.0 138.0 305.0 179.0 371.0 Grasp 0
158.0 391.0 100.0 348.0 118.0 324.0 175.0 368.0 Grasp 0
339.0 36.0 240.0 45.0 237.0 14.0 336.0 5.0 Grasp 0
183.0 359.0 125.0 295.0 146.0 276.0 205.0 340.0 Grasp 0
318.0 367.0 299.0 267.0 329.0 261.0 348.0 361.0 Grasp 0
84.0 152.0 7.0 159.0 5.0 129.0 81.0 122.0 Grasp 0
271.0 248.0 174.0 257.0 171.0 228.0 268.0 219.0 Grasp 0
378.0 37.0 340.0 134.0 311.0 123.0 349.0 26.0 Grasp 0
164.0 384.0 106.0 339.0 123.0 316.0 182.0 360.0 Grasp 0
194.0 346.0 125.0 312.0 138.0 286.0 207.0 320.0 Grasp 0
559.0 89.0 470.0 45.0 483.0 17.0 572.0 62.0 Grasp 0
