368.0 135.0 305.0 183.0 287.0 158.0 350.0 111.0 Grasp 0
263.0 285.0 239.0 222.0 267.0 212.0 291.0 274.0 Grasp 0
235.0 140.0 206.0 65.0 233.0 55.0 262.0 130.0 Grasp 0
276.0 275.0 266.0 219.0 295.0 213.0 305.0 269.0 Grasp 0
246.0 137.0 216.0 60.0 243.0 49.0 273.0 126.0 Grasp 0
401.0 10.0 401.0 92.0 372.0 92.0 372.0 10.0 Grasp 0
267.0 276.0 256.0 221.0 285.0 216.0 296.0 270.0 Grasp 0
481.0 266.0 410.0 189.0 432.0 169.0 502.0 247.0 Grasp 0
481.0 251.0 466.0 171.0 495.0 166.0 510.0 246.0 Grasp 0
246.0 287.0 223.0 227.0 251.0 217.0 274.0 276.0 Grasp 0
288.0 273.0 277.0 217.0 306.0 212.0 317.0 267.0 Grasp 0
477.0 257.0 447.0 179.0 474.0 169.0 504.0 247.0 Grasp 0
271.0 220.0 259.0 286.0 230.0 280.0 242.0 214.0 Grasp 0
461.0 269.0 393.0 194.0 414.0 174.0 482.0 249.0 Grasp 0
468.0 262.0 436.0 180.0 463.0 169.0 495.0 251.0 Grasp 0
400.0 198.0 313.0 293.0 291.0 273.0 378.0 178.0 Grasp 0
488.0 258.0 428.0 191.0 449.0 172.0 510.0 238.0 Grasp 0
233.0 145.0 190.0 74.0 214.0 59.0 258.0 129.0 Grasp 0
