378.0 375.0 358.0 322.0 384.0 312.0 405.0 365.0 Grasp 0
336.0 383.0 266.0 331.0 284.0 308.0 353.0 361.0 Grasp 0
365.0 322.0 345.0 373.0 318.0 363.0 338.0 311.0 Grasp 0
452.0 324.0 431.0 377.0 404.0 366.0 424.0 313.0 Grasp 0
485.0 326.0 465.0 378.0 438.0 367.0 458.0 316.0 Grasp 0
347.0 322.0 314.0 375.0 289.0 360.0 322.0 307.0 Grasp 0
332.0 244.0 263.0 278.0 250.0 251.0 318.0 217.0 Grasp 0
308.0 377.0 266.0 331.0 287.0 312.0 329.0 358.0 Grasp 0
329.0 324.0 287.0 370.0 266.0 351.0 308.0 305.0 Grasp 0
357.0 322.0 324.0 376.0 299.0 361.0 333.0 307.0 Grasp 0
377.0 322.0 368.0 369.0 340.0 364.0 349.0 316.0 Grasp 0
407.0 381.0 371.0 323.0 395.0 308.0 431.0 366.0 Grasp 0
318.0 285.0 248.0 251.0 262.0 223.0 332.0 258.0 Grasp 0
498.0 329.0 479.0 378.0 452.0 367.0 471.0 318.0 Grasp 0
331.0 266.0 251.0 258.0 254.0 228.0 334.0 235.0 Grasp 0
472.0 325.0 451.0 377.0 424.0 367.0 445.0 314.0 Grasp 0
336.0 322.0 304.0 374.0 280.0 359.0 312.0 307.0 Grasp 0
431.0 385.0 376.0 324.0 397.0 304.0 453.0 366.0 Grasp 0
361.0 370.0 352.0 321.0 380.0 316.0 390.0 365.0 Grasp 0
452.0 324.0 397.0 384.0 376.0 364.0 430.0 305.0 Grasp 0
340.0 254.0 268.0 290.0 255.0 263.0 326.0 227.0 Grasp 0
477.0 377.0 445.0 325.0 470.0 310.0 502.0 361.0 Grasp 0
289.0 371.0 264.0 332.0 289.0 317.0 313.0 356.0 Grasp 0
462.0 324.0 442.0 377.0 414.0 367.0 435.0 313.0 Grasp 0
367.0 130.0 319.0 166.0 301.0 143.0 349.0 107.0 Grasp 0
469.0 378.0 435.0 324.0 460.0 308.0 493.0 363.0 Grasp 0
366.0 120.0 305.0 138.0 297.0 110.0 358.0 92.0 Grasp 0
441.0 323.0 420.0 377.0 393.0 366.0 414.0 313.0 Grasp 0
