464.0 294.0 452.0 361.0 421.0 355.0 434.0 288.0 Grasp 0
450.0 292.0 423.0 362.0 394.0 351.0 421.0 280.0 Grasp 0
414.0 256.0 314.0 285.0 305.0 254.0 405.0 225.0 Grasp 0
541.0 315.0 526.0 237.0 555.0 232.0 569.0 310.0 Grasp 0
371.0 186.0 326.0 234.0 303.0 213.0 347.0 164.0 Grasp 0
521.0 295.0 492.0 372.0 462.0 360.0 492.0 284.0 Grasp 0
428.0 293.0 378.0 375.0 351.0 358.0 402.0 277.0 Grasp 0
412.0 296.0 386.0 316.0 366.0 289.0 391.0 269.0 Grasp 0
433.0 292.0 421.0 359.0 390.0 353.0 402.0 286.0 Grasp 0
490.0 293.0 477.0 364.0 446.0 358.0 459.0 287.0 Grasp 0
474.0 365.0 460.0 292.0 491.0 287.0 505.0 359.0 Grasp 0
464.0 169.0 389.0 162.0 391.0 134.0 467.0 141.0 Grasp 0
539.0 318.0 513.0 250.0 540.0 239.0 566.0 308.0 Grasp 0
394.0 246.0 362.0 194.0 388.0 178.0 421.0 230.0 Grasp 0
560.0 311.0 533.0 243.0 560.0 232.0 587.0 300.0 Grasp 0
588.0 307.0 558.0 230.0 585.0 220.0 614.0 296.0 Grasp 0
573.0 224.0 573.0 314.0 544.0 314.0 544.0 224.0 Grasp 0
508.0 356.0 487.0 302.0 516.0 290.0 537.0 344.0 Grasp 0
406.0 231.0 379.0 187.0 406.0 170.0 433.0 214.0 Grasp 0
361.0 150.0 319.0 217.0 292.0 201.0 334.0 133.0 Grasp 0
534.0 302.0 508.0 369.0 479.0 358.0 505.0 291.0 Grasp 0
417.0 306.0 370.0 319.0 361.0 287.0 407.0 273.0 Grasp 0
336.0 137.0 229.0 147.0 227.0 117.0 333.0 107.0 Grasp 0
447.0 292.0 399.0 370.0 372.0 353.0 421.0 275.0 Grasp 0
469.0 293.0 469.0 356.0 438.0 356.0 438.0 293.0 Grasp 0
577.0 309.0 548.0 235.0 575.0 225.0 604.0 299.0 Grasp 0
532.0 334.0 448.0 271.0 466.0 248.0 549.0 311.0 Grasp 0
521.0 354.0 473.0 301.0 496.0 280.0 544.0 333.0 Grasp 0
402.0 235.0 369.0 198.0 392.0 177.0 426.0 213.0 Grasp 0
486.0 360.0 474.0 293.0 504.0 287.0 517.0 354.0 Grasp 0
416.0 296.0 362.0 312.0 352.0 279.0 407.0 264.0 Grasp 0
508.0 291.0 479.0 367.0 449.0 356.0 479.0 279.0 Grasp 0
362.0 135.0 321.0 201.0 294.0 184.0 335.0 119.0 Grasp 0
437.0 219.0 325.0 251.0 317.0 221.0 429.0 189.0 Grasp 0
406.0 261.0 323.0 253.0 326.0 222.0 409.0 230.0 Grasp 0
480.0 195.0 390.0 169.0 397.0 141.0 488.0 167.0 Grasp 0
586.0 223.0 586.0 307.0 557.0 307.0 557.0 223.0 Grasp 0
427.0 292.0 391.0 331.0 365.0 309.0 402.0 269.0 Grasp 0
241.0 280.0 241.0 370.0 210.0 370.0 210.0 280.0 Grasp 0
