377.0 163.0 318.0 157.0 321.0 128.0 380.0 134.0 Grasp 0
397.0 200.0 337.0 183.0 345.0 155.0 404.0 172.0 Grasp 0
370.0 235.0 321.0 198.0 339.0 174.0 388.0 211.0 Grasp 0
375.0 195.0 315.0 178.0 323.0 150.0 383.0 167.0 Grasp 0
378.0 137.0 329.0 113.0 343.0 87.0 391.0 111.0 Grasp 0
387.0 182.0 327.0 165.0 335.0 136.0 395.0 154.0 Grasp 0
420.0 311.0 413.0 349.0 385.0 343.0 392.0 306.0 Grasp 0
534.0 106.0 485.0 81.0 498.0 55.0 547.0 80.0 Grasp 0
265.0 179.0 246.0 278.0 217.0 273.0 236.0 173.0 Grasp 0
291.0 189.0 235.0 250.0 213.0 231.0 269.0 169.0 Grasp 0
388.0 133.0 340.0 110.0 353.0 84.0 401.0 108.0 Grasp 0
407.0 312.0 391.0 352.0 365.0 342.0 380.0 302.0 Grasp 0
400.0 307.0 377.0 344.0 352.0 329.0 375.0 292.0 Grasp 0
245.0 177.0 245.0 274.0 215.0 274.0 215.0 177.0 Grasp 0
414.0 300.0 407.0 337.0 379.0 332.0 386.0 295.0 Grasp 0
375.0 321.0 341.0 347.0 323.0 324.0 357.0 298.0 Grasp 0
376.0 312.0 341.0 339.0 323.0 315.0 358.0 289.0 Grasp 0
523.0 112.0 473.0 87.0 486.0 61.0 536.0 86.0 Grasp 0
513.0 135.0 471.0 102.0 488.0 79.0 531.0 111.0 Grasp 0
385.0 322.0 356.0 354.0 334.0 334.0 364.0 302.0 Grasp 0
439.0 312.0 424.0 353.0 397.0 342.0 412.0 302.0 Grasp 0
390.0 167.0 333.0 151.0 341.0 123.0 398.0 139.0 Grasp 0
376.0 152.0 319.0 146.0 322.0 117.0 379.0 123.0 Grasp 0
558.0 91.0 503.0 76.0 512.0 47.0 566.0 62.0 Grasp 0
529.0 98.0 473.0 103.0 470.0 75.0 526.0 69.0 Grasp 0
396.0 318.0 381.0 358.0 354.0 347.0 370.0 307.0 Grasp 0
368.0 183.0 311.0 167.0 319.0 139.0 376.0 155.0 Grasp 0
517.0 135.0 461.0 129.0 464.0 100.0 520.0 105.0 Grasp 0
382.0 145.0 330.0 130.0 338.0 102.0 390.0 117.0 Grasp 0
382.0 210.0 325.0 182.0 338.0 156.0 395.0 184.0 Grasp 0
441.0 298.0 433.0 339.0 405.0 334.0 413.0 293.0 Grasp 0
510.0 121.0 466.0 99.0 479.0 73.0 523.0 95.0 Grasp 0
506.0 162.0 469.0 122.0 491.0 102.0 528.0 142.0 Grasp 0
366.0 168.0 307.0 163.0 310.0 134.0 369.0 140.0 Grasp 0
288.0 182.0 249.0 281.0 222.0 270.0 260.0 171.0 Grasp 0
522.0 120.0 477.0 98.0 490.0 72.0 535.0 94.0 Grasp 0
359.0 253.0 318.0 208.0 339.0 188.0 380.0 233.0 Grasp 0
390.0 311.0 361.0 342.0 340.0 323.0 368.0 291.0 Grasp 0
394.0 126.0 346.0 102.0 359.0 76.0 407.0 100.0 Grasp 0
369.0 217.0 305.0 185.0 318.0 159.0 382.0 191.0 Grasp 0
372.0 127.0 324.0 103.0 337.0 77.0 385.0 101.0 Grasp 0
520.0 132.0 475.0 120.0 483.0 91.0 528.0 104.0 Grasp 0
432.0 301.0 425.0 340.0 396.0 335.0 403.0 296.0 Grasp 0
524.0 99.0 508.0 57.0 535.0 46.0 552.0 89.0 Grasp 0
496.0 148.0 458.0 120.0 476.0 96.0 514.0 125.0 Grasp 0
330.0 358.0 312.0 329.0 337.0 313.0 355.0 342.0 Grasp 0
