317.0 202.0 291.0 221.0 278.0 204.0 304.0 184.0 Grasp 0
305.0 185.0 282.0 203.0 268.0 186.0 292.0 168.0 Grasp 0
297.0 175.0 274.0 192.0 261.0 174.0 283.0 157.0 Grasp 0
310.0 192.0 286.0 210.0 273.0 193.0 297.0 174.0 Grasp 0
319.0 210.0 299.0 226.0 285.0 208.0 306.0 192.0 Grasp 0
355.0 274.0 315.0 271.0 318.0 249.0 357.0 252.0 Grasp 0
295.0 168.0 269.0 188.0 255.0 170.0 282.0 150.0 Grasp 0
327.0 220.0 305.0 236.0 292.0 218.0 313.0 202.0 Grasp 0
304.0 179.0 275.0 201.0 262.0 183.0 291.0 161.0 Grasp 0
331.0 230.0 313.0 244.0 300.0 227.0 318.0 213.0 Grasp 0
345.0 244.0 332.0 265.0 313.0 254.0 327.0 232.0 Grasp 0
362.0 286.0 327.0 283.0 329.0 261.0 364.0 265.0 Grasp 0
342.0 253.0 330.0 263.0 317.0 245.0 329.0 236.0 Grasp 0
350.0 234.0 350.0 291.0 328.0 291.0 328.0 234.0 Grasp 0
350.0 270.0 330.0 275.0 325.0 254.0 344.0 249.0 Grasp 0
351.0 262.0 339.0 276.0 323.0 261.0 335.0 248.0 Grasp 0
359.0 257.0 352.0 295.0 331.0 291.0 338.0 253.0 Grasp 0
