360.0 275.0 339.0 221.0 360.0 213.0 381.0 267.0 Grasp 0
360.0 221.0 351.0 271.0 328.0 266.0 337.0 217.0 Grasp 0
321.0 221.0 301.0 273.0 279.0 264.0 299.0 213.0 Grasp 0
339.0 215.0 339.0 271.0 316.0 271.0 316.0 215.0 Grasp 0
300.0 219.0 279.0 274.0 257.0 266.0 279.0 211.0 Grasp 0
352.0 216.0 341.0 275.0 319.0 271.0 330.0 212.0 Grasp 0
333.0 275.0 312.0 220.0 334.0 212.0 355.0 267.0 Grasp 0
334.0 217.0 311.0 275.0 290.0 267.0 312.0 209.0 Grasp 0
335.0 220.0 325.0 271.0 303.0 267.0 312.0 215.0 Grasp 0
305.0 217.0 295.0 273.0 272.0 269.0 283.0 213.0 Grasp 0
378.0 214.0 353.0 278.0 331.0 270.0 356.0 206.0 Grasp 0
369.0 214.0 369.0 272.0 346.0 272.0 346.0 214.0 Grasp 0
350.0 275.0 329.0 220.0 351.0 211.0 372.0 267.0 Grasp 0
342.0 280.0 317.0 215.0 338.0 207.0 364.0 272.0 Grasp 0
295.0 276.0 274.0 219.0 295.0 211.0 317.0 267.0 Grasp 0
274.0 272.0 254.0 220.0 275.0 212.0 295.0 264.0 Grasp 0
348.0 220.0 327.0 275.0 306.0 267.0 327.0 212.0 Grasp 0
288.0 218.0 279.0 268.0 256.0 264.0 266.0 214.0 Grasp 0
315.0 218.0 315.0 268.0 293.0 268.0 293.0 218.0 Grasp 0
