384.0 240.0 359.0 177.0 380.0 169.0 405.0 232.0 Grasp 0
345.0 270.0 307.0 209.0 326.0 198.0 364.0 259.0 Grasp 0
338.0 283.0 284.0 223.0 300.0 208.0 355.0 268.0 Grasp 0
360.0 259.0 333.0 189.0 354.0 181.0 381.0 251.0 Grasp 0
290.0 308.0 252.0 246.0 271.0 234.0 310.0 296.0 Grasp 0
325.0 294.0 268.0 232.0 285.0 217.0 342.0 279.0 Grasp 0
394.0 237.0 345.0 184.0 362.0 169.0 410.0 222.0 Grasp 0
317.0 303.0 257.0 237.0 273.0 222.0 333.0 288.0 Grasp 0
367.0 263.0 311.0 201.0 327.0 186.0 384.0 248.0 Grasp 0
354.0 273.0 308.0 199.0 327.0 187.0 373.0 261.0 Grasp 0
376.0 247.0 340.0 189.0 359.0 177.0 395.0 235.0 Grasp 0
402.0 236.0 350.0 178.0 366.0 163.0 419.0 220.0 Grasp 0
302.0 299.0 257.0 250.0 274.0 235.0 319.0 284.0 Grasp 0
291.0 311.0 242.0 257.0 259.0 242.0 308.0 296.0 Grasp 0
307.0 304.0 246.0 259.0 260.0 241.0 320.0 286.0 Grasp 0
381.0 259.0 319.0 190.0 335.0 175.0 398.0 244.0 Grasp 0
341.0 275.0 293.0 222.0 310.0 207.0 358.0 260.0 Grasp 0
333.0 291.0 273.0 225.0 290.0 210.0 350.0 276.0 Grasp 0
378.0 245.0 353.0 181.0 374.0 172.0 399.0 237.0 Grasp 0
