313.0 111.0 277.0 169.0 258.0 157.0 294.0 99.0 Grasp 0
325.0 117.0 288.0 177.0 269.0 166.0 306.0 106.0 Grasp 0
333.0 135.0 306.0 180.0 287.0 169.0 315.0 124.0 Grasp 0
344.0 129.0 306.0 191.0 287.0 179.0 326.0 117.0 Grasp 0
364.0 143.0 328.0 201.0 309.0 189.0 345.0 132.0 Grasp 0
313.0 123.0 287.0 164.0 269.0 152.0 294.0 111.0 Grasp 0
384.0 172.0 351.0 209.0 334.0 194.0 368.0 157.0 Grasp 0
287.0 108.0 263.0 147.0 244.0 136.0 268.0 96.0 Grasp 0
390.0 184.0 374.0 210.0 355.0 198.0 371.0 173.0 Grasp 0
328.0 129.0 299.0 175.0 280.0 164.0 309.0 118.0 Grasp 0
375.0 160.0 346.0 207.0 327.0 196.0 356.0 149.0 Grasp 0
426.0 217.0 412.0 233.0 396.0 218.0 410.0 202.0 Grasp 0
300.0 106.0 278.0 162.0 257.0 154.0 279.0 98.0 Grasp 0
364.0 157.0 341.0 195.0 322.0 184.0 345.0 145.0 Grasp 0
351.0 135.0 314.0 193.0 296.0 182.0 332.0 123.0 Grasp 0
310.0 109.0 260.0 164.0 243.0 149.0 294.0 94.0 Grasp 0
299.0 110.0 258.0 155.0 241.0 140.0 282.0 95.0 Grasp 0
355.0 146.0 327.0 192.0 308.0 180.0 336.0 135.0 Grasp 0
408.0 204.0 399.0 219.0 380.0 208.0 389.0 192.0 Grasp 0
295.0 98.0 272.0 157.0 252.0 149.0 274.0 90.0 Grasp 0
393.0 191.0 381.0 210.0 363.0 198.0 374.0 180.0 Grasp 0
399.0 172.0 390.0 217.0 369.0 212.0 377.0 168.0 Grasp 0
380.0 162.0 361.0 211.0 341.0 203.0 360.0 154.0 Grasp 0
462.0 242.0 449.0 257.0 433.0 242.0 446.0 227.0 Grasp 0
438.0 226.0 424.0 241.0 408.0 226.0 422.0 211.0 Grasp 0
416.0 208.0 406.0 225.0 387.0 213.0 397.0 197.0 Grasp 0
388.0 178.0 367.0 212.0 348.0 200.0 369.0 167.0 Grasp 0
