302.0 225.0 291.0 287.0 269.0 283.0 281.0 221.0 Grasp 0
358.0 221.0 343.0 300.0 322.0 296.0 337.0 217.0 Grasp 0
339.0 229.0 315.0 291.0 294.0 283.0 318.0 221.0 Grasp 0
345.0 226.0 345.0 290.0 323.0 290.0 323.0 226.0 Grasp 0
308.0 218.0 308.0 292.0 286.0 292.0 286.0 218.0 Grasp 0
292.0 288.0 259.0 235.0 278.0 223.0 311.0 277.0 Grasp 0
377.0 236.0 355.0 291.0 335.0 283.0 356.0 228.0 Grasp 0
361.0 219.0 361.0 298.0 339.0 298.0 339.0 219.0 Grasp 0
325.0 220.0 311.0 295.0 290.0 291.0 304.0 216.0 Grasp 0
342.0 228.0 330.0 291.0 308.0 287.0 320.0 224.0 Grasp 0
351.0 296.0 325.0 228.0 346.0 220.0 372.0 288.0 Grasp 0
296.0 222.0 283.0 289.0 262.0 285.0 274.0 218.0 Grasp 0
356.0 302.0 341.0 221.0 362.0 217.0 377.0 298.0 Grasp 0
276.0 287.0 265.0 226.0 286.0 222.0 298.0 283.0 Grasp 0
328.0 219.0 328.0 294.0 307.0 294.0 307.0 219.0 Grasp 0
295.0 302.0 262.0 216.0 282.0 208.0 316.0 294.0 Grasp 0
319.0 220.0 290.0 295.0 269.0 287.0 298.0 212.0 Grasp 0
311.0 231.0 276.0 287.0 257.0 276.0 292.0 219.0 Grasp 0
