307.0 198.0 274.0 251.0 256.0 239.0 288.0 186.0 Grasp 0
284.0 183.0 241.0 231.0 225.0 216.0 268.0 168.0 Grasp 0
280.0 184.0 236.0 217.0 222.0 200.0 266.0 167.0 Grasp 0
382.0 261.0 351.0 312.0 332.0 300.0 363.0 250.0 Grasp 0
304.0 199.0 261.0 247.0 244.0 232.0 288.0 184.0 Grasp 0
354.0 252.0 324.0 284.0 308.0 269.0 337.0 237.0 Grasp 0
295.0 181.0 240.0 241.0 223.0 226.0 279.0 166.0 Grasp 0
257.0 156.0 257.0 229.0 235.0 229.0 235.0 156.0 Grasp 0
334.0 221.0 300.0 275.0 281.0 264.0 315.0 209.0 Grasp 0
384.0 264.0 365.0 313.0 344.0 305.0 363.0 256.0 Grasp 0
346.0 229.0 311.0 285.0 293.0 273.0 328.0 217.0 Grasp 0
276.0 164.0 234.0 231.0 215.0 219.0 257.0 152.0 Grasp 0
391.0 274.0 354.0 314.0 338.0 300.0 375.0 259.0 Grasp 0
297.0 195.0 219.0 217.0 213.0 196.0 291.0 174.0 Grasp 0
329.0 215.0 295.0 270.0 276.0 259.0 310.0 204.0 Grasp 0
364.0 249.0 324.0 293.0 308.0 278.0 348.0 234.0 Grasp 0
296.0 187.0 263.0 240.0 244.0 228.0 277.0 176.0 Grasp 0
317.0 215.0 290.0 258.0 272.0 247.0 299.0 203.0 Grasp 0
366.0 254.0 338.0 299.0 320.0 288.0 348.0 242.0 Grasp 0
347.0 241.0 322.0 281.0 303.0 269.0 328.0 229.0 Grasp 0
376.0 255.0 343.0 309.0 325.0 297.0 358.0 244.0 Grasp 0
388.0 272.0 372.0 313.0 351.0 305.0 367.0 264.0 Grasp 0
310.0 214.0 278.0 250.0 261.0 235.0 294.0 199.0 Grasp 0
290.0 194.0 254.0 233.0 237.0 218.0 273.0 179.0 Grasp 0
333.0 233.0 310.0 271.0 291.0 260.0 315.0 222.0 Grasp 0
394.0 279.0 381.0 314.0 360.0 307.0 374.0 271.0 Grasp 0
277.0 176.0 229.0 213.0 216.0 195.0 264.0 159.0 Grasp 0
