391.0 285.0 341.0 323.0 328.0 305.0 378.0 267.0 Grasp 0
360.0 241.0 311.0 278.0 298.0 260.0 346.0 223.0 Grasp 0
352.0 229.0 303.0 266.0 289.0 248.0 338.0 211.0 Grasp 0
384.0 262.0 321.0 309.0 308.0 292.0 370.0 244.0 Grasp 0
391.0 278.0 323.0 313.0 313.0 293.0 382.0 258.0 Grasp 0
348.0 220.0 298.0 258.0 284.0 240.0 334.0 202.0 Grasp 0
391.0 291.0 310.0 298.0 308.0 276.0 389.0 269.0 Grasp 0
377.0 254.0 318.0 298.0 305.0 280.0 363.0 236.0 Grasp 0
387.0 253.0 338.0 331.0 320.0 319.0 368.0 241.0 Grasp 0
342.0 198.0 276.0 248.0 262.0 230.0 328.0 180.0 Grasp 0
350.0 206.0 284.0 256.0 270.0 238.0 337.0 188.0 Grasp 0
325.0 173.0 263.0 220.0 249.0 202.0 312.0 155.0 Grasp 0
374.0 244.0 309.0 293.0 296.0 275.0 360.0 226.0 Grasp 0
338.0 193.0 265.0 229.0 255.0 209.0 328.0 172.0 Grasp 0
364.0 227.0 297.0 278.0 283.0 260.0 351.0 209.0 Grasp 0
337.0 209.0 290.0 245.0 277.0 227.0 324.0 192.0 Grasp 0
320.0 163.0 278.0 232.0 258.0 220.0 301.0 151.0 Grasp 0
