313.0 159.0 273.0 224.0 254.0 212.0 294.0 148.0 Grasp 0
446.0 244.0 410.0 302.0 391.0 290.0 427.0 233.0 Grasp 0
395.0 219.0 373.0 274.0 353.0 266.0 374.0 211.0 Grasp 0
433.0 239.0 401.0 291.0 382.0 279.0 414.0 227.0 Grasp 0
344.0 179.0 304.0 242.0 286.0 231.0 325.0 167.0 Grasp 0
418.0 242.0 395.0 280.0 376.0 268.0 399.0 230.0 Grasp 0
449.0 254.0 420.0 301.0 401.0 289.0 430.0 242.0 Grasp 0
329.0 180.0 284.0 229.0 268.0 214.0 313.0 165.0 Grasp 0
373.0 212.0 347.0 253.0 329.0 242.0 354.0 200.0 Grasp 0
296.0 150.0 242.0 210.0 225.0 195.0 280.0 136.0 Grasp 0
321.0 160.0 293.0 231.0 273.0 223.0 300.0 152.0 Grasp 0
353.0 190.0 331.0 245.0 311.0 238.0 332.0 182.0 Grasp 0
359.0 196.0 312.0 247.0 296.0 233.0 343.0 181.0 Grasp 0
298.0 157.0 264.0 212.0 246.0 200.0 280.0 145.0 Grasp 0
454.0 263.0 430.0 301.0 411.0 289.0 435.0 251.0 Grasp 0
323.0 173.0 275.0 226.0 259.0 211.0 307.0 159.0 Grasp 0
328.0 169.0 304.0 232.0 283.0 224.0 307.0 161.0 Grasp 0
409.0 225.0 386.0 284.0 365.0 276.0 388.0 217.0 Grasp 0
308.0 166.0 263.0 216.0 246.0 202.0 292.0 152.0 Grasp 0
435.0 247.0 407.0 292.0 388.0 280.0 416.0 235.0 Grasp 0
381.0 212.0 363.0 259.0 342.0 251.0 361.0 204.0 Grasp 0
454.0 248.0 443.0 308.0 421.0 304.0 432.0 244.0 Grasp 0
291.0 140.0 262.0 215.0 242.0 207.0 271.0 132.0 Grasp 0
273.0 139.0 237.0 197.0 219.0 186.0 254.0 128.0 Grasp 0
362.0 198.0 341.0 254.0 320.0 246.0 342.0 190.0 Grasp 0
331.0 178.0 311.0 229.0 291.0 221.0 311.0 170.0 Grasp 0
274.0 127.0 259.0 212.0 237.0 208.0 253.0 123.0 Grasp 0
334.0 187.0 293.0 232.0 277.0 217.0 318.0 172.0 Grasp 0
283.0 144.0 247.0 203.0 228.0 191.0 264.0 133.0 Grasp 0
342.0 193.0 317.0 234.0 298.0 223.0 323.0 182.0 Grasp 0
405.0 234.0 382.0 271.0 363.0 259.0 386.0 223.0 Grasp 0
