353.0 173.0 298.0 200.0 288.0 179.0 342.0 152.0 Grasp 0
388.0 223.0 342.0 258.0 328.0 239.0 374.0 204.0 Grasp 0
394.0 230.0 346.0 266.0 332.0 248.0 380.0 212.0 Grasp 0
370.0 189.0 317.0 229.0 303.0 211.0 356.0 171.0 Grasp 0
432.0 269.0 372.0 314.0 358.0 296.0 418.0 250.0 Grasp 0
364.0 174.0 315.0 228.0 298.0 212.0 347.0 158.0 Grasp 0
415.0 262.0 371.0 295.0 357.0 276.0 401.0 244.0 Grasp 0
381.0 203.0 326.0 244.0 312.0 225.0 367.0 184.0 Grasp 0
404.0 243.0 355.0 279.0 341.0 261.0 390.0 224.0 Grasp 0
350.0 167.0 312.0 209.0 295.0 194.0 333.0 152.0 Grasp 0
386.0 211.0 333.0 251.0 319.0 233.0 372.0 193.0 Grasp 0
410.0 255.0 367.0 287.0 353.0 269.0 396.0 236.0 Grasp 0
362.0 175.0 306.0 217.0 292.0 199.0 348.0 157.0 Grasp 0
423.0 249.0 393.0 326.0 371.0 318.0 401.0 240.0 Grasp 0
424.0 250.0 358.0 300.0 344.0 281.0 410.0 231.0 Grasp 0
413.0 244.0 354.0 288.0 340.0 270.0 399.0 226.0 Grasp 0
430.0 260.0 364.0 310.0 350.0 291.0 416.0 242.0 Grasp 0
403.0 232.0 346.0 275.0 332.0 257.0 389.0 214.0 Grasp 0
379.0 193.0 317.0 239.0 304.0 221.0 365.0 175.0 Grasp 0
362.0 188.0 287.0 195.0 285.0 172.0 359.0 165.0 Grasp 0
