330.0 213.0 303.0 281.0 283.0 273.0 309.0 205.0 Grasp 0
325.0 264.0 250.0 257.0 252.0 235.0 327.0 242.0 Grasp 0
327.0 242.0 251.0 235.0 253.0 213.0 329.0 220.0 Grasp 0
337.0 279.0 322.0 304.0 303.0 293.0 318.0 268.0 Grasp 0
331.0 276.0 313.0 295.0 297.0 280.0 315.0 261.0 Grasp 0
262.0 292.0 245.0 273.0 261.0 258.0 278.0 277.0 Grasp 0
252.0 301.0 237.0 284.0 253.0 269.0 269.0 286.0 Grasp 0
342.0 224.0 300.0 292.0 281.0 281.0 323.0 212.0 Grasp 0
339.0 250.0 304.0 288.0 287.0 273.0 323.0 235.0 Grasp 0
315.0 245.0 265.0 220.0 275.0 200.0 325.0 225.0 Grasp 0
324.0 279.0 252.0 272.0 254.0 250.0 326.0 257.0 Grasp 0
277.0 289.0 237.0 225.0 256.0 213.0 296.0 278.0 Grasp 0
317.0 249.0 260.0 244.0 262.0 222.0 319.0 227.0 Grasp 0
327.0 230.0 255.0 250.0 249.0 229.0 321.0 208.0 Grasp 0
265.0 286.0 247.0 267.0 264.0 252.0 281.0 271.0 Grasp 0
340.0 236.0 248.0 262.0 242.0 241.0 334.0 215.0 Grasp 0
325.0 257.0 250.0 220.0 259.0 200.0 334.0 238.0 Grasp 0
337.0 291.0 319.0 304.0 305.0 287.0 323.0 273.0 Grasp 0
271.0 285.0 243.0 254.0 259.0 239.0 288.0 270.0 Grasp 0
256.0 298.0 240.0 272.0 258.0 261.0 274.0 287.0 Grasp 0
274.0 275.0 251.0 217.0 272.0 209.0 294.0 267.0 Grasp 0
325.0 214.0 283.0 282.0 264.0 270.0 306.0 202.0 Grasp 0
288.0 277.0 261.0 207.0 282.0 199.0 309.0 269.0 Grasp 0
