298.0 260.0 243.0 219.0 257.0 200.0 312.0 242.0 Grasp 0
444.0 164.0 415.0 239.0 393.0 231.0 422.0 155.0 Grasp 0
468.0 177.0 424.0 248.0 404.0 236.0 448.0 165.0 Grasp 0
513.0 265.0 430.0 258.0 433.0 234.0 516.0 242.0 Grasp 0
510.0 282.0 424.0 274.0 426.0 251.0 512.0 259.0 Grasp 0
290.0 278.0 229.0 232.0 243.0 213.0 304.0 260.0 Grasp 0
491.0 302.0 428.0 296.0 431.0 273.0 494.0 279.0 Grasp 0
487.0 315.0 420.0 296.0 427.0 273.0 494.0 292.0 Grasp 0
331.0 229.0 263.0 178.0 277.0 159.0 345.0 210.0 Grasp 0
306.0 264.0 234.0 244.0 241.0 221.0 312.0 242.0 Grasp 0
431.0 156.0 399.0 240.0 377.0 232.0 410.0 147.0 Grasp 0
494.0 296.0 425.0 276.0 432.0 253.0 500.0 273.0 Grasp 0
510.0 274.0 428.0 266.0 430.0 243.0 512.0 250.0 Grasp 0
490.0 187.0 439.0 270.0 419.0 257.0 470.0 175.0 Grasp 0
413.0 145.0 395.0 241.0 372.0 236.0 390.0 141.0 Grasp 0
482.0 188.0 442.0 253.0 422.0 241.0 463.0 176.0 Grasp 0
459.0 177.0 419.0 242.0 399.0 230.0 440.0 164.0 Grasp 0
325.0 242.0 252.0 186.0 266.0 168.0 339.0 223.0 Grasp 0
