352.0 235.0 319.0 244.0 313.0 223.0 346.0 214.0 Grasp 0
326.0 80.0 255.0 73.0 257.0 51.0 328.0 58.0 Grasp 0
337.0 169.0 305.0 185.0 296.0 165.0 328.0 149.0 Grasp 0
321.0 97.0 269.0 102.0 267.0 80.0 319.0 75.0 Grasp 0
327.0 76.0 285.0 107.0 272.0 90.0 314.0 58.0 Grasp 0
341.0 204.0 315.0 212.0 309.0 191.0 335.0 183.0 Grasp 0
325.0 65.0 268.0 93.0 258.0 74.0 315.0 45.0 Grasp 0
348.0 213.0 313.0 223.0 307.0 202.0 342.0 192.0 Grasp 0
319.0 142.0 302.0 147.0 296.0 126.0 313.0 121.0 Grasp 0
356.0 254.0 327.0 262.0 321.0 241.0 350.0 233.0 Grasp 0
330.0 165.0 305.0 173.0 299.0 152.0 324.0 144.0 Grasp 0
355.0 246.0 323.0 255.0 317.0 234.0 349.0 225.0 Grasp 0
318.0 54.0 266.0 81.0 256.0 61.0 308.0 35.0 Grasp 0
348.0 224.0 318.0 232.0 312.0 211.0 342.0 203.0 Grasp 0
309.0 27.0 281.0 101.0 260.0 93.0 288.0 19.0 Grasp 0
321.0 38.0 267.0 97.0 251.0 82.0 305.0 23.0 Grasp 0
327.0 77.0 251.0 55.0 257.0 34.0 333.0 56.0 Grasp 0
336.0 183.0 306.0 191.0 300.0 170.0 330.0 162.0 Grasp 0
330.0 156.0 302.0 164.0 296.0 143.0 324.0 135.0 Grasp 0
344.0 198.0 310.0 208.0 304.0 186.0 338.0 177.0 Grasp 0
320.0 102.0 284.0 112.0 278.0 91.0 314.0 81.0 Grasp 0
332.0 62.0 271.0 108.0 258.0 90.0 319.0 44.0 Grasp 0
331.0 89.0 258.0 96.0 256.0 74.0 329.0 67.0 Grasp 0
339.0 193.0 310.0 201.0 304.0 180.0 333.0 171.0 Grasp 0
337.0 73.0 294.0 120.0 278.0 105.0 321.0 58.0 Grasp 0
324.0 55.0 252.0 61.0 250.0 39.0 322.0 33.0 Grasp 0
323.0 144.0 295.0 142.0 297.0 120.0 325.0 123.0 Grasp 0
