313.0 181.0 281.0 216.0 264.0 201.0 297.0 166.0 Grasp 0
357.0 235.0 326.0 269.0 310.0 254.0 341.0 220.0 Grasp 0
358.0 225.0 309.0 262.0 296.0 244.0 345.0 207.0 Grasp 0
342.0 210.0 307.0 249.0 290.0 234.0 326.0 195.0 Grasp 0
400.0 270.0 358.0 317.0 341.0 302.0 384.0 255.0 Grasp 0
415.0 277.0 352.0 324.0 339.0 306.0 401.0 259.0 Grasp 0
348.0 215.0 311.0 256.0 294.0 242.0 332.0 200.0 Grasp 0
386.0 260.0 340.0 295.0 327.0 277.0 373.0 242.0 Grasp 0
393.0 256.0 380.0 321.0 359.0 317.0 371.0 252.0 Grasp 0
333.0 190.0 290.0 237.0 274.0 222.0 317.0 175.0 Grasp 0
413.0 311.0 343.0 304.0 345.0 282.0 415.0 289.0 Grasp 0
400.0 259.0 337.0 307.0 323.0 290.0 386.0 242.0 Grasp 0
422.0 283.0 357.0 332.0 344.0 314.0 409.0 265.0 Grasp 0
335.0 207.0 305.0 241.0 289.0 226.0 319.0 192.0 Grasp 0
374.0 251.0 339.0 288.0 323.0 274.0 357.0 236.0 Grasp 0
366.0 244.0 334.0 280.0 318.0 265.0 350.0 229.0 Grasp 0
324.0 188.0 288.0 227.0 272.0 212.0 308.0 173.0 Grasp 0
410.0 272.0 375.0 328.0 356.0 316.0 391.0 260.0 Grasp 0
310.0 176.0 271.0 206.0 258.0 188.0 297.0 158.0 Grasp 0
305.0 169.0 266.0 198.0 253.0 181.0 292.0 151.0 Grasp 0
392.0 266.0 354.0 307.0 338.0 292.0 376.0 251.0 Grasp 0
299.0 169.0 263.0 187.0 253.0 167.0 289.0 149.0 Grasp 0
368.0 239.0 320.0 275.0 307.0 257.0 355.0 222.0 Grasp 0
361.0 223.0 317.0 272.0 301.0 257.0 345.0 209.0 Grasp 0
384.0 245.0 344.0 309.0 326.0 297.0 366.0 233.0 Grasp 0
