374.0 288.0 346.0 309.0 332.0 292.0 361.0 270.0 Grasp 0
381.0 301.0 357.0 319.0 344.0 301.0 368.0 283.0 Grasp 0
372.0 278.0 340.0 302.0 326.0 285.0 358.0 260.0 Grasp 0
343.0 248.0 317.0 268.0 304.0 251.0 330.0 231.0 Grasp 0
389.0 303.0 357.0 327.0 344.0 309.0 375.0 286.0 Grasp 0
332.0 236.0 308.0 255.0 294.0 237.0 319.0 219.0 Grasp 0
355.0 265.0 329.0 284.0 316.0 266.0 341.0 247.0 Grasp 0
350.0 248.0 323.0 278.0 306.0 263.0 334.0 233.0 Grasp 0
340.0 237.0 314.0 265.0 298.0 251.0 324.0 222.0 Grasp 0
381.0 289.0 354.0 319.0 337.0 304.0 365.0 274.0 Grasp 0
361.0 267.0 330.0 291.0 316.0 273.0 348.0 249.0 Grasp 0
342.0 240.0 300.0 261.0 290.0 241.0 332.0 220.0 Grasp 0
383.0 296.0 344.0 316.0 334.0 296.0 373.0 276.0 Grasp 0
331.0 229.0 301.0 252.0 288.0 234.0 318.0 211.0 Grasp 0
363.0 277.0 339.0 296.0 325.0 278.0 350.0 260.0 Grasp 0
349.0 259.0 326.0 277.0 313.0 259.0 336.0 242.0 Grasp 0
