329.0 262.0 275.0 222.0 292.0 201.0 345.0 241.0 Grasp 0
348.0 248.0 291.0 204.0 307.0 182.0 365.0 226.0 Grasp 0
365.0 225.0 310.0 183.0 326.0 161.0 382.0 203.0 Grasp 0
327.0 252.0 286.0 221.0 303.0 199.0 344.0 230.0 Grasp 0
354.0 241.0 294.0 196.0 311.0 174.0 370.0 219.0 Grasp 0
376.0 213.0 316.0 183.0 328.0 159.0 388.0 189.0 Grasp 0
364.0 227.0 321.0 157.0 343.0 143.0 387.0 213.0 Grasp 0
354.0 230.0 305.0 193.0 321.0 172.0 370.0 209.0 Grasp 0
318.0 262.0 277.0 231.0 293.0 210.0 334.0 240.0 Grasp 0
335.0 244.0 294.0 213.0 311.0 192.0 351.0 223.0 Grasp 0
315.0 277.0 267.0 224.0 286.0 206.0 335.0 259.0 Grasp 0
358.0 214.0 326.0 178.0 345.0 160.0 377.0 195.0 Grasp 0
