357.0 243.0 307.0 281.0 293.0 263.0 343.0 225.0 Grasp 0
364.0 248.0 327.0 288.0 311.0 273.0 347.0 233.0 Grasp 0
334.0 212.0 300.0 267.0 281.0 255.0 314.0 200.0 Grasp 0
377.0 262.0 341.0 301.0 325.0 286.0 360.0 246.0 Grasp 0
374.0 244.0 335.0 306.0 316.0 294.0 355.0 232.0 Grasp 0
348.0 223.0 301.0 275.0 285.0 259.0 332.0 208.0 Grasp 0
325.0 199.0 288.0 258.0 269.0 247.0 305.0 188.0 Grasp 0
328.0 213.0 277.0 251.0 263.0 233.0 314.0 195.0 Grasp 0
314.0 203.0 278.0 243.0 261.0 228.0 298.0 187.0 Grasp 0
398.0 281.0 363.0 320.0 346.0 304.0 382.0 266.0 Grasp 0
328.0 217.0 293.0 256.0 276.0 241.0 312.0 202.0 Grasp 0
386.0 265.0 358.0 310.0 339.0 298.0 367.0 253.0 Grasp 0
351.0 213.0 334.0 304.0 312.0 299.0 329.0 209.0 Grasp 0
388.0 273.0 362.0 316.0 343.0 304.0 369.0 261.0 Grasp 0
349.0 228.0 316.0 281.0 297.0 269.0 330.0 216.0 Grasp 0
362.0 230.0 322.0 295.0 303.0 283.0 343.0 218.0 Grasp 0
341.0 211.0 326.0 287.0 304.0 283.0 318.0 206.0 Grasp 0
359.0 238.0 338.0 294.0 316.0 286.0 338.0 230.0 Grasp 0
386.0 274.0 342.0 308.0 328.0 290.0 372.0 256.0 Grasp 0
