331.0 215.0 282.0 178.0 296.0 160.0 345.0 197.0 Grasp 0
352.0 204.0 299.0 177.0 309.0 157.0 362.0 184.0 Grasp 0
354.0 194.0 310.0 160.0 323.0 142.0 368.0 176.0 Grasp 0
320.0 223.0 283.0 183.0 299.0 167.0 336.0 208.0 Grasp 0
340.0 204.0 305.0 165.0 321.0 150.0 356.0 188.0 Grasp 0
305.0 226.0 279.0 183.0 298.0 171.0 324.0 214.0 Grasp 0
365.0 186.0 283.0 194.0 281.0 171.0 363.0 164.0 Grasp 0
329.0 210.0 300.0 162.0 319.0 150.0 348.0 198.0 Grasp 0
365.0 163.0 307.0 227.0 290.0 212.0 349.0 148.0 Grasp 0
324.0 220.0 292.0 169.0 311.0 158.0 343.0 208.0 Grasp 0
356.0 147.0 356.0 199.0 334.0 199.0 334.0 147.0 Grasp 0
306.0 223.0 295.0 167.0 317.0 162.0 328.0 219.0 Grasp 0
345.0 205.0 309.0 148.0 328.0 136.0 364.0 193.0 Grasp 0
357.0 206.0 276.0 183.0 282.0 161.0 363.0 184.0 Grasp 0
352.0 195.0 306.0 172.0 316.0 152.0 362.0 175.0 Grasp 0
337.0 210.0 297.0 180.0 311.0 162.0 351.0 192.0 Grasp 0
