376.0 295.0 309.0 328.0 299.0 308.0 366.0 275.0 Grasp 0
337.0 217.0 285.0 256.0 272.0 238.0 324.0 199.0 Grasp 0
372.0 276.0 292.0 299.0 285.0 277.0 365.0 255.0 Grasp 0
329.0 220.0 286.0 241.0 276.0 221.0 319.0 200.0 Grasp 0
344.0 241.0 292.0 267.0 282.0 247.0 334.0 221.0 Grasp 0
375.0 305.0 319.0 333.0 309.0 313.0 365.0 285.0 Grasp 0
361.0 279.0 308.0 305.0 298.0 285.0 351.0 259.0 Grasp 0
368.0 289.0 311.0 317.0 301.0 297.0 358.0 269.0 Grasp 0
343.0 247.0 277.0 241.0 279.0 219.0 345.0 225.0 Grasp 0
363.0 260.0 293.0 295.0 283.0 275.0 353.0 240.0 Grasp 0
331.0 234.0 283.0 238.0 281.0 216.0 329.0 211.0 Grasp 0
361.0 260.0 288.0 281.0 282.0 260.0 355.0 239.0 Grasp 0
350.0 246.0 292.0 275.0 282.0 255.0 340.0 226.0 Grasp 0
336.0 213.0 298.0 274.0 279.0 262.0 317.0 201.0 Grasp 0
346.0 226.0 285.0 272.0 272.0 254.0 333.0 208.0 Grasp 0
372.0 269.0 303.0 321.0 289.0 303.0 358.0 251.0 Grasp 0
