309.0 126.0 296.0 191.0 274.0 187.0 286.0 121.0 Grasp 0
310.0 232.0 291.0 283.0 270.0 275.0 290.0 224.0 Grasp 0
287.0 216.0 264.0 274.0 243.0 266.0 266.0 208.0 Grasp 0
332.0 133.0 306.0 202.0 284.0 194.0 311.0 125.0 Grasp 0
418.0 178.0 348.0 231.0 334.0 212.0 404.0 160.0 Grasp 0
346.0 318.0 295.0 235.0 314.0 223.0 366.0 306.0 Grasp 0
297.0 239.0 221.0 246.0 219.0 223.0 295.0 216.0 Grasp 0
294.0 206.0 278.0 119.0 300.0 114.0 317.0 202.0 Grasp 0
281.0 236.0 229.0 241.0 227.0 218.0 279.0 213.0 Grasp 0
275.0 194.0 241.0 139.0 260.0 127.0 294.0 182.0 Grasp 0
364.0 292.0 336.0 261.0 353.0 246.0 381.0 276.0 Grasp 0
406.0 255.0 362.0 251.0 364.0 228.0 408.0 232.0 Grasp 0
400.0 266.0 349.0 252.0 355.0 230.0 406.0 244.0 Grasp 0
292.0 301.0 275.0 213.0 297.0 209.0 314.0 297.0 Grasp 0
313.0 215.0 228.0 240.0 222.0 218.0 307.0 193.0 Grasp 0
389.0 157.0 361.0 229.0 340.0 221.0 367.0 149.0 Grasp 0
285.0 205.0 252.0 122.0 273.0 114.0 306.0 197.0 Grasp 0
308.0 248.0 229.0 255.0 227.0 233.0 306.0 225.0 Grasp 0
351.0 254.0 280.0 290.0 270.0 270.0 341.0 234.0 Grasp 0
344.0 309.0 320.0 248.0 341.0 240.0 365.0 301.0 Grasp 0
319.0 242.0 303.0 283.0 282.0 275.0 298.0 234.0 Grasp 0
331.0 317.0 316.0 235.0 338.0 231.0 354.0 313.0 Grasp 0
329.0 244.0 275.0 285.0 261.0 267.0 316.0 226.0 Grasp 0
267.0 229.0 226.0 225.0 228.0 202.0 269.0 206.0 Grasp 0
380.0 293.0 315.0 244.0 328.0 225.0 394.0 275.0 Grasp 0
346.0 148.0 312.0 203.0 292.0 191.0 326.0 136.0 Grasp 0
360.0 308.0 291.0 233.0 308.0 218.0 377.0 293.0 Grasp 0
406.0 169.0 367.0 232.0 348.0 220.0 387.0 157.0 Grasp 0
276.0 211.0 230.0 261.0 213.0 246.0 259.0 196.0 Grasp 0
313.0 303.0 300.0 234.0 322.0 230.0 335.0 299.0 Grasp 0
309.0 305.0 277.0 221.0 298.0 213.0 330.0 297.0 Grasp 0
379.0 162.0 345.0 215.0 326.0 203.0 359.0 150.0 Grasp 0
334.0 241.0 313.0 294.0 292.0 286.0 313.0 232.0 Grasp 0
300.0 237.0 237.0 268.0 227.0 247.0 289.0 216.0 Grasp 0
421.0 198.0 356.0 231.0 345.0 210.0 410.0 178.0 Grasp 0
370.0 146.0 340.0 223.0 319.0 214.0 349.0 138.0 Grasp 0
319.0 229.0 295.0 291.0 274.0 283.0 298.0 221.0 Grasp 0
299.0 227.0 269.0 277.0 249.0 265.0 280.0 216.0 Grasp 0
347.0 246.0 336.0 302.0 314.0 298.0 325.0 242.0 Grasp 0
282.0 198.0 234.0 161.0 247.0 143.0 296.0 180.0 Grasp 0
319.0 211.0 254.0 261.0 240.0 242.0 305.0 193.0 Grasp 0
327.0 128.0 283.0 200.0 263.0 188.0 308.0 116.0 Grasp 0
349.0 247.0 264.0 289.0 254.0 269.0 339.0 227.0 Grasp 0
354.0 245.0 354.0 311.0 331.0 311.0 331.0 245.0 Grasp 0
367.0 153.0 331.0 210.0 311.0 198.0 347.0 140.0 Grasp 0
286.0 220.0 238.0 272.0 221.0 257.0 269.0 204.0 Grasp 0
289.0 231.0 229.0 261.0 219.0 241.0 279.0 211.0 Grasp 0
270.0 219.0 224.0 206.0 231.0 184.0 276.0 196.0 Grasp 0
327.0 237.0 262.0 286.0 249.0 268.0 313.0 219.0 Grasp 0
404.0 177.0 345.0 222.0 331.0 204.0 390.0 159.0 Grasp 0
308.0 232.0 247.0 278.0 234.0 260.0 295.0 214.0 Grasp 0
257.0 209.0 230.0 201.0 236.0 179.0 263.0 187.0 Grasp 0
345.0 162.0 303.0 230.0 283.0 218.0 325.0 150.0 Grasp 0
375.0 286.0 338.0 257.0 351.0 239.0 389.0 267.0 Grasp 0
409.0 239.0 368.0 235.0 371.0 212.0 411.0 216.0 Grasp 0
287.0 229.0 270.0 137.0 293.0 133.0 310.0 225.0 Grasp 0
349.0 211.0 319.0 290.0 298.0 281.0 328.0 203.0 Grasp 0
328.0 233.0 303.0 295.0 282.0 287.0 307.0 224.0 Grasp 0
357.0 302.0 326.0 251.0 345.0 239.0 377.0 290.0 Grasp 0
294.0 236.0 218.0 229.0 220.0 206.0 296.0 213.0 Grasp 0
357.0 212.0 341.0 296.0 319.0 292.0 334.0 208.0 Grasp 0
282.0 202.0 282.0 282.0 259.0 282.0 259.0 202.0 Grasp 0
324.0 135.0 301.0 195.0 280.0 187.0 303.0 126.0 Grasp 0
368.0 252.0 358.0 309.0 335.0 305.0 346.0 248.0 Grasp 0
422.0 226.0 354.0 232.0 352.0 210.0 420.0 203.0 Grasp 0
