310.0 280.0 282.0 310.0 266.0 295.0 293.0 265.0 Grasp 0
272.0 222.0 243.0 269.0 224.0 257.0 253.0 210.0 Grasp 0
286.0 246.0 236.0 271.0 226.0 251.0 276.0 226.0 Grasp 0
293.0 250.0 257.0 289.0 241.0 274.0 276.0 235.0 Grasp 0
277.0 239.0 240.0 267.0 227.0 249.0 264.0 221.0 Grasp 0
267.0 231.0 233.0 257.0 220.0 239.0 254.0 213.0 Grasp 0
285.0 242.0 250.0 280.0 234.0 265.0 269.0 227.0 Grasp 0
330.0 292.0 293.0 332.0 276.0 317.0 313.0 277.0 Grasp 0
318.0 287.0 280.0 315.0 267.0 297.0 304.0 269.0 Grasp 0
302.0 268.0 264.0 297.0 251.0 279.0 289.0 250.0 Grasp 0
298.0 255.0 261.0 295.0 244.0 280.0 281.0 240.0 Grasp 0
325.0 293.0 285.0 324.0 271.0 306.0 311.0 275.0 Grasp 0
331.0 308.0 298.0 333.0 285.0 315.0 317.0 291.0 Grasp 0
310.0 267.0 271.0 310.0 254.0 295.0 294.0 252.0 Grasp 0
302.0 276.0 272.0 299.0 259.0 281.0 288.0 259.0 Grasp 0
285.0 256.0 256.0 278.0 242.0 260.0 272.0 238.0 Grasp 0
