290.0 316.0 242.0 239.0 261.0 227.0 309.0 304.0 Grasp 0
304.0 297.0 253.0 241.0 270.0 225.0 321.0 281.0 Grasp 0
313.0 290.0 261.0 233.0 278.0 218.0 330.0 275.0 Grasp 0
321.0 280.0 272.0 225.0 289.0 210.0 338.0 264.0 Grasp 0
334.0 269.0 284.0 213.0 301.0 198.0 351.0 254.0 Grasp 0
321.0 289.0 262.0 225.0 279.0 210.0 338.0 274.0 Grasp 0
341.0 261.0 294.0 209.0 311.0 194.0 358.0 246.0 Grasp 0
326.0 272.0 281.0 221.0 297.0 206.0 343.0 256.0 Grasp 0
304.0 299.0 243.0 253.0 257.0 235.0 317.0 281.0 Grasp 0
329.0 265.0 303.0 199.0 324.0 191.0 350.0 257.0 Grasp 0
303.0 299.0 239.0 267.0 249.0 247.0 313.0 279.0 Grasp 0
