321.0 269.0 321.0 322.0 298.0 322.0 298.0 269.0 Grasp 0
347.0 262.0 321.0 330.0 300.0 322.0 326.0 254.0 Grasp 0
365.0 314.0 343.0 257.0 364.0 249.0 386.0 306.0 Grasp 0
353.0 312.0 334.0 264.0 355.0 256.0 374.0 304.0 Grasp 0
392.0 308.0 349.0 261.0 366.0 246.0 409.0 293.0 Grasp 0
336.0 320.0 316.0 267.0 337.0 259.0 357.0 312.0 Grasp 0
324.0 331.0 296.0 258.0 317.0 250.0 345.0 323.0 Grasp 0
351.0 255.0 337.0 329.0 315.0 324.0 329.0 250.0 Grasp 0
387.0 313.0 362.0 249.0 383.0 240.0 408.0 305.0 Grasp 0
378.0 319.0 350.0 247.0 371.0 239.0 399.0 311.0 Grasp 0
364.0 254.0 351.0 322.0 329.0 318.0 341.0 250.0 Grasp 0
334.0 256.0 319.0 337.0 297.0 333.0 312.0 252.0 Grasp 0
328.0 324.0 306.0 267.0 327.0 259.0 349.0 316.0 Grasp 0
367.0 256.0 367.0 312.0 345.0 312.0 345.0 256.0 Grasp 0
314.0 267.0 314.0 327.0 291.0 327.0 291.0 267.0 Grasp 0
376.0 244.0 376.0 320.0 353.0 320.0 353.0 244.0 Grasp 0
339.0 324.0 295.0 275.0 312.0 260.0 356.0 308.0 Grasp 0
345.0 320.0 323.0 264.0 344.0 255.0 366.0 312.0 Grasp 0
315.0 325.0 295.0 272.0 316.0 264.0 336.0 317.0 Grasp 0
307.0 328.0 286.0 274.0 307.0 266.0 328.0 320.0 Grasp 0
362.0 323.0 334.0 251.0 355.0 243.0 383.0 315.0 Grasp 0
331.0 328.0 283.0 275.0 299.0 260.0 348.0 313.0 Grasp 0
393.0 250.0 381.0 311.0 359.0 307.0 371.0 246.0 Grasp 0
400.0 305.0 359.0 260.0 375.0 245.0 416.0 290.0 Grasp 0
337.0 260.0 337.0 322.0 315.0 322.0 315.0 260.0 Grasp 0
365.0 319.0 317.0 267.0 333.0 252.0 381.0 304.0 Grasp 0
