419.0 352.0 405.0 275.0 430.0 270.0 444.0 347.0 Grasp 0
349.0 274.0 349.0 339.0 325.0 339.0 325.0 274.0 Grasp 0
329.0 349.0 264.0 299.0 279.0 279.0 345.0 329.0 Grasp 0
315.0 355.0 284.0 274.0 308.0 265.0 339.0 346.0 Grasp 0
367.0 352.0 351.0 266.0 376.0 261.0 392.0 347.0 Grasp 0
365.0 265.0 365.0 346.0 340.0 346.0 340.0 265.0 Grasp 0
322.0 272.0 306.0 358.0 280.0 354.0 297.0 267.0 Grasp 0
385.0 268.0 371.0 344.0 347.0 340.0 361.0 264.0 Grasp 0
342.0 271.0 326.0 358.0 301.0 353.0 317.0 267.0 Grasp 0
374.0 346.0 361.0 274.0 385.0 269.0 399.0 342.0 Grasp 0
407.0 356.0 377.0 279.0 401.0 270.0 430.0 347.0 Grasp 0
336.0 358.0 316.0 254.0 340.0 250.0 360.0 354.0 Grasp 0
419.0 361.0 385.0 274.0 409.0 265.0 443.0 352.0 Grasp 0
404.0 274.0 404.0 341.0 379.0 341.0 379.0 274.0 Grasp 0
434.0 272.0 419.0 353.0 394.0 348.0 409.0 267.0 Grasp 0
456.0 280.0 409.0 356.0 387.0 342.0 434.0 267.0 Grasp 0
459.0 306.0 400.0 350.0 385.0 330.0 444.0 285.0 Grasp 0
309.0 355.0 266.0 287.0 288.0 273.0 331.0 342.0 Grasp 0
442.0 276.0 371.0 353.0 353.0 336.0 423.0 259.0 Grasp 0
447.0 262.0 428.0 365.0 403.0 360.0 422.0 257.0 Grasp 0
352.0 347.0 323.0 271.0 346.0 262.0 375.0 338.0 Grasp 0
427.0 274.0 399.0 345.0 375.0 336.0 403.0 264.0 Grasp 0
362.0 348.0 331.0 269.0 354.0 260.0 385.0 339.0 Grasp 0
307.0 258.0 258.0 282.0 248.0 262.0 297.0 238.0 Grasp 0
399.0 266.0 384.0 347.0 360.0 342.0 375.0 262.0 Grasp 0
320.0 343.0 308.0 276.0 332.0 271.0 345.0 339.0 Grasp 0
