333.0 244.0 310.0 282.0 292.0 270.0 315.0 233.0 Grasp 0
400.0 264.0 375.0 327.0 355.0 319.0 379.0 256.0 Grasp 0
381.0 252.0 344.0 312.0 325.0 300.0 362.0 241.0 Grasp 0
299.0 223.0 272.0 266.0 253.0 255.0 280.0 211.0 Grasp 0
343.0 248.0 319.0 287.0 301.0 275.0 324.0 237.0 Grasp 0
418.0 275.0 383.0 331.0 364.0 319.0 399.0 264.0 Grasp 0
319.0 230.0 299.0 281.0 279.0 273.0 298.0 222.0 Grasp 0
349.0 242.0 328.0 296.0 308.0 288.0 329.0 234.0 Grasp 0
306.0 232.0 283.0 270.0 264.0 258.0 288.0 220.0 Grasp 0
312.0 225.0 292.0 276.0 271.0 268.0 291.0 217.0 Grasp 0
284.0 207.0 272.0 271.0 251.0 267.0 263.0 203.0 Grasp 0
389.0 258.0 364.0 322.0 343.0 314.0 368.0 250.0 Grasp 0
338.0 234.0 315.0 293.0 295.0 285.0 318.0 226.0 Grasp 0
281.0 217.0 264.0 260.0 244.0 252.0 261.0 209.0 Grasp 0
414.0 271.0 365.0 325.0 348.0 310.0 398.0 256.0 Grasp 0
357.0 250.0 338.0 298.0 318.0 290.0 336.0 242.0 Grasp 0
379.0 256.0 358.0 310.0 337.0 302.0 358.0 248.0 Grasp 0
430.0 292.0 374.0 333.0 361.0 316.0 416.0 274.0 Grasp 0
426.0 271.0 398.0 342.0 377.0 334.0 405.0 263.0 Grasp 0
429.0 290.0 357.0 326.0 347.0 306.0 419.0 270.0 Grasp 0
265.0 207.0 256.0 255.0 235.0 251.0 243.0 203.0 Grasp 0
326.0 241.0 303.0 278.0 284.0 267.0 307.0 230.0 Grasp 0
295.0 216.0 265.0 265.0 246.0 254.0 277.0 204.0 Grasp 0
258.0 213.0 251.0 249.0 230.0 245.0 237.0 209.0 Grasp 0
365.0 249.0 343.0 306.0 323.0 298.0 345.0 241.0 Grasp 0
393.0 337.0 380.0 266.0 402.0 262.0 415.0 333.0 Grasp 0
282.0 213.0 252.0 261.0 233.0 250.0 263.0 201.0 Grasp 0
304.0 215.0 280.0 278.0 260.0 270.0 284.0 207.0 Grasp 0
410.0 260.0 380.0 337.0 359.0 329.0 389.0 252.0 Grasp 0
