309.0 206.0 296.0 280.0 273.0 276.0 287.0 202.0 Grasp 0
317.0 207.0 303.0 283.0 280.0 279.0 295.0 202.0 Grasp 0
363.0 228.0 342.0 283.0 321.0 275.0 342.0 220.0 Grasp 0
380.0 228.0 356.0 290.0 335.0 282.0 359.0 220.0 Grasp 0
337.0 215.0 325.0 282.0 302.0 278.0 315.0 211.0 Grasp 0
289.0 207.0 277.0 272.0 255.0 268.0 267.0 203.0 Grasp 0
349.0 225.0 339.0 278.0 316.0 274.0 326.0 221.0 Grasp 0
303.0 215.0 281.0 271.0 260.0 263.0 281.0 207.0 Grasp 0
324.0 220.0 314.0 273.0 292.0 269.0 302.0 216.0 Grasp 0
387.0 241.0 346.0 286.0 329.0 271.0 370.0 226.0 Grasp 0
356.0 293.0 327.0 220.0 348.0 212.0 377.0 285.0 Grasp 0
331.0 210.0 317.0 285.0 295.0 281.0 309.0 206.0 Grasp 0
372.0 220.0 372.0 290.0 349.0 290.0 349.0 220.0 Grasp 0
346.0 214.0 332.0 287.0 310.0 283.0 323.0 210.0 Grasp 0
322.0 218.0 285.0 277.0 265.0 265.0 302.0 206.0 Grasp 0
