290.0 220.0 274.0 133.0 296.0 129.0 312.0 216.0 Grasp 0
337.0 200.0 311.0 133.0 332.0 125.0 358.0 192.0 Grasp 0
363.0 196.0 323.0 130.0 342.0 118.0 383.0 184.0 Grasp 0
314.0 209.0 287.0 137.0 308.0 129.0 336.0 200.0 Grasp 0
328.0 205.0 300.0 133.0 321.0 125.0 349.0 197.0 Grasp 0
348.0 199.0 334.0 120.0 356.0 116.0 370.0 195.0 Grasp 0
312.0 219.0 277.0 130.0 298.0 122.0 333.0 211.0 Grasp 0
345.0 198.0 318.0 130.0 339.0 122.0 366.0 190.0 Grasp 0
296.0 211.0 282.0 140.0 305.0 135.0 318.0 207.0 Grasp 0
372.0 114.0 354.0 208.0 332.0 203.0 349.0 110.0 Grasp 0
306.0 222.0 256.0 142.0 276.0 130.0 325.0 210.0 Grasp 0
