353.0 173.0 289.0 222.0 275.0 204.0 340.0 155.0 Grasp 0
385.0 245.0 332.0 285.0 318.0 267.0 372.0 227.0 Grasp 0
386.0 254.0 346.0 297.0 330.0 282.0 369.0 239.0 Grasp 0
370.0 210.0 299.0 245.0 289.0 226.0 360.0 190.0 Grasp 0
379.0 241.0 330.0 278.0 317.0 260.0 366.0 223.0 Grasp 0
360.0 189.0 298.0 235.0 285.0 218.0 347.0 171.0 Grasp 0
386.0 269.0 340.0 292.0 330.0 272.0 377.0 249.0 Grasp 0
371.0 227.0 310.0 257.0 300.0 237.0 362.0 207.0 Grasp 0
367.0 194.0 299.0 245.0 285.0 227.0 354.0 176.0 Grasp 0
361.0 187.0 285.0 225.0 275.0 205.0 351.0 167.0 Grasp 0
377.0 232.0 353.0 293.0 332.0 285.0 356.0 224.0 Grasp 0
385.0 276.0 328.0 281.0 326.0 259.0 383.0 254.0 Grasp 0
379.0 212.0 345.0 297.0 325.0 289.0 358.0 204.0 Grasp 0
