335.0 153.0 289.0 149.0 291.0 127.0 337.0 131.0 Grasp 0
246.0 319.0 230.0 314.0 236.0 293.0 252.0 298.0 Grasp 0
369.0 94.0 308.0 64.0 318.0 44.0 379.0 74.0 Grasp 0
342.0 130.0 299.0 117.0 305.0 96.0 348.0 108.0 Grasp 0
372.0 72.0 320.0 57.0 326.0 36.0 378.0 51.0 Grasp 0
360.0 101.0 308.0 76.0 318.0 56.0 369.0 81.0 Grasp 0
382.0 63.0 323.0 33.0 333.0 13.0 392.0 43.0 Grasp 0
255.0 299.0 238.0 294.0 244.0 273.0 261.0 278.0 Grasp 0
364.0 112.0 301.0 94.0 307.0 73.0 370.0 91.0 Grasp 0
369.0 76.0 324.0 27.0 340.0 12.0 386.0 61.0 Grasp 0
328.0 160.0 286.0 139.0 296.0 119.0 338.0 140.0 Grasp 0
345.0 144.0 285.0 115.0 294.0 95.0 354.0 125.0 Grasp 0
353.0 145.0 281.0 138.0 283.0 116.0 355.0 123.0 Grasp 0
369.0 84.0 311.0 55.0 321.0 35.0 379.0 64.0 Grasp 0
358.0 124.0 292.0 105.0 298.0 84.0 364.0 103.0 Grasp 0
334.0 152.0 287.0 129.0 297.0 109.0 344.0 133.0 Grasp 0
313.0 182.0 286.0 175.0 292.0 154.0 319.0 161.0 Grasp 0
385.0 70.0 314.0 50.0 320.0 29.0 391.0 49.0 Grasp 0
330.0 177.0 282.0 181.0 280.0 159.0 328.0 155.0 Grasp 0
311.0 173.0 289.0 161.0 298.0 142.0 321.0 153.0 Grasp 0
284.0 223.0 268.0 215.0 278.0 196.0 294.0 203.0 Grasp 0
271.0 263.0 253.0 258.0 259.0 237.0 277.0 242.0 Grasp 0
353.0 106.0 309.0 85.0 319.0 65.0 363.0 87.0 Grasp 0
280.0 235.0 265.0 227.0 274.0 208.0 290.0 215.0 Grasp 0
279.0 281.0 232.0 304.0 223.0 285.0 269.0 262.0 Grasp 0
259.0 291.0 241.0 286.0 247.0 265.0 265.0 270.0 Grasp 0
291.0 208.0 276.0 200.0 286.0 180.0 300.0 188.0 Grasp 0
319.0 169.0 286.0 153.0 296.0 133.0 328.0 149.0 Grasp 0
351.0 116.0 304.0 102.0 310.0 81.0 357.0 94.0 Grasp 0
304.0 190.0 283.0 184.0 289.0 163.0 310.0 169.0 Grasp 0
274.0 254.0 257.0 250.0 263.0 229.0 280.0 233.0 Grasp 0
390.0 58.0 317.0 64.0 315.0 42.0 387.0 36.0 Grasp 0
