256.0 238.0 222.0 242.0 220.0 218.0 254.0 215.0 Grasp 0
257.0 214.0 219.0 218.0 217.0 194.0 255.0 191.0 Grasp 0
329.0 301.0 309.0 268.0 329.0 256.0 349.0 288.0 Grasp 0
298.0 150.0 275.0 91.0 297.0 82.0 320.0 142.0 Grasp 0
355.0 283.0 332.0 257.0 349.0 241.0 372.0 267.0 Grasp 0
268.0 146.0 252.0 104.0 274.0 96.0 290.0 138.0 Grasp 0
262.0 247.0 220.0 250.0 218.0 227.0 260.0 223.0 Grasp 0
334.0 82.0 321.0 153.0 297.0 148.0 311.0 77.0 Grasp 0
421.0 209.0 381.0 213.0 379.0 189.0 419.0 186.0 Grasp 0
281.0 145.0 253.0 114.0 270.0 98.0 298.0 129.0 Grasp 0
261.0 164.0 237.0 146.0 251.0 127.0 275.0 145.0 Grasp 0
393.0 129.0 346.0 164.0 332.0 145.0 379.0 110.0 Grasp 0
263.0 161.0 237.0 133.0 255.0 117.0 280.0 145.0 Grasp 0
252.0 197.0 224.0 189.0 231.0 167.0 258.0 175.0 Grasp 0
401.0 240.0 368.0 231.0 374.0 208.0 407.0 218.0 Grasp 0
337.0 296.0 316.0 263.0 336.0 250.0 357.0 283.0 Grasp 0
348.0 91.0 336.0 152.0 313.0 148.0 325.0 87.0 Grasp 0
363.0 276.0 342.0 253.0 359.0 237.0 380.0 260.0 Grasp 0
267.0 249.0 229.0 268.0 219.0 247.0 257.0 228.0 Grasp 0
368.0 106.0 349.0 156.0 327.0 148.0 346.0 97.0 Grasp 0
253.0 187.0 226.0 174.0 237.0 153.0 263.0 166.0 Grasp 0
427.0 161.0 383.0 210.0 366.0 194.0 410.0 146.0 Grasp 0
386.0 257.0 355.0 241.0 365.0 220.0 397.0 236.0 Grasp 0
415.0 221.0 377.0 217.0 379.0 194.0 417.0 197.0 Grasp 0
421.0 144.0 363.0 188.0 349.0 169.0 407.0 126.0 Grasp 0
283.0 139.0 268.0 100.0 290.0 92.0 305.0 130.0 Grasp 0
323.0 304.0 301.0 269.0 321.0 256.0 343.0 291.0 Grasp 0
274.0 255.0 236.0 283.0 222.0 265.0 260.0 236.0 Grasp 0
407.0 132.0 361.0 182.0 344.0 166.0 389.0 116.0 Grasp 0
314.0 267.0 307.0 307.0 284.0 303.0 291.0 263.0 Grasp 0
268.0 152.0 244.0 133.0 259.0 115.0 283.0 133.0 Grasp 0
416.0 149.0 378.0 191.0 360.0 175.0 399.0 133.0 Grasp 0
300.0 308.0 286.0 272.0 308.0 264.0 321.0 300.0 Grasp 0
381.0 122.0 347.0 160.0 329.0 144.0 364.0 106.0 Grasp 0
253.0 230.0 220.0 227.0 222.0 204.0 255.0 207.0 Grasp 0
377.0 262.0 355.0 246.0 370.0 227.0 391.0 243.0 Grasp 0
358.0 93.0 358.0 167.0 334.0 167.0 334.0 93.0 Grasp 0
424.0 166.0 372.0 192.0 361.0 171.0 414.0 145.0 Grasp 0
428.0 194.0 381.0 207.0 374.0 185.0 421.0 171.0 Grasp 0
259.0 179.0 229.0 164.0 240.0 143.0 270.0 158.0 Grasp 0
411.0 229.0 371.0 226.0 373.0 202.0 413.0 206.0 Grasp 0
310.0 87.0 300.0 143.0 276.0 139.0 287.0 83.0 Grasp 0
302.0 266.0 293.0 313.0 270.0 309.0 279.0 262.0 Grasp 0
397.0 132.0 361.0 171.0 344.0 155.0 379.0 117.0 Grasp 0
339.0 91.0 328.0 148.0 305.0 144.0 316.0 86.0 Grasp 0
390.0 251.0 362.0 237.0 372.0 215.0 401.0 229.0 Grasp 0
424.0 189.0 367.0 194.0 365.0 170.0 422.0 165.0 Grasp 0
357.0 94.0 346.0 155.0 323.0 150.0 334.0 89.0 Grasp 0
370.0 112.0 327.0 159.0 310.0 143.0 353.0 96.0 Grasp 0
326.0 89.0 316.0 144.0 293.0 139.0 303.0 85.0 Grasp 0
253.0 205.0 223.0 202.0 226.0 179.0 255.0 182.0 Grasp 0
392.0 118.0 359.0 172.0 339.0 159.0 372.0 106.0 Grasp 0
