364.0 217.0 290.0 210.0 292.0 188.0 366.0 195.0 Grasp 0
368.0 149.0 298.0 129.0 304.0 108.0 374.0 128.0 Grasp 0
369.0 159.0 295.0 152.0 297.0 130.0 371.0 137.0 Grasp 0
366.0 180.0 295.0 173.0 297.0 151.0 368.0 158.0 Grasp 0
379.0 136.0 291.0 145.0 289.0 122.0 377.0 114.0 Grasp 0
359.0 200.0 297.0 195.0 299.0 173.0 361.0 178.0 Grasp 0
357.0 267.0 287.0 261.0 289.0 239.0 359.0 245.0 Grasp 0
367.0 192.0 292.0 185.0 294.0 163.0 369.0 170.0 Grasp 0
354.0 290.0 286.0 283.0 288.0 261.0 356.0 268.0 Grasp 0
365.0 239.0 287.0 246.0 285.0 224.0 363.0 217.0 Grasp 0
356.0 260.0 290.0 254.0 292.0 232.0 358.0 238.0 Grasp 0
354.0 309.0 283.0 302.0 285.0 281.0 356.0 287.0 Grasp 0
366.0 167.0 297.0 161.0 299.0 138.0 368.0 145.0 Grasp 0
354.0 300.0 284.0 294.0 286.0 272.0 356.0 278.0 Grasp 0
368.0 132.0 302.0 138.0 300.0 116.0 366.0 110.0 Grasp 0
367.0 209.0 288.0 201.0 290.0 179.0 369.0 187.0 Grasp 0
362.0 229.0 291.0 235.0 289.0 213.0 360.0 207.0 Grasp 0
368.0 225.0 285.0 217.0 287.0 195.0 370.0 203.0 Grasp 0
376.0 174.0 286.0 166.0 288.0 144.0 379.0 152.0 Grasp 0
364.0 278.0 278.0 270.0 280.0 248.0 367.0 256.0 Grasp 0
369.0 151.0 297.0 144.0 300.0 122.0 371.0 128.0 Grasp 0
