282.0 289.0 261.0 234.0 281.0 226.0 303.0 281.0 Grasp 0
367.0 272.0 348.0 224.0 369.0 216.0 388.0 264.0 Grasp 0
325.0 280.0 297.0 235.0 316.0 224.0 343.0 268.0 Grasp 0
354.0 278.0 332.0 223.0 353.0 215.0 374.0 270.0 Grasp 0
276.0 289.0 249.0 246.0 268.0 235.0 294.0 278.0 Grasp 0
322.0 279.0 312.0 226.0 334.0 221.0 344.0 275.0 Grasp 0
344.0 277.0 324.0 227.0 345.0 219.0 364.0 269.0 Grasp 0
310.0 285.0 289.0 230.0 310.0 222.0 331.0 277.0 Grasp 0
304.0 226.0 278.0 294.0 258.0 286.0 284.0 218.0 Grasp 0
397.0 264.0 374.0 227.0 393.0 216.0 416.0 253.0 Grasp 0
334.0 276.0 316.0 230.0 336.0 223.0 354.0 268.0 Grasp 0
412.0 217.0 402.0 267.0 380.0 263.0 390.0 213.0 Grasp 0
285.0 233.0 275.0 287.0 253.0 283.0 263.0 229.0 Grasp 0
398.0 273.0 365.0 220.0 383.0 208.0 416.0 262.0 Grasp 0
361.0 276.0 341.0 223.0 361.0 215.0 382.0 268.0 Grasp 0
302.0 285.0 282.0 232.0 302.0 224.0 323.0 277.0 Grasp 0
379.0 272.0 359.0 220.0 380.0 212.0 400.0 264.0 Grasp 0
261.0 284.0 246.0 247.0 267.0 239.0 281.0 276.0 Grasp 0
296.0 288.0 264.0 237.0 283.0 225.0 315.0 276.0 Grasp 0
312.0 281.0 302.0 227.0 324.0 223.0 334.0 277.0 Grasp 0
383.0 264.0 369.0 227.0 389.0 219.0 404.0 256.0 Grasp 0
294.0 281.0 278.0 238.0 298.0 230.0 315.0 273.0 Grasp 0
411.0 214.0 386.0 277.0 366.0 269.0 390.0 206.0 Grasp 0
