362.0 105.0 329.0 122.0 319.0 101.0 352.0 85.0 Grasp 0
390.0 131.0 333.0 174.0 319.0 155.0 376.0 112.0 Grasp 0
439.0 151.0 412.0 131.0 426.0 113.0 452.0 133.0 Grasp 0
443.0 144.0 417.0 115.0 434.0 99.0 460.0 129.0 Grasp 0
464.0 120.0 428.0 102.0 439.0 82.0 475.0 100.0 Grasp 0
373.0 124.0 344.0 145.0 331.0 127.0 359.0 106.0 Grasp 0
436.0 162.0 406.0 139.0 420.0 121.0 450.0 144.0 Grasp 0
446.0 188.0 396.0 132.0 413.0 116.0 463.0 172.0 Grasp 0
353.0 92.0 324.0 106.0 314.0 86.0 342.0 72.0 Grasp 0
467.0 110.0 438.0 95.0 448.0 75.0 477.0 89.0 Grasp 0
381.0 125.0 343.0 154.0 329.0 136.0 368.0 106.0 Grasp 0
479.0 104.0 426.0 109.0 424.0 86.0 477.0 81.0 Grasp 0
452.0 140.0 415.0 122.0 425.0 102.0 462.0 120.0 Grasp 0
351.0 88.0 318.0 98.0 311.0 76.0 345.0 66.0 Grasp 0
372.0 115.0 332.0 135.0 321.0 115.0 362.0 95.0 Grasp 0
361.0 70.0 326.0 126.0 307.0 114.0 341.0 58.0 Grasp 0
454.0 128.0 424.0 106.0 438.0 87.0 467.0 110.0 Grasp 0
356.0 99.0 327.0 114.0 317.0 93.0 346.0 79.0 Grasp 0
359.0 99.0 312.0 104.0 309.0 81.0 357.0 77.0 Grasp 0
391.0 137.0 339.0 221.0 320.0 209.0 372.0 125.0 Grasp 0
474.0 126.0 412.0 120.0 414.0 97.0 476.0 103.0 Grasp 0
364.0 113.0 335.0 128.0 325.0 108.0 354.0 93.0 Grasp 0
