312.0 96.0 240.0 132.0 230.0 111.0 302.0 75.0 Grasp 0
444.0 177.0 399.0 104.0 419.0 92.0 464.0 164.0 Grasp 0
488.0 39.0 422.0 72.0 411.0 51.0 478.0 18.0 Grasp 0
321.0 109.0 259.0 157.0 245.0 138.0 308.0 91.0 Grasp 0
466.0 172.0 405.0 105.0 422.0 90.0 483.0 157.0 Grasp 0
496.0 59.0 425.0 94.0 414.0 73.0 486.0 37.0 Grasp 0
415.0 184.0 387.0 111.0 408.0 102.0 437.0 175.0 Grasp 0
316.0 101.0 253.0 149.0 239.0 130.0 302.0 83.0 Grasp 0
495.0 47.0 419.0 85.0 409.0 64.0 485.0 26.0 Grasp 0
299.0 89.0 238.0 120.0 228.0 99.0 289.0 69.0 Grasp 0
303.0 85.0 250.0 143.0 233.0 127.0 286.0 69.0 Grasp 0
511.0 76.0 417.0 84.0 415.0 61.0 509.0 52.0 Grasp 0
506.0 81.0 430.0 102.0 423.0 79.0 500.0 58.0 Grasp 0
432.0 179.0 388.0 108.0 408.0 95.0 452.0 167.0 Grasp 0
395.0 190.0 379.0 108.0 402.0 104.0 418.0 186.0 Grasp 0
386.0 192.0 371.0 109.0 393.0 105.0 409.0 187.0 Grasp 0
517.0 100.0 425.0 108.0 423.0 85.0 515.0 76.0 Grasp 0
326.0 118.0 265.0 164.0 251.0 145.0 312.0 99.0 Grasp 0
335.0 122.0 267.0 174.0 253.0 155.0 321.0 104.0 Grasp 0
301.0 75.0 243.0 138.0 225.0 123.0 284.0 59.0 Grasp 0
321.0 99.0 240.0 140.0 229.0 119.0 311.0 78.0 Grasp 0
366.0 207.0 349.0 118.0 372.0 114.0 389.0 203.0 Grasp 0
524.0 120.0 423.0 110.0 425.0 87.0 527.0 96.0 Grasp 0
494.0 59.0 424.0 66.0 422.0 42.0 492.0 36.0 Grasp 0
