253.0 312.0 234.0 298.0 247.0 281.0 266.0 295.0 Grasp 0
333.0 236.0 287.0 213.0 297.0 193.0 343.0 216.0 Grasp 0
362.0 221.0 294.0 169.0 307.0 151.0 376.0 203.0 Grasp 0
316.0 237.0 288.0 215.0 301.0 198.0 329.0 219.0 Grasp 0
349.0 224.0 294.0 182.0 307.0 165.0 362.0 206.0 Grasp 0
283.0 276.0 259.0 258.0 272.0 240.0 296.0 259.0 Grasp 0
290.0 271.0 260.0 248.0 273.0 230.0 303.0 253.0 Grasp 0
261.0 304.0 240.0 288.0 253.0 270.0 275.0 287.0 Grasp 0
290.0 264.0 268.0 247.0 281.0 229.0 304.0 247.0 Grasp 0
329.0 229.0 292.0 200.0 305.0 183.0 343.0 211.0 Grasp 0
280.0 307.0 226.0 312.0 224.0 290.0 278.0 285.0 Grasp 0
264.0 300.0 241.0 275.0 258.0 260.0 281.0 285.0 Grasp 0
271.0 294.0 246.0 266.0 262.0 251.0 287.0 279.0 Grasp 0
298.0 290.0 225.0 310.0 219.0 289.0 292.0 268.0 Grasp 0
277.0 285.0 251.0 266.0 264.0 248.0 290.0 267.0 Grasp 0
250.0 325.0 227.0 313.0 237.0 294.0 260.0 305.0 Grasp 0
276.0 294.0 242.0 277.0 252.0 258.0 286.0 274.0 Grasp 0
268.0 296.0 250.0 249.0 271.0 241.0 289.0 288.0 Grasp 0
305.0 250.0 278.0 229.0 291.0 212.0 318.0 232.0 Grasp 0
299.0 258.0 269.0 235.0 282.0 217.0 312.0 240.0 Grasp 0
247.0 320.0 227.0 299.0 244.0 284.0 263.0 305.0 Grasp 0
340.0 220.0 294.0 147.0 313.0 135.0 359.0 209.0 Grasp 0
340.0 227.0 292.0 190.0 305.0 173.0 354.0 210.0 Grasp 0
388.0 210.0 373.0 132.0 395.0 128.0 409.0 206.0 Grasp 0
269.0 305.0 237.0 296.0 243.0 275.0 275.0 284.0 Grasp 0
