459.0 220.0 379.0 228.0 377.0 205.0 457.0 198.0 Grasp 0
458.0 211.0 379.0 219.0 377.0 196.0 456.0 189.0 Grasp 0
450.0 171.0 387.0 190.0 380.0 167.0 444.0 149.0 Grasp 0
458.0 200.0 380.0 208.0 377.0 185.0 456.0 178.0 Grasp 0
445.0 161.0 389.0 177.0 383.0 155.0 439.0 139.0 Grasp 0
456.0 238.0 383.0 259.0 376.0 237.0 450.0 217.0 Grasp 0
453.0 190.0 383.0 197.0 381.0 174.0 451.0 168.0 Grasp 0
453.0 228.0 386.0 234.0 383.0 212.0 451.0 206.0 Grasp 0
458.0 256.0 383.0 263.0 381.0 241.0 456.0 234.0 Grasp 0
452.0 182.0 381.0 176.0 383.0 153.0 454.0 160.0 Grasp 0
464.0 275.0 379.0 283.0 377.0 262.0 462.0 254.0 Grasp 0
460.0 261.0 384.0 282.0 378.0 261.0 454.0 239.0 Grasp 0
450.0 174.0 379.0 167.0 382.0 144.0 452.0 151.0 Grasp 0
460.0 234.0 380.0 241.0 378.0 219.0 458.0 212.0 Grasp 0
460.0 252.0 380.0 245.0 382.0 223.0 462.0 230.0 Grasp 0
453.0 158.0 376.0 165.0 374.0 142.0 451.0 135.0 Grasp 0
