295.0 269.0 264.0 219.0 283.0 208.0 314.0 258.0 Grasp 0
321.0 247.0 289.0 213.0 306.0 198.0 337.0 233.0 Grasp 0
306.0 257.0 280.0 214.0 298.0 203.0 325.0 246.0 Grasp 0
349.0 224.0 321.0 194.0 338.0 179.0 365.0 209.0 Grasp 0
297.0 271.0 273.0 209.0 294.0 201.0 318.0 263.0 Grasp 0
333.0 247.0 291.0 201.0 307.0 186.0 350.0 233.0 Grasp 0
306.0 263.0 268.0 221.0 284.0 206.0 323.0 249.0 Grasp 0
339.0 233.0 306.0 197.0 322.0 182.0 355.0 218.0 Grasp 0
345.0 230.0 312.0 193.0 328.0 179.0 362.0 215.0 Grasp 0
314.0 259.0 282.0 206.0 300.0 195.0 333.0 247.0 Grasp 0
335.0 239.0 300.0 201.0 316.0 186.0 351.0 225.0 Grasp 0
328.0 254.0 275.0 213.0 288.0 196.0 341.0 236.0 Grasp 0
357.0 221.0 328.0 189.0 345.0 174.0 374.0 206.0 Grasp 0
