371.0 279.0 349.0 255.0 365.0 240.0 388.0 265.0 Grasp 0
360.0 295.0 331.0 274.0 345.0 256.0 373.0 278.0 Grasp 0
316.0 332.0 295.0 309.0 312.0 294.0 333.0 317.0 Grasp 0
408.0 240.0 390.0 219.0 406.0 204.0 425.0 225.0 Grasp 0
364.0 284.0 344.0 263.0 361.0 248.0 380.0 269.0 Grasp 0
351.0 307.0 319.0 282.0 332.0 264.0 365.0 289.0 Grasp 0
328.0 326.0 304.0 300.0 321.0 285.0 344.0 311.0 Grasp 0
337.0 314.0 310.0 294.0 324.0 276.0 350.0 297.0 Grasp 0
388.0 264.0 365.0 239.0 382.0 224.0 404.0 249.0 Grasp 0
339.0 308.0 319.0 287.0 336.0 272.0 355.0 294.0 Grasp 0
379.0 271.0 357.0 247.0 373.0 232.0 395.0 256.0 Grasp 0
400.0 251.0 377.0 233.0 390.0 216.0 413.0 233.0 Grasp 0
408.0 247.0 381.0 226.0 394.0 209.0 421.0 229.0 Grasp 0
361.0 292.0 336.0 264.0 352.0 249.0 377.0 277.0 Grasp 0
424.0 230.0 398.0 210.0 411.0 193.0 437.0 213.0 Grasp 0
348.0 300.0 328.0 278.0 344.0 264.0 364.0 286.0 Grasp 0
327.0 329.0 295.0 305.0 309.0 288.0 341.0 312.0 Grasp 0
