371.0 267.0 329.0 313.0 313.0 298.0 355.0 252.0 Grasp 0
392.0 298.0 358.0 335.0 341.0 320.0 375.0 283.0 Grasp 0
380.0 282.0 332.0 318.0 319.0 300.0 366.0 264.0 Grasp 0
318.0 206.0 274.0 254.0 258.0 239.0 302.0 191.0 Grasp 0
352.0 233.0 299.0 291.0 283.0 276.0 336.0 218.0 Grasp 0
390.0 280.0 342.0 334.0 325.0 319.0 374.0 265.0 Grasp 0
365.0 253.0 316.0 306.0 300.0 291.0 348.0 238.0 Grasp 0
341.0 241.0 296.0 275.0 282.0 258.0 328.0 224.0 Grasp 0
331.0 221.0 290.0 266.0 273.0 251.0 314.0 206.0 Grasp 0
363.0 263.0 325.0 305.0 309.0 290.0 347.0 248.0 Grasp 0
399.0 306.0 342.0 334.0 332.0 314.0 389.0 286.0 Grasp 0
341.0 220.0 288.0 278.0 271.0 263.0 324.0 205.0 Grasp 0
390.0 289.0 350.0 333.0 334.0 318.0 374.0 274.0 Grasp 0
354.0 247.0 311.0 294.0 295.0 279.0 338.0 232.0 Grasp 0
324.0 219.0 274.0 257.0 261.0 239.0 311.0 201.0 Grasp 0
