304.0 181.0 292.0 209.0 271.0 201.0 282.0 172.0 Grasp 0
347.0 192.0 334.0 226.0 312.0 218.0 325.0 184.0 Grasp 0
378.0 304.0 334.0 270.0 347.0 252.0 392.0 286.0 Grasp 0
340.0 320.0 309.0 287.0 326.0 271.0 357.0 305.0 Grasp 0
343.0 311.0 319.0 286.0 336.0 270.0 360.0 296.0 Grasp 0
336.0 190.0 316.0 222.0 297.0 210.0 317.0 178.0 Grasp 0
292.0 176.0 278.0 210.0 257.0 202.0 270.0 167.0 Grasp 0
313.0 179.0 278.0 218.0 261.0 202.0 296.0 164.0 Grasp 0
366.0 186.0 347.0 235.0 325.0 226.0 344.0 178.0 Grasp 0
355.0 192.0 340.0 231.0 318.0 223.0 334.0 183.0 Grasp 0
359.0 307.0 321.0 278.0 335.0 260.0 373.0 289.0 Grasp 0
323.0 326.0 303.0 303.0 320.0 288.0 340.0 310.0 Grasp 0
331.0 322.0 306.0 295.0 323.0 279.0 348.0 307.0 Grasp 0
378.0 309.0 294.0 302.0 296.0 279.0 380.0 286.0 Grasp 0
317.0 181.0 303.0 216.0 282.0 208.0 295.0 173.0 Grasp 0
419.0 175.0 356.0 244.0 339.0 228.0 402.0 159.0 Grasp 0
398.0 193.0 347.0 273.0 328.0 261.0 378.0 180.0 Grasp 0
346.0 189.0 322.0 229.0 302.0 217.0 327.0 177.0 Grasp 0
392.0 169.0 345.0 245.0 325.0 233.0 373.0 156.0 Grasp 0
314.0 338.0 296.0 291.0 317.0 283.0 335.0 330.0 Grasp 0
328.0 185.0 307.0 220.0 287.0 208.0 309.0 173.0 Grasp 0
392.0 306.0 335.0 263.0 349.0 245.0 406.0 288.0 Grasp 0
