368.0 311.0 294.0 332.0 288.0 311.0 363.0 290.0 Grasp 0
332.0 234.0 279.0 260.0 270.0 241.0 323.0 214.0 Grasp 0
348.0 259.0 286.0 290.0 276.0 270.0 338.0 239.0 Grasp 0
353.0 285.0 297.0 313.0 287.0 293.0 343.0 265.0 Grasp 0
341.0 259.0 281.0 276.0 275.0 255.0 335.0 238.0 Grasp 0
344.0 251.0 265.0 259.0 263.0 237.0 342.0 229.0 Grasp 0
360.0 265.0 280.0 305.0 271.0 285.0 350.0 245.0 Grasp 0
361.0 288.0 302.0 332.0 289.0 315.0 348.0 270.0 Grasp 0
344.0 224.0 275.0 276.0 262.0 259.0 331.0 207.0 Grasp 0
359.0 306.0 298.0 323.0 292.0 302.0 353.0 285.0 Grasp 0
345.0 242.0 277.0 276.0 267.0 257.0 335.0 223.0 Grasp 0
364.0 324.0 288.0 317.0 290.0 295.0 366.0 302.0 Grasp 0
369.0 289.0 298.0 343.0 285.0 326.0 356.0 272.0 Grasp 0
348.0 279.0 297.0 305.0 287.0 285.0 338.0 260.0 Grasp 0
336.0 245.0 268.0 251.0 266.0 229.0 334.0 223.0 Grasp 0
355.0 300.0 298.0 316.0 292.0 295.0 349.0 279.0 Grasp 0
331.0 221.0 293.0 281.0 275.0 270.0 312.0 209.0 Grasp 0
