352.0 222.0 301.0 261.0 287.0 243.0 338.0 204.0 Grasp 0
334.0 169.0 268.0 202.0 258.0 181.0 323.0 149.0 Grasp 0
328.0 159.0 256.0 180.0 250.0 158.0 321.0 137.0 Grasp 0
329.0 182.0 279.0 206.0 269.0 186.0 319.0 161.0 Grasp 0
333.0 194.0 278.0 210.0 272.0 188.0 327.0 172.0 Grasp 0
335.0 203.0 282.0 218.0 276.0 196.0 329.0 181.0 Grasp 0
345.0 205.0 294.0 243.0 280.0 225.0 331.0 187.0 Grasp 0
351.0 216.0 289.0 247.0 279.0 227.0 340.0 196.0 Grasp 0
355.0 239.0 301.0 265.0 291.0 245.0 345.0 218.0 Grasp 0
323.0 168.0 274.0 192.0 264.0 172.0 313.0 147.0 Grasp 0
342.0 195.0 288.0 236.0 275.0 218.0 329.0 177.0 Grasp 0
322.0 150.0 270.0 189.0 256.0 171.0 308.0 132.0 Grasp 0
357.0 239.0 281.0 246.0 279.0 223.0 355.0 216.0 Grasp 0
328.0 188.0 269.0 193.0 267.0 170.0 326.0 165.0 Grasp 0
338.0 171.0 294.0 243.0 274.0 230.0 318.0 159.0 Grasp 0
327.0 176.0 252.0 169.0 254.0 147.0 329.0 154.0 Grasp 0
