332.0 229.0 276.0 245.0 270.0 223.0 326.0 207.0 Grasp 0
334.0 211.0 272.0 241.0 262.0 221.0 324.0 191.0 Grasp 0
337.0 254.0 286.0 268.0 280.0 246.0 330.0 232.0 Grasp 0
349.0 287.0 297.0 302.0 291.0 280.0 343.0 266.0 Grasp 0
332.0 237.0 281.0 252.0 275.0 230.0 326.0 215.0 Grasp 0
346.0 261.0 292.0 289.0 282.0 268.0 336.0 241.0 Grasp 0
349.0 270.0 295.0 297.0 285.0 277.0 339.0 250.0 Grasp 0
326.0 197.0 262.0 215.0 256.0 193.0 320.0 175.0 Grasp 0
331.0 201.0 270.0 231.0 260.0 211.0 320.0 181.0 Grasp 0
343.0 283.0 290.0 288.0 288.0 265.0 341.0 260.0 Grasp 0
342.0 237.0 281.0 267.0 271.0 247.0 332.0 216.0 Grasp 0
345.0 253.0 288.0 281.0 278.0 261.0 335.0 233.0 Grasp 0
329.0 216.0 266.0 222.0 263.0 199.0 327.0 194.0 Grasp 0
345.0 275.0 285.0 280.0 283.0 257.0 343.0 252.0 Grasp 0
333.0 219.0 284.0 256.0 271.0 237.0 319.0 201.0 Grasp 0
341.0 266.0 284.0 272.0 281.0 249.0 339.0 244.0 Grasp 0
325.0 183.0 271.0 224.0 257.0 206.0 311.0 165.0 Grasp 0
