329.0 294.0 318.0 236.0 341.0 232.0 351.0 290.0 Grasp 0
249.0 318.0 222.0 249.0 243.0 241.0 270.0 310.0 Grasp 0
281.0 308.0 246.0 252.0 266.0 240.0 301.0 296.0 Grasp 0
303.0 299.0 282.0 246.0 304.0 237.0 325.0 291.0 Grasp 0
287.0 306.0 265.0 248.0 286.0 240.0 308.0 298.0 Grasp 0
369.0 285.0 349.0 235.0 371.0 226.0 390.0 277.0 Grasp 0
265.0 312.0 241.0 249.0 262.0 240.0 287.0 304.0 Grasp 0
340.0 295.0 328.0 230.0 350.0 226.0 363.0 291.0 Grasp 0
290.0 237.0 256.0 324.0 234.0 316.0 268.0 228.0 Grasp 0
316.0 297.0 304.0 238.0 327.0 233.0 338.0 293.0 Grasp 0
363.0 299.0 334.0 224.0 356.0 216.0 385.0 291.0 Grasp 0
317.0 306.0 290.0 236.0 311.0 228.0 338.0 298.0 Grasp 0
264.0 252.0 253.0 311.0 230.0 307.0 241.0 247.0 Grasp 0
388.0 215.0 372.0 303.0 349.0 299.0 365.0 211.0 Grasp 0
265.0 316.0 225.0 252.0 245.0 240.0 285.0 304.0 Grasp 0
272.0 311.0 258.0 240.0 281.0 236.0 294.0 307.0 Grasp 0
354.0 294.0 331.0 233.0 352.0 224.0 376.0 285.0 Grasp 0
295.0 302.0 274.0 247.0 296.0 238.0 317.0 293.0 Grasp 0
389.0 220.0 389.0 289.0 366.0 289.0 366.0 220.0 Grasp 0
272.0 240.0 257.0 320.0 234.0 316.0 249.0 236.0 Grasp 0
379.0 292.0 353.0 225.0 374.0 216.0 400.0 284.0 Grasp 0
325.0 305.0 311.0 227.0 333.0 223.0 348.0 300.0 Grasp 0
