352.0 246.0 322.0 294.0 303.0 282.0 333.0 234.0 Grasp 0
333.0 219.0 320.0 292.0 297.0 288.0 311.0 215.0 Grasp 0
323.0 218.0 282.0 263.0 265.0 248.0 306.0 203.0 Grasp 0
303.0 189.0 265.0 250.0 246.0 239.0 283.0 177.0 Grasp 0
310.0 201.0 275.0 257.0 256.0 245.0 291.0 189.0 Grasp 0
319.0 215.0 268.0 254.0 254.0 236.0 305.0 197.0 Grasp 0
318.0 200.0 318.0 290.0 295.0 290.0 295.0 200.0 Grasp 0
306.0 202.0 253.0 241.0 240.0 223.0 292.0 184.0 Grasp 0
367.0 272.0 326.0 303.0 312.0 285.0 354.0 254.0 Grasp 0
340.0 237.0 302.0 278.0 285.0 263.0 323.0 222.0 Grasp 0
373.0 279.0 345.0 309.0 328.0 294.0 356.0 264.0 Grasp 0
365.0 255.0 334.0 304.0 315.0 292.0 346.0 243.0 Grasp 0
349.0 237.0 314.0 293.0 295.0 281.0 330.0 225.0 Grasp 0
333.0 227.0 290.0 275.0 273.0 260.0 317.0 212.0 Grasp 0
308.0 212.0 265.0 245.0 251.0 227.0 295.0 194.0 Grasp 0
356.0 251.0 305.0 289.0 292.0 271.0 342.0 233.0 Grasp 0
356.0 259.0 315.0 290.0 301.0 272.0 342.0 241.0 Grasp 0
354.0 249.0 291.0 280.0 281.0 260.0 343.0 229.0 Grasp 0
312.0 193.0 297.0 275.0 274.0 271.0 289.0 189.0 Grasp 0
294.0 186.0 282.0 250.0 259.0 246.0 271.0 182.0 Grasp 0
326.0 226.0 290.0 265.0 274.0 250.0 309.0 211.0 Grasp 0
