425.0 175.0 376.0 254.0 357.0 243.0 406.0 163.0 Grasp 0
467.0 218.0 443.0 281.0 422.0 273.0 446.0 210.0 Grasp 0
459.0 211.0 419.0 276.0 399.0 264.0 440.0 199.0 Grasp 0
412.0 175.0 371.0 242.0 352.0 230.0 393.0 163.0 Grasp 0
450.0 201.0 407.0 270.0 388.0 258.0 430.0 189.0 Grasp 0
302.0 93.0 263.0 155.0 245.0 143.0 283.0 82.0 Grasp 0
398.0 154.0 349.0 233.0 330.0 222.0 379.0 142.0 Grasp 0
346.0 116.0 298.0 193.0 279.0 182.0 327.0 105.0 Grasp 0
384.0 151.0 327.0 214.0 310.0 199.0 367.0 136.0 Grasp 0
342.0 119.0 286.0 181.0 269.0 166.0 326.0 104.0 Grasp 0
384.0 150.0 341.0 221.0 322.0 209.0 365.0 139.0 Grasp 0
437.0 182.0 386.0 266.0 367.0 254.0 418.0 171.0 Grasp 0
352.0 125.0 308.0 196.0 289.0 185.0 333.0 113.0 Grasp 0
361.0 138.0 309.0 195.0 292.0 180.0 345.0 123.0 Grasp 0
310.0 100.0 243.0 150.0 230.0 132.0 297.0 82.0 Grasp 0
317.0 105.0 279.0 167.0 260.0 155.0 298.0 94.0 Grasp 0
472.0 212.0 424.0 289.0 405.0 277.0 453.0 200.0 Grasp 0
311.0 98.0 271.0 163.0 252.0 151.0 292.0 86.0 Grasp 0
442.0 199.0 402.0 263.0 383.0 252.0 423.0 188.0 Grasp 0
454.0 196.0 437.0 286.0 415.0 282.0 431.0 192.0 Grasp 0
