392.0 193.0 371.0 170.0 387.0 155.0 408.0 178.0 Grasp 0
398.0 186.0 379.0 166.0 395.0 151.0 414.0 172.0 Grasp 0
381.0 199.0 362.0 178.0 379.0 163.0 397.0 184.0 Grasp 0
293.0 271.0 264.0 240.0 281.0 225.0 309.0 256.0 Grasp 0
282.0 277.0 255.0 248.0 271.0 233.0 298.0 263.0 Grasp 0
425.0 169.0 403.0 145.0 420.0 130.0 441.0 154.0 Grasp 0
373.0 206.0 352.0 183.0 369.0 168.0 390.0 191.0 Grasp 0
273.0 285.0 244.0 253.0 260.0 238.0 289.0 270.0 Grasp 0
504.0 111.0 472.0 164.0 453.0 152.0 485.0 100.0 Grasp 0
305.0 266.0 272.0 230.0 288.0 215.0 321.0 252.0 Grasp 0
318.0 254.0 287.0 221.0 304.0 206.0 334.0 240.0 Grasp 0
496.0 96.0 471.0 160.0 450.0 152.0 475.0 88.0 Grasp 0
327.0 243.0 301.0 215.0 318.0 200.0 343.0 228.0 Grasp 0
492.0 122.0 435.0 138.0 429.0 117.0 486.0 101.0 Grasp 0
308.0 261.0 282.0 220.0 301.0 208.0 326.0 249.0 Grasp 0
354.0 227.0 325.0 195.0 341.0 180.0 370.0 212.0 Grasp 0
261.0 298.0 227.0 261.0 243.0 246.0 277.0 283.0 Grasp 0
476.0 98.0 437.0 117.0 427.0 97.0 466.0 78.0 Grasp 0
263.0 291.0 240.0 253.0 259.0 242.0 282.0 280.0 Grasp 0
432.0 159.0 416.0 142.0 433.0 127.0 449.0 144.0 Grasp 0
252.0 301.0 222.0 268.0 238.0 253.0 268.0 286.0 Grasp 0
347.0 231.0 319.0 200.0 335.0 185.0 363.0 216.0 Grasp 0
469.0 77.0 455.0 152.0 433.0 148.0 447.0 73.0 Grasp 0
505.0 127.0 475.0 159.0 459.0 144.0 488.0 112.0 Grasp 0
360.0 217.0 338.0 192.0 354.0 177.0 377.0 202.0 Grasp 0
486.0 108.0 435.0 122.0 429.0 101.0 480.0 86.0 Grasp 0
416.0 172.0 399.0 153.0 415.0 138.0 433.0 157.0 Grasp 0
489.0 102.0 456.0 155.0 437.0 144.0 470.0 90.0 Grasp 0
485.0 83.0 471.0 157.0 449.0 152.0 463.0 79.0 Grasp 0
467.0 182.0 419.0 129.0 435.0 114.0 484.0 167.0 Grasp 0
502.0 133.0 426.0 140.0 424.0 118.0 500.0 111.0 Grasp 0
326.0 250.0 293.0 214.0 310.0 200.0 342.0 236.0 Grasp 0
285.0 279.0 258.0 236.0 277.0 224.0 303.0 267.0 Grasp 0
340.0 235.0 313.0 206.0 329.0 191.0 356.0 220.0 Grasp 0
408.0 180.0 388.0 158.0 404.0 143.0 424.0 165.0 Grasp 0
487.0 112.0 441.0 135.0 431.0 115.0 477.0 92.0 Grasp 0
502.0 152.0 423.0 144.0 425.0 122.0 504.0 129.0 Grasp 0
