349.0 302.0 280.0 295.0 282.0 273.0 351.0 280.0 Grasp 0
359.0 239.0 284.0 232.0 286.0 210.0 361.0 217.0 Grasp 0
346.0 330.0 276.0 323.0 278.0 301.0 348.0 308.0 Grasp 0
352.0 254.0 287.0 248.0 289.0 226.0 354.0 232.0 Grasp 0
358.0 204.0 292.0 198.0 294.0 176.0 360.0 182.0 Grasp 0
350.0 319.0 274.0 312.0 276.0 290.0 352.0 297.0 Grasp 0
362.0 172.0 295.0 166.0 298.0 144.0 364.0 150.0 Grasp 0
358.0 217.0 289.0 211.0 291.0 189.0 360.0 195.0 Grasp 0
349.0 290.0 283.0 284.0 285.0 262.0 351.0 268.0 Grasp 0
366.0 252.0 274.0 260.0 272.0 238.0 364.0 230.0 Grasp 0
362.0 167.0 295.0 148.0 301.0 126.0 368.0 146.0 Grasp 0
361.0 269.0 275.0 261.0 277.0 239.0 363.0 247.0 Grasp 0
365.0 183.0 291.0 190.0 288.0 168.0 363.0 161.0 Grasp 0
365.0 150.0 298.0 157.0 296.0 135.0 363.0 128.0 Grasp 0
360.0 279.0 274.0 271.0 276.0 249.0 362.0 257.0 Grasp 0
376.0 169.0 283.0 178.0 281.0 155.0 374.0 147.0 Grasp 0
359.0 308.0 269.0 300.0 271.0 278.0 361.0 286.0 Grasp 0
353.0 246.0 288.0 240.0 290.0 218.0 356.0 224.0 Grasp 0
358.0 196.0 294.0 190.0 296.0 168.0 360.0 174.0 Grasp 0
355.0 229.0 290.0 223.0 292.0 201.0 357.0 207.0 Grasp 0
357.0 179.0 298.0 174.0 300.0 152.0 359.0 157.0 Grasp 0
369.0 158.0 292.0 165.0 290.0 143.0 367.0 136.0 Grasp 0
