493.0 222.0 460.0 170.0 479.0 158.0 512.0 211.0 Grasp 0
477.0 232.0 443.0 177.0 462.0 165.0 496.0 221.0 Grasp 0
470.0 238.0 434.0 181.0 453.0 169.0 489.0 227.0 Grasp 0
456.0 242.0 426.0 194.0 445.0 183.0 474.0 230.0 Grasp 0
417.0 255.0 395.0 218.0 413.0 206.0 436.0 243.0 Grasp 0
495.0 213.0 469.0 170.0 488.0 159.0 514.0 201.0 Grasp 0
425.0 251.0 401.0 212.0 420.0 201.0 444.0 239.0 Grasp 0
366.0 274.0 352.0 258.0 368.0 243.0 382.0 259.0 Grasp 0
444.0 250.0 405.0 208.0 422.0 193.0 460.0 235.0 Grasp 0
521.0 141.0 521.0 211.0 498.0 211.0 498.0 141.0 Grasp 0
391.0 254.0 381.0 229.0 401.0 221.0 411.0 246.0 Grasp 0
484.0 222.0 456.0 176.0 475.0 165.0 503.0 211.0 Grasp 0
526.0 203.0 493.0 150.0 512.0 138.0 545.0 191.0 Grasp 0
533.0 208.0 471.0 162.0 484.0 144.0 546.0 191.0 Grasp 0
329.0 294.0 315.0 278.0 331.0 263.0 345.0 279.0 Grasp 0
511.0 211.0 479.0 159.0 498.0 147.0 530.0 199.0 Grasp 0
516.0 213.0 488.0 142.0 509.0 134.0 536.0 205.0 Grasp 0
435.0 256.0 410.0 192.0 431.0 184.0 455.0 248.0 Grasp 0
311.0 308.0 289.0 291.0 302.0 274.0 324.0 291.0 Grasp 0
313.0 302.0 298.0 286.0 315.0 271.0 329.0 288.0 Grasp 0
410.0 255.0 391.0 224.0 410.0 212.0 429.0 243.0 Grasp 0
453.0 250.0 408.0 201.0 425.0 186.0 470.0 235.0 Grasp 0
285.0 319.0 270.0 303.0 286.0 288.0 301.0 304.0 Grasp 0
382.0 265.0 367.0 249.0 383.0 234.0 398.0 250.0 Grasp 0
337.0 289.0 323.0 274.0 339.0 259.0 353.0 274.0 Grasp 0
389.0 264.0 371.0 244.0 387.0 230.0 405.0 249.0 Grasp 0
513.0 216.0 466.0 164.0 482.0 149.0 529.0 201.0 Grasp 0
466.0 234.0 431.0 196.0 448.0 181.0 482.0 219.0 Grasp 0
321.0 298.0 307.0 282.0 323.0 267.0 337.0 283.0 Grasp 0
372.0 271.0 356.0 253.0 372.0 238.0 389.0 256.0 Grasp 0
396.0 262.0 375.0 240.0 391.0 225.0 412.0 247.0 Grasp 0
351.0 283.0 335.0 266.0 351.0 251.0 367.0 269.0 Grasp 0
293.0 315.0 278.0 299.0 295.0 284.0 309.0 300.0 Grasp 0
402.0 252.0 389.0 232.0 408.0 220.0 421.0 240.0 Grasp 0
447.0 241.0 422.0 200.0 441.0 189.0 466.0 230.0 Grasp 0
435.0 253.0 395.0 222.0 408.0 205.0 448.0 235.0 Grasp 0
527.0 196.0 487.0 165.0 500.0 148.0 540.0 178.0 Grasp 0
