540.0 32.0 540.0 32.0 531.0 15.0 531.0 15.0 Grasp 0
323.0 219.0 269.0 234.0 263.0 212.0 316.0 197.0 Grasp 0
307.0 170.0 254.0 185.0 248.0 163.0 301.0 148.0 Grasp 0
312.0 176.0 254.0 192.0 248.0 171.0 306.0 154.0 Grasp 0
295.0 132.0 240.0 147.0 234.0 125.0 289.0 110.0 Grasp 0
307.0 152.0 258.0 189.0 244.0 171.0 293.0 134.0 Grasp 0
295.0 147.0 241.0 152.0 239.0 129.0 293.0 125.0 Grasp 0
332.0 226.0 276.0 253.0 266.0 233.0 322.0 205.0 Grasp 0
324.0 190.0 261.0 221.0 251.0 201.0 314.0 170.0 Grasp 0
327.0 210.0 263.0 228.0 257.0 206.0 321.0 188.0 Grasp 0
319.0 180.0 259.0 210.0 249.0 189.0 309.0 159.0 Grasp 0
294.0 140.0 249.0 163.0 239.0 142.0 284.0 120.0 Grasp 0
312.0 162.0 245.0 181.0 238.0 159.0 306.0 140.0 Grasp 0
300.0 154.0 256.0 176.0 246.0 156.0 290.0 134.0 Grasp 0
330.0 209.0 284.0 260.0 267.0 244.0 313.0 194.0 Grasp 0
320.0 205.0 265.0 221.0 259.0 199.0 313.0 184.0 Grasp 0
334.0 232.0 262.0 238.0 259.0 216.0 332.0 209.0 Grasp 0
331.0 216.0 270.0 246.0 260.0 226.0 321.0 196.0 Grasp 0
318.0 189.0 252.0 195.0 250.0 172.0 316.0 166.0 Grasp 0
302.0 130.0 261.0 195.0 242.0 183.0 282.0 118.0 Grasp 0
