433.0 157.0 395.0 219.0 376.0 208.0 414.0 145.0 Grasp 0
416.0 149.0 380.0 207.0 361.0 196.0 397.0 138.0 Grasp 0
362.0 117.0 337.0 182.0 316.0 174.0 341.0 109.0 Grasp 0
356.0 111.0 329.0 182.0 308.0 174.0 335.0 103.0 Grasp 0
382.0 131.0 348.0 186.0 328.0 174.0 362.0 119.0 Grasp 0
443.0 156.0 399.0 227.0 380.0 215.0 424.0 144.0 Grasp 0
425.0 205.0 414.0 147.0 436.0 143.0 447.0 200.0 Grasp 0
336.0 107.0 336.0 174.0 313.0 174.0 313.0 107.0 Grasp 0
399.0 135.0 359.0 200.0 339.0 188.0 380.0 123.0 Grasp 0
439.0 208.0 373.0 214.0 371.0 191.0 437.0 185.0 Grasp 0
434.0 193.0 427.0 156.0 449.0 151.0 456.0 189.0 Grasp 0
374.0 130.0 343.0 180.0 324.0 168.0 355.0 118.0 Grasp 0
343.0 108.0 343.0 185.0 321.0 185.0 321.0 108.0 Grasp 0
411.0 136.0 367.0 207.0 347.0 195.0 392.0 124.0 Grasp 0
377.0 120.0 322.0 180.0 305.0 165.0 360.0 105.0 Grasp 0
418.0 147.0 391.0 216.0 370.0 208.0 397.0 139.0 Grasp 0
369.0 123.0 356.0 193.0 334.0 189.0 347.0 119.0 Grasp 0
438.0 225.0 395.0 237.0 389.0 215.0 432.0 203.0 Grasp 0
347.0 121.0 329.0 167.0 308.0 159.0 326.0 113.0 Grasp 0
390.0 131.0 352.0 193.0 332.0 181.0 371.0 119.0 Grasp 0
435.0 202.0 397.0 140.0 416.0 128.0 454.0 190.0 Grasp 0
455.0 168.0 416.0 232.0 397.0 220.0 436.0 157.0 Grasp 0
363.0 114.0 348.0 196.0 326.0 192.0 341.0 110.0 Grasp 0
423.0 232.0 407.0 147.0 430.0 143.0 445.0 227.0 Grasp 0
365.0 123.0 320.0 172.0 303.0 156.0 348.0 108.0 Grasp 0
