326.0 163.0 260.0 214.0 246.0 196.0 313.0 146.0 Grasp 0
332.0 168.0 263.0 220.0 250.0 202.0 319.0 150.0 Grasp 0
342.0 190.0 296.0 240.0 280.0 225.0 325.0 175.0 Grasp 0
363.0 197.0 303.0 264.0 286.0 249.0 346.0 182.0 Grasp 0
333.0 182.0 289.0 230.0 273.0 215.0 316.0 167.0 Grasp 0
355.0 194.0 299.0 255.0 283.0 240.0 339.0 178.0 Grasp 0
363.0 214.0 318.0 263.0 301.0 248.0 346.0 199.0 Grasp 0
309.0 163.0 267.0 194.0 253.0 177.0 295.0 145.0 Grasp 0
380.0 232.0 336.0 280.0 319.0 265.0 363.0 216.0 Grasp 0
311.0 149.0 296.0 231.0 274.0 227.0 289.0 145.0 Grasp 0
367.0 222.0 325.0 268.0 309.0 253.0 351.0 207.0 Grasp 0
400.0 245.0 345.0 305.0 329.0 289.0 383.0 230.0 Grasp 0
320.0 158.0 280.0 223.0 261.0 211.0 301.0 147.0 Grasp 0
346.0 178.0 285.0 245.0 268.0 230.0 329.0 163.0 Grasp 0
329.0 173.0 281.0 226.0 265.0 211.0 312.0 158.0 Grasp 0
325.0 184.0 259.0 203.0 253.0 181.0 319.0 163.0 Grasp 0
377.0 220.0 324.0 279.0 307.0 264.0 361.0 205.0 Grasp 0
388.0 235.0 338.0 290.0 322.0 275.0 371.0 220.0 Grasp 0
310.0 152.0 271.0 215.0 252.0 203.0 291.0 140.0 Grasp 0
388.0 231.0 358.0 307.0 337.0 299.0 367.0 223.0 Grasp 0
