335.0 27.0 325.0 55.0 304.0 47.0 315.0 19.0 Grasp 0
451.0 55.0 432.0 86.0 414.0 74.0 433.0 44.0 Grasp 0
386.0 39.0 367.0 70.0 348.0 58.0 367.0 28.0 Grasp 0
393.0 41.0 374.0 72.0 355.0 60.0 374.0 29.0 Grasp 0
477.0 59.0 464.0 92.0 444.0 84.0 457.0 51.0 Grasp 0
415.0 44.0 402.0 76.0 382.0 68.0 394.0 36.0 Grasp 0
442.0 50.0 429.0 83.0 408.0 75.0 421.0 42.0 Grasp 0
429.0 48.0 408.0 82.0 389.0 70.0 410.0 36.0 Grasp 0
402.0 43.0 383.0 74.0 365.0 62.0 384.0 31.0 Grasp 0
345.0 29.0 334.0 57.0 314.0 49.0 324.0 21.0 Grasp 0
435.0 51.0 416.0 82.0 397.0 70.0 416.0 39.0 Grasp 0
363.0 32.0 343.0 65.0 324.0 54.0 345.0 20.0 Grasp 0
461.0 57.0 441.0 90.0 422.0 78.0 442.0 46.0 Grasp 0
370.0 32.0 357.0 64.0 337.0 56.0 349.0 24.0 Grasp 0
467.0 60.0 449.0 90.0 430.0 78.0 448.0 49.0 Grasp 0
409.0 45.0 391.0 75.0 372.0 63.0 390.0 34.0 Grasp 0
353.0 32.0 343.0 59.0 323.0 51.0 333.0 24.0 Grasp 0
379.0 36.0 359.0 70.0 340.0 58.0 361.0 25.0 Grasp 0
