374.0 217.0 332.0 185.0 345.0 167.0 388.0 199.0 Grasp 0
372.0 207.0 346.0 178.0 362.0 163.0 389.0 192.0 Grasp 0
396.0 196.0 352.0 163.0 366.0 145.0 409.0 178.0 Grasp 0
358.0 230.0 320.0 201.0 333.0 183.0 372.0 213.0 Grasp 0
351.0 243.0 307.0 209.0 320.0 192.0 365.0 225.0 Grasp 0
351.0 234.0 317.0 209.0 331.0 191.0 364.0 216.0 Grasp 0
322.0 263.0 288.0 225.0 304.0 210.0 339.0 248.0 Grasp 0
381.0 205.0 350.0 171.0 367.0 156.0 398.0 190.0 Grasp 0
361.0 224.0 329.0 190.0 346.0 175.0 377.0 209.0 Grasp 0
339.0 247.0 307.0 212.0 324.0 197.0 355.0 232.0 Grasp 0
393.0 188.0 363.0 165.0 376.0 147.0 406.0 170.0 Grasp 0
334.0 253.0 299.0 215.0 316.0 200.0 351.0 238.0 Grasp 0
388.0 196.0 361.0 153.0 380.0 141.0 407.0 184.0 Grasp 0
324.0 261.0 297.0 217.0 316.0 205.0 343.0 249.0 Grasp 0
331.0 254.0 297.0 229.0 310.0 211.0 344.0 236.0 Grasp 0
