306.0 315.0 275.0 281.0 292.0 265.0 323.0 299.0 Grasp 0
298.0 320.0 267.0 287.0 284.0 272.0 314.0 305.0 Grasp 0
341.0 292.0 304.0 251.0 321.0 236.0 358.0 277.0 Grasp 0
348.0 277.0 324.0 250.0 341.0 235.0 365.0 262.0 Grasp 0
393.0 255.0 361.0 204.0 380.0 192.0 412.0 243.0 Grasp 0
393.0 263.0 348.0 229.0 362.0 211.0 407.0 245.0 Grasp 0
324.0 298.0 303.0 274.0 320.0 258.0 342.0 281.0 Grasp 0
332.0 299.0 296.0 260.0 313.0 245.0 348.0 283.0 Grasp 0
338.0 284.0 317.0 260.0 334.0 244.0 356.0 268.0 Grasp 0
358.0 286.0 306.0 260.0 316.0 239.0 368.0 265.0 Grasp 0
393.0 260.0 352.0 215.0 369.0 200.0 410.0 244.0 Grasp 0
315.0 315.0 277.0 273.0 293.0 258.0 332.0 300.0 Grasp 0
359.0 270.0 335.0 243.0 352.0 228.0 376.0 254.0 Grasp 0
391.0 270.0 338.0 230.0 352.0 212.0 405.0 252.0 Grasp 0
369.0 262.0 344.0 234.0 361.0 219.0 386.0 247.0 Grasp 0
376.0 256.0 352.0 219.0 372.0 207.0 395.0 244.0 Grasp 0
328.0 291.0 310.0 271.0 327.0 255.0 346.0 275.0 Grasp 0
296.0 324.0 274.0 268.0 295.0 260.0 317.0 316.0 Grasp 0
366.0 261.0 347.0 212.0 368.0 204.0 387.0 253.0 Grasp 0
376.0 271.0 331.0 237.0 345.0 219.0 390.0 253.0 Grasp 0
293.0 325.0 266.0 296.0 283.0 281.0 309.0 310.0 Grasp 0
406.0 259.0 341.0 240.0 348.0 218.0 412.0 237.0 Grasp 0
368.0 260.0 357.0 199.0 379.0 194.0 391.0 256.0 Grasp 0
342.0 285.0 323.0 236.0 345.0 228.0 364.0 277.0 Grasp 0
312.0 328.0 256.0 300.0 266.0 280.0 322.0 308.0 Grasp 0
