364.0 204.0 285.0 227.0 278.0 204.0 358.0 182.0 Grasp 0
313.0 150.0 267.0 200.0 250.0 185.0 296.0 135.0 Grasp 0
323.0 152.0 286.0 212.0 266.0 200.0 304.0 139.0 Grasp 0
342.0 161.0 303.0 224.0 283.0 211.0 322.0 148.0 Grasp 0
310.0 129.0 277.0 215.0 256.0 207.0 290.0 121.0 Grasp 0
370.0 195.0 274.0 222.0 267.0 200.0 364.0 172.0 Grasp 0
354.0 175.0 294.0 221.0 280.0 202.0 340.0 156.0 Grasp 0
311.0 147.0 254.0 190.0 241.0 172.0 298.0 129.0 Grasp 0
360.0 172.0 305.0 233.0 287.0 217.0 342.0 156.0 Grasp 0
362.0 215.0 278.0 208.0 281.0 184.0 364.0 192.0 Grasp 0
346.0 223.0 276.0 188.0 287.0 167.0 357.0 202.0 Grasp 0
291.0 131.0 265.0 197.0 244.0 189.0 270.0 123.0 Grasp 0
350.0 166.0 324.0 235.0 302.0 227.0 328.0 158.0 Grasp 0
313.0 141.0 298.0 218.0 276.0 214.0 290.0 137.0 Grasp 0
290.0 238.0 290.0 147.0 313.0 147.0 313.0 238.0 Grasp 0
335.0 155.0 320.0 234.0 297.0 229.0 312.0 151.0 Grasp 0
336.0 157.0 270.0 207.0 256.0 189.0 322.0 139.0 Grasp 0
299.0 138.0 254.0 188.0 237.0 173.0 283.0 123.0 Grasp 0
346.0 220.0 296.0 165.0 313.0 149.0 363.0 204.0 Grasp 0
327.0 229.0 299.0 158.0 321.0 149.0 348.0 220.0 Grasp 0
