352.0 223.0 326.0 195.0 343.0 180.0 369.0 208.0 Grasp 0
351.0 230.0 303.0 193.0 316.0 176.0 364.0 212.0 Grasp 0
337.0 248.0 308.0 201.0 327.0 189.0 356.0 236.0 Grasp 0
339.0 252.0 292.0 200.0 308.0 186.0 356.0 238.0 Grasp 0
342.0 236.0 316.0 195.0 335.0 183.0 361.0 225.0 Grasp 0
366.0 221.0 326.0 190.0 339.0 173.0 379.0 203.0 Grasp 0
404.0 178.0 388.0 151.0 407.0 140.0 423.0 166.0 Grasp 0
396.0 186.0 374.0 162.0 390.0 147.0 412.0 171.0 Grasp 0
415.0 170.0 402.0 137.0 423.0 129.0 435.0 162.0 Grasp 0
375.0 202.0 352.0 177.0 368.0 162.0 392.0 187.0 Grasp 0
383.0 199.0 358.0 172.0 375.0 157.0 399.0 184.0 Grasp 0
435.0 123.0 424.0 183.0 402.0 179.0 414.0 119.0 Grasp 0
391.0 187.0 378.0 154.0 398.0 146.0 411.0 179.0 Grasp 0
414.0 172.0 394.0 149.0 410.0 134.0 430.0 157.0 Grasp 0
388.0 190.0 368.0 168.0 384.0 153.0 404.0 175.0 Grasp 0
424.0 161.0 406.0 142.0 423.0 127.0 441.0 147.0 Grasp 0
330.0 283.0 297.0 197.0 318.0 189.0 351.0 275.0 Grasp 0
438.0 152.0 419.0 132.0 436.0 117.0 454.0 138.0 Grasp 0
396.0 185.0 388.0 141.0 409.0 137.0 417.0 181.0 Grasp 0
355.0 220.0 334.0 187.0 353.0 176.0 374.0 209.0 Grasp 0
427.0 158.0 414.0 136.0 432.0 124.0 446.0 147.0 Grasp 0
