414.0 204.0 359.0 264.0 343.0 249.0 398.0 189.0 Grasp 0
417.0 224.0 359.0 268.0 346.0 250.0 404.0 206.0 Grasp 0
339.0 265.0 310.0 296.0 294.0 281.0 323.0 250.0 Grasp 0
327.0 250.0 289.0 188.0 307.0 176.0 346.0 238.0 Grasp 0
389.0 182.0 365.0 245.0 344.0 237.0 369.0 174.0 Grasp 0
332.0 248.0 279.0 208.0 293.0 191.0 345.0 230.0 Grasp 0
372.0 165.0 372.0 240.0 350.0 240.0 350.0 165.0 Grasp 0
261.0 300.0 227.0 213.0 248.0 205.0 281.0 292.0 Grasp 0
269.0 211.0 269.0 294.0 247.0 294.0 247.0 211.0 Grasp 0
339.0 244.0 299.0 180.0 318.0 169.0 357.0 232.0 Grasp 0
333.0 257.0 277.0 299.0 264.0 281.0 319.0 239.0 Grasp 0
396.0 186.0 368.0 257.0 347.0 249.0 375.0 177.0 Grasp 0
275.0 294.0 258.0 206.0 280.0 202.0 297.0 289.0 Grasp 0
343.0 239.0 330.0 174.0 352.0 169.0 364.0 235.0 Grasp 0
411.0 235.0 377.0 273.0 360.0 258.0 395.0 220.0 Grasp 0
406.0 193.0 375.0 273.0 354.0 265.0 385.0 185.0 Grasp 0
410.0 216.0 376.0 271.0 357.0 260.0 391.0 205.0 Grasp 0
288.0 289.0 272.0 203.0 294.0 199.0 310.0 285.0 Grasp 0
416.0 251.0 369.0 275.0 359.0 255.0 406.0 231.0 Grasp 0
329.0 263.0 269.0 218.0 282.0 200.0 342.0 245.0 Grasp 0
401.0 189.0 348.0 247.0 331.0 232.0 385.0 174.0 Grasp 0
262.0 293.0 247.0 213.0 269.0 209.0 284.0 288.0 Grasp 0
402.0 237.0 352.0 292.0 335.0 277.0 386.0 222.0 Grasp 0
369.0 178.0 352.0 268.0 330.0 264.0 347.0 174.0 Grasp 0
407.0 220.0 353.0 247.0 343.0 227.0 397.0 200.0 Grasp 0
