375.0 237.0 326.0 291.0 309.0 275.0 358.0 222.0 Grasp 0
345.0 211.0 294.0 249.0 280.0 232.0 332.0 193.0 Grasp 0
361.0 229.0 318.0 276.0 301.0 260.0 344.0 213.0 Grasp 0
346.0 201.0 284.0 247.0 270.0 229.0 332.0 183.0 Grasp 0
353.0 219.0 299.0 260.0 286.0 242.0 339.0 201.0 Grasp 0
341.0 193.0 278.0 241.0 265.0 223.0 328.0 176.0 Grasp 0
374.0 249.0 310.0 281.0 299.0 261.0 364.0 228.0 Grasp 0
334.0 188.0 275.0 232.0 262.0 215.0 320.0 170.0 Grasp 0
327.0 179.0 269.0 224.0 256.0 206.0 314.0 162.0 Grasp 0
363.0 232.0 296.0 265.0 286.0 245.0 353.0 212.0 Grasp 0
377.0 249.0 333.0 296.0 316.0 281.0 360.0 233.0 Grasp 0
360.0 219.0 311.0 273.0 294.0 258.0 343.0 203.0 Grasp 0
374.0 258.0 318.0 286.0 308.0 265.0 364.0 237.0 Grasp 0
361.0 201.0 325.0 293.0 304.0 284.0 339.0 193.0 Grasp 0
