319.0 224.0 280.0 267.0 263.0 251.0 301.0 209.0 Grasp 0
305.0 209.0 246.0 214.0 244.0 191.0 302.0 185.0 Grasp 0
300.0 171.0 245.0 176.0 243.0 153.0 298.0 148.0 Grasp 0
307.0 182.0 239.0 188.0 237.0 164.0 305.0 158.0 Grasp 0
445.0 216.0 413.0 201.0 423.0 180.0 455.0 196.0 Grasp 0
336.0 245.0 320.0 286.0 298.0 278.0 314.0 236.0 Grasp 0
405.0 257.0 383.0 232.0 400.0 217.0 422.0 241.0 Grasp 0
383.0 269.0 366.0 242.0 386.0 229.0 403.0 256.0 Grasp 0
296.0 168.0 244.0 142.0 254.0 120.0 307.0 147.0 Grasp 0
369.0 243.0 360.0 286.0 337.0 282.0 345.0 238.0 Grasp 0
313.0 217.0 248.0 223.0 246.0 200.0 311.0 194.0 Grasp 0
402.0 100.0 390.0 132.0 368.0 123.0 380.0 92.0 Grasp 0
434.0 228.0 408.0 208.0 422.0 190.0 448.0 209.0 Grasp 0
459.0 195.0 419.0 191.0 421.0 168.0 462.0 171.0 Grasp 0
359.0 247.0 351.0 287.0 328.0 283.0 336.0 242.0 Grasp 0
308.0 141.0 281.0 111.0 298.0 95.0 326.0 125.0 Grasp 0
303.0 189.0 245.0 195.0 242.0 171.0 301.0 166.0 Grasp 0
435.0 118.0 418.0 145.0 398.0 133.0 415.0 105.0 Grasp 0
330.0 224.0 279.0 280.0 262.0 264.0 313.0 208.0 Grasp 0
451.0 119.0 419.0 154.0 402.0 138.0 434.0 103.0 Grasp 0
415.0 101.0 400.0 138.0 378.0 130.0 393.0 93.0 Grasp 0
300.0 151.0 253.0 127.0 264.0 106.0 310.0 129.0 Grasp 0
349.0 135.0 326.0 97.0 346.0 84.0 369.0 122.0 Grasp 0
299.0 141.0 276.0 115.0 293.0 99.0 317.0 125.0 Grasp 0
299.0 154.0 247.0 139.0 254.0 117.0 305.0 131.0 Grasp 0
319.0 189.0 261.0 252.0 244.0 236.0 302.0 173.0 Grasp 0
329.0 220.0 303.0 289.0 281.0 280.0 307.0 212.0 Grasp 0
422.0 245.0 394.0 224.0 408.0 206.0 436.0 227.0 Grasp 0
329.0 237.0 291.0 279.0 273.0 263.0 312.0 221.0 Grasp 0
374.0 276.0 355.0 245.0 375.0 233.0 394.0 263.0 Grasp 0
313.0 215.0 265.0 251.0 251.0 232.0 298.0 196.0 Grasp 0
315.0 220.0 258.0 236.0 251.0 213.0 309.0 197.0 Grasp 0
352.0 249.0 293.0 293.0 279.0 274.0 337.0 230.0 Grasp 0
335.0 133.0 315.0 100.0 335.0 88.0 355.0 121.0 Grasp 0
370.0 92.0 355.0 133.0 333.0 124.0 348.0 84.0 Grasp 0
392.0 96.0 378.0 132.0 356.0 123.0 370.0 88.0 Grasp 0
339.0 246.0 331.0 288.0 308.0 284.0 316.0 241.0 Grasp 0
351.0 252.0 335.0 292.0 313.0 284.0 329.0 243.0 Grasp 0
425.0 111.0 407.0 140.0 387.0 128.0 405.0 99.0 Grasp 0
311.0 134.0 295.0 107.0 315.0 95.0 332.0 122.0 Grasp 0
454.0 205.0 417.0 195.0 423.0 172.0 460.0 183.0 Grasp 0
334.0 231.0 262.0 267.0 252.0 246.0 323.0 211.0 Grasp 0
347.0 281.0 335.0 250.0 357.0 242.0 369.0 272.0 Grasp 0
324.0 135.0 303.0 102.0 323.0 89.0 344.0 123.0 Grasp 0
333.0 232.0 311.0 289.0 289.0 280.0 311.0 223.0 Grasp 0
379.0 93.0 364.0 131.0 342.0 122.0 357.0 84.0 Grasp 0
363.0 274.0 352.0 248.0 374.0 239.0 385.0 266.0 Grasp 0
298.0 146.0 264.0 120.0 279.0 101.0 312.0 127.0 Grasp 0
397.0 262.0 376.0 239.0 393.0 223.0 414.0 246.0 Grasp 0
296.0 174.0 242.0 159.0 248.0 136.0 302.0 151.0 Grasp 0
314.0 192.0 251.0 223.0 241.0 202.0 303.0 171.0 Grasp 0
462.0 188.0 421.0 184.0 424.0 160.0 464.0 164.0 Grasp 0
