291.0 98.0 269.0 122.0 253.0 107.0 274.0 83.0 Grasp 0
336.0 270.0 307.0 222.0 326.0 210.0 356.0 258.0 Grasp 0
343.0 265.0 315.0 221.0 335.0 209.0 362.0 253.0 Grasp 0
325.0 122.0 305.0 154.0 286.0 142.0 305.0 110.0 Grasp 0
354.0 273.0 318.0 214.0 337.0 201.0 374.0 261.0 Grasp 0
315.0 275.0 292.0 237.0 311.0 225.0 334.0 263.0 Grasp 0
278.0 296.0 252.0 267.0 269.0 251.0 295.0 281.0 Grasp 0
437.0 141.0 415.0 198.0 393.0 189.0 415.0 133.0 Grasp 0
354.0 140.0 330.0 180.0 310.0 168.0 335.0 128.0 Grasp 0
263.0 307.0 252.0 248.0 274.0 244.0 285.0 303.0 Grasp 0
298.0 282.0 277.0 248.0 297.0 236.0 318.0 270.0 Grasp 0
417.0 222.0 397.0 274.0 375.0 265.0 395.0 214.0 Grasp 0
394.0 201.0 338.0 196.0 340.0 173.0 396.0 178.0 Grasp 0
376.0 150.0 348.0 195.0 329.0 183.0 357.0 138.0 Grasp 0
287.0 293.0 258.0 261.0 275.0 246.0 304.0 278.0 Grasp 0
312.0 106.0 288.0 145.0 269.0 133.0 293.0 94.0 Grasp 0
296.0 100.0 279.0 128.0 259.0 116.0 276.0 88.0 Grasp 0
292.0 286.0 271.0 252.0 290.0 240.0 311.0 274.0 Grasp 0
340.0 132.0 311.0 164.0 294.0 149.0 323.0 117.0 Grasp 0
489.0 192.0 424.0 211.0 418.0 188.0 483.0 170.0 Grasp 0
333.0 108.0 320.0 176.0 297.0 172.0 310.0 104.0 Grasp 0
351.0 132.0 321.0 180.0 302.0 168.0 332.0 120.0 Grasp 0
370.0 278.0 328.0 210.0 347.0 198.0 389.0 266.0 Grasp 0
487.0 253.0 416.0 218.0 427.0 197.0 497.0 232.0 Grasp 0
328.0 266.0 306.0 231.0 325.0 219.0 347.0 254.0 Grasp 0
266.0 298.0 248.0 270.0 268.0 258.0 285.0 286.0 Grasp 0
293.0 85.0 283.0 139.0 261.0 135.0 271.0 81.0 Grasp 0
502.0 206.0 426.0 213.0 423.0 190.0 499.0 183.0 Grasp 0
291.0 233.0 291.0 306.0 268.0 306.0 268.0 233.0 Grasp 0
304.0 286.0 283.0 232.0 304.0 224.0 325.0 278.0 Grasp 0
407.0 206.0 380.0 135.0 401.0 127.0 429.0 198.0 Grasp 0
250.0 308.0 235.0 270.0 256.0 261.0 271.0 300.0 Grasp 0
399.0 283.0 385.0 211.0 408.0 206.0 421.0 279.0 Grasp 0
309.0 296.0 253.0 254.0 267.0 235.0 322.0 277.0 Grasp 0
411.0 270.0 395.0 228.0 416.0 219.0 433.0 262.0 Grasp 0
318.0 121.0 296.0 145.0 280.0 129.0 301.0 105.0 Grasp 0
476.0 172.0 425.0 211.0 411.0 192.0 462.0 154.0 Grasp 0
266.0 305.0 238.0 274.0 254.0 258.0 283.0 290.0 Grasp 0
395.0 205.0 357.0 143.0 376.0 131.0 414.0 193.0 Grasp 0
467.0 263.0 407.0 218.0 421.0 199.0 481.0 244.0 Grasp 0
480.0 188.0 418.0 235.0 404.0 217.0 466.0 169.0 Grasp 0
420.0 217.0 365.0 278.0 348.0 263.0 403.0 202.0 Grasp 0
304.0 105.0 284.0 136.0 265.0 124.0 284.0 93.0 Grasp 0
437.0 145.0 428.0 194.0 406.0 190.0 415.0 141.0 Grasp 0
414.0 193.0 388.0 262.0 366.0 253.0 393.0 184.0 Grasp 0
