325.0 164.0 279.0 141.0 289.0 121.0 335.0 144.0 Grasp 0
318.0 191.0 259.0 162.0 269.0 141.0 329.0 171.0 Grasp 0
318.0 180.0 269.0 156.0 279.0 135.0 328.0 160.0 Grasp 0
305.0 208.0 251.0 181.0 262.0 161.0 316.0 187.0 Grasp 0
302.0 220.0 244.0 191.0 254.0 171.0 312.0 200.0 Grasp 0
274.0 251.0 233.0 220.0 246.0 202.0 288.0 233.0 Grasp 0
334.0 172.0 266.0 152.0 272.0 130.0 340.0 150.0 Grasp 0
283.0 232.0 244.0 202.0 257.0 184.0 297.0 214.0 Grasp 0
314.0 203.0 251.0 172.0 261.0 152.0 324.0 183.0 Grasp 0
288.0 242.0 236.0 228.0 242.0 206.0 294.0 221.0 Grasp 0
270.0 257.0 230.0 237.0 240.0 216.0 280.0 237.0 Grasp 0
288.0 225.0 247.0 194.0 260.0 176.0 302.0 207.0 Grasp 0
308.0 212.0 241.0 206.0 243.0 183.0 310.0 190.0 Grasp 0
310.0 195.0 261.0 170.0 271.0 150.0 320.0 174.0 Grasp 0
281.0 234.0 246.0 216.0 256.0 196.0 291.0 213.0 Grasp 0
323.0 179.0 269.0 138.0 283.0 120.0 336.0 160.0 Grasp 0
332.0 160.0 276.0 132.0 286.0 111.0 342.0 139.0 Grasp 0
