354.0 214.0 280.0 235.0 274.0 213.0 348.0 192.0 Grasp 0
364.0 242.0 299.0 275.0 288.0 255.0 354.0 222.0 Grasp 0
370.0 284.0 293.0 277.0 295.0 254.0 372.0 261.0 Grasp 0
358.0 221.0 291.0 255.0 281.0 234.0 348.0 201.0 Grasp 0
363.0 227.0 291.0 263.0 280.0 242.0 352.0 207.0 Grasp 0
373.0 273.0 303.0 293.0 297.0 272.0 367.0 252.0 Grasp 0
375.0 260.0 292.0 284.0 286.0 262.0 369.0 239.0 Grasp 0
371.0 254.0 309.0 301.0 295.0 283.0 358.0 236.0 Grasp 0
356.0 226.0 272.0 218.0 274.0 195.0 359.0 203.0 Grasp 0
364.0 227.0 272.0 236.0 270.0 213.0 361.0 205.0 Grasp 0
369.0 242.0 286.0 265.0 280.0 243.0 362.0 220.0 Grasp 0
354.0 187.0 281.0 242.0 267.0 224.0 340.0 169.0 Grasp 0
354.0 215.0 290.0 247.0 280.0 227.0 344.0 195.0 Grasp 0
