364.0 233.0 341.0 207.0 357.0 192.0 380.0 218.0 Grasp 0
340.0 267.0 291.0 263.0 293.0 241.0 342.0 245.0 Grasp 0
339.0 256.0 314.0 237.0 327.0 219.0 352.0 238.0 Grasp 0
360.0 239.0 332.0 218.0 345.0 200.0 373.0 222.0 Grasp 0
374.0 227.0 343.0 204.0 356.0 186.0 387.0 209.0 Grasp 0
377.0 221.0 354.0 196.0 370.0 181.0 393.0 207.0 Grasp 0
353.0 245.0 326.0 225.0 339.0 207.0 366.0 227.0 Grasp 0
325.0 259.0 309.0 242.0 325.0 227.0 341.0 244.0 Grasp 0
385.0 213.0 358.0 192.0 371.0 174.0 399.0 195.0 Grasp 0
316.0 283.0 273.0 279.0 275.0 257.0 318.0 261.0 Grasp 0
326.0 272.0 296.0 257.0 306.0 238.0 336.0 252.0 Grasp 0
287.0 285.0 279.0 264.0 300.0 256.0 308.0 277.0 Grasp 0
349.0 251.0 320.0 230.0 333.0 212.0 362.0 234.0 Grasp 0
304.0 251.0 304.0 288.0 282.0 288.0 282.0 251.0 Grasp 0
