277.0 331.0 250.0 261.0 272.0 253.0 299.0 323.0 Grasp 0
299.0 313.0 258.0 268.0 274.0 252.0 316.0 298.0 Grasp 0
296.0 324.0 237.0 279.0 251.0 261.0 310.0 306.0 Grasp 0
337.0 292.0 287.0 238.0 304.0 223.0 354.0 277.0 Grasp 0
323.0 303.0 274.0 248.0 290.0 233.0 340.0 287.0 Grasp 0
277.0 324.0 241.0 285.0 258.0 270.0 294.0 309.0 Grasp 0
320.0 297.0 286.0 242.0 305.0 230.0 339.0 285.0 Grasp 0
354.0 284.0 291.0 236.0 305.0 218.0 368.0 266.0 Grasp 0
314.0 307.0 267.0 256.0 284.0 240.0 330.0 292.0 Grasp 0
346.0 280.0 309.0 221.0 329.0 209.0 365.0 268.0 Grasp 0
290.0 323.0 253.0 263.0 272.0 251.0 310.0 311.0 Grasp 0
358.0 276.0 283.0 254.0 289.0 232.0 365.0 254.0 Grasp 0
335.0 286.0 302.0 234.0 321.0 222.0 354.0 274.0 Grasp 0
303.0 240.0 303.0 318.0 281.0 318.0 281.0 240.0 Grasp 0
271.0 335.0 233.0 274.0 252.0 262.0 290.0 323.0 Grasp 0
355.0 276.0 302.0 236.0 315.0 217.0 369.0 258.0 Grasp 0
299.0 305.0 287.0 239.0 309.0 234.0 322.0 301.0 Grasp 0
