351.0 215.0 295.0 277.0 277.0 262.0 334.0 199.0 Grasp 0
333.0 214.0 291.0 259.0 274.0 244.0 316.0 198.0 Grasp 0
327.0 199.0 276.0 255.0 259.0 240.0 310.0 184.0 Grasp 0
355.0 223.0 303.0 279.0 286.0 264.0 338.0 207.0 Grasp 0
366.0 236.0 318.0 289.0 301.0 273.0 349.0 221.0 Grasp 0
294.0 199.0 273.0 222.0 256.0 206.0 277.0 184.0 Grasp 0
377.0 249.0 344.0 303.0 324.0 290.0 358.0 236.0 Grasp 0
285.0 190.0 268.0 217.0 249.0 205.0 265.0 178.0 Grasp 0
367.0 245.0 327.0 289.0 310.0 274.0 350.0 229.0 Grasp 0
376.0 244.0 327.0 298.0 310.0 282.0 359.0 229.0 Grasp 0
302.0 194.0 273.0 240.0 254.0 228.0 282.0 182.0 Grasp 0
366.0 228.0 309.0 289.0 292.0 274.0 349.0 212.0 Grasp 0
343.0 210.0 289.0 269.0 272.0 254.0 326.0 195.0 Grasp 0
291.0 191.0 267.0 230.0 247.0 218.0 271.0 179.0 Grasp 0
329.0 197.0 288.0 263.0 269.0 251.0 310.0 185.0 Grasp 0
