436.0 185.0 429.0 221.0 406.0 217.0 413.0 181.0 Grasp 0
474.0 191.0 458.0 232.0 437.0 223.0 453.0 182.0 Grasp 0
406.0 269.0 366.0 289.0 356.0 268.0 395.0 249.0 Grasp 0
401.0 254.0 328.0 261.0 326.0 238.0 399.0 232.0 Grasp 0
448.0 188.0 441.0 224.0 419.0 219.0 426.0 184.0 Grasp 0
398.0 267.0 364.0 277.0 357.0 255.0 392.0 245.0 Grasp 0
391.0 222.0 375.0 135.0 397.0 131.0 413.0 218.0 Grasp 0
411.0 304.0 381.0 319.0 371.0 299.0 401.0 284.0 Grasp 0
394.0 258.0 361.0 267.0 355.0 245.0 388.0 236.0 Grasp 0
422.0 145.0 422.0 229.0 399.0 229.0 399.0 145.0 Grasp 0
401.0 281.0 371.0 289.0 364.0 267.0 395.0 259.0 Grasp 0
414.0 294.0 377.0 313.0 367.0 292.0 404.0 274.0 Grasp 0
493.0 198.0 479.0 234.0 458.0 225.0 471.0 190.0 Grasp 0
461.0 191.0 447.0 229.0 425.0 221.0 440.0 183.0 Grasp 0
430.0 158.0 430.0 232.0 407.0 232.0 407.0 158.0 Grasp 0
483.0 195.0 469.0 232.0 447.0 224.0 462.0 187.0 Grasp 0
427.0 183.0 420.0 219.0 397.0 215.0 404.0 178.0 Grasp 0
405.0 277.0 360.0 281.0 357.0 258.0 403.0 254.0 Grasp 0
416.0 295.0 388.0 326.0 371.0 311.0 399.0 280.0 Grasp 0
439.0 177.0 439.0 226.0 416.0 226.0 416.0 177.0 Grasp 0
