341.0 234.0 306.0 261.0 293.0 244.0 328.0 217.0 Grasp 0
322.0 193.0 277.0 228.0 264.0 210.0 309.0 176.0 Grasp 0
292.0 169.0 263.0 191.0 250.0 174.0 278.0 152.0 Grasp 0
326.0 219.0 296.0 241.0 283.0 224.0 313.0 201.0 Grasp 0
363.0 258.0 330.0 295.0 314.0 280.0 347.0 243.0 Grasp 0
344.0 245.0 314.0 267.0 301.0 250.0 331.0 228.0 Grasp 0
302.0 171.0 260.0 202.0 247.0 185.0 289.0 153.0 Grasp 0
310.0 179.0 265.0 212.0 252.0 195.0 297.0 161.0 Grasp 0
318.0 203.0 286.0 227.0 273.0 210.0 305.0 185.0 Grasp 0
331.0 224.0 300.0 248.0 286.0 231.0 318.0 207.0 Grasp 0
351.0 248.0 316.0 274.0 303.0 257.0 338.0 230.0 Grasp 0
351.0 256.0 322.0 277.0 309.0 260.0 338.0 238.0 Grasp 0
300.0 182.0 271.0 203.0 258.0 186.0 287.0 164.0 Grasp 0
313.0 194.0 277.0 220.0 264.0 203.0 300.0 176.0 Grasp 0
366.0 266.0 336.0 298.0 320.0 283.0 350.0 251.0 Grasp 0
310.0 187.0 272.0 215.0 259.0 198.0 297.0 169.0 Grasp 0
369.0 270.0 321.0 294.0 311.0 274.0 359.0 250.0 Grasp 0
327.0 211.0 289.0 239.0 276.0 222.0 314.0 193.0 Grasp 0
369.0 283.0 341.0 304.0 328.0 286.0 356.0 265.0 Grasp 0
327.0 202.0 281.0 237.0 268.0 219.0 314.0 185.0 Grasp 0
356.0 260.0 321.0 286.0 308.0 269.0 343.0 242.0 Grasp 0
