242.0 246.0 230.0 183.0 252.0 179.0 264.0 242.0 Grasp 0
250.0 250.0 237.0 176.0 259.0 172.0 273.0 246.0 Grasp 0
262.0 253.0 247.0 172.0 269.0 168.0 284.0 249.0 Grasp 0
308.0 237.0 297.0 179.0 319.0 175.0 330.0 233.0 Grasp 0
282.0 243.0 282.0 171.0 305.0 171.0 305.0 243.0 Grasp 0
276.0 242.0 263.0 178.0 285.0 174.0 297.0 238.0 Grasp 0
333.0 234.0 313.0 180.0 333.0 172.0 354.0 226.0 Grasp 0
330.0 237.0 296.0 181.0 315.0 170.0 349.0 225.0 Grasp 0
299.0 243.0 286.0 173.0 308.0 169.0 321.0 239.0 Grasp 0
346.0 181.0 336.0 235.0 314.0 231.0 324.0 177.0 Grasp 0
237.0 257.0 221.0 173.0 243.0 169.0 259.0 253.0 Grasp 0
323.0 242.0 283.0 178.0 302.0 166.0 342.0 231.0 Grasp 0
259.0 255.0 213.0 182.0 232.0 170.0 278.0 244.0 Grasp 0
315.0 231.0 307.0 183.0 328.0 179.0 337.0 227.0 Grasp 0
279.0 170.0 262.0 258.0 240.0 254.0 257.0 166.0 Grasp 0
341.0 233.0 278.0 186.0 291.0 168.0 354.0 215.0 Grasp 0
263.0 250.0 263.0 171.0 286.0 171.0 286.0 250.0 Grasp 0
