410.0 153.0 371.0 111.0 388.0 96.0 426.0 138.0 Grasp 0
299.0 294.0 240.0 249.0 254.0 231.0 313.0 275.0 Grasp 0
415.0 131.0 373.0 110.0 383.0 90.0 424.0 111.0 Grasp 0
400.0 160.0 352.0 124.0 365.0 106.0 413.0 143.0 Grasp 0
377.0 192.0 325.0 153.0 339.0 135.0 391.0 174.0 Grasp 0
404.0 166.0 340.0 134.0 350.0 114.0 414.0 146.0 Grasp 0
291.0 310.0 225.0 261.0 239.0 243.0 304.0 292.0 Grasp 0
415.0 127.0 382.0 102.0 396.0 84.0 429.0 109.0 Grasp 0
347.0 236.0 288.0 192.0 302.0 173.0 361.0 218.0 Grasp 0
359.0 214.0 306.0 175.0 320.0 156.0 372.0 196.0 Grasp 0
314.0 278.0 252.0 231.0 266.0 213.0 328.0 260.0 Grasp 0
330.0 255.0 272.0 211.0 286.0 193.0 344.0 237.0 Grasp 0
380.0 191.0 348.0 107.0 369.0 99.0 401.0 183.0 Grasp 0
342.0 250.0 274.0 199.0 288.0 181.0 355.0 232.0 Grasp 0
381.0 204.0 312.0 152.0 326.0 134.0 394.0 186.0 Grasp 0
284.0 317.0 220.0 268.0 234.0 250.0 298.0 298.0 Grasp 0
279.0 322.0 216.0 275.0 230.0 256.0 293.0 304.0 Grasp 0
358.0 224.0 298.0 179.0 312.0 161.0 372.0 206.0 Grasp 0
394.0 187.0 319.0 150.0 329.0 130.0 404.0 167.0 Grasp 0
365.0 231.0 280.0 189.0 291.0 169.0 375.0 211.0 Grasp 0
427.0 118.0 387.0 98.0 397.0 78.0 437.0 98.0 Grasp 0
367.0 210.0 310.0 166.0 323.0 148.0 381.0 192.0 Grasp 0
307.0 290.0 243.0 242.0 257.0 224.0 321.0 272.0 Grasp 0
324.0 263.0 265.0 219.0 279.0 201.0 338.0 245.0 Grasp 0
398.0 187.0 325.0 132.0 339.0 114.0 411.0 169.0 Grasp 0
404.0 136.0 375.0 114.0 389.0 96.0 417.0 118.0 Grasp 0
402.0 153.0 355.0 117.0 369.0 99.0 416.0 135.0 Grasp 0
345.0 244.0 283.0 197.0 297.0 179.0 358.0 226.0 Grasp 0
