322.0 295.0 276.0 260.0 290.0 242.0 336.0 277.0 Grasp 0
362.0 208.0 318.0 230.0 308.0 210.0 351.0 188.0 Grasp 0
381.0 219.0 314.0 253.0 304.0 232.0 371.0 199.0 Grasp 0
327.0 278.0 292.0 252.0 305.0 234.0 341.0 260.0 Grasp 0
358.0 258.0 300.0 215.0 314.0 197.0 372.0 240.0 Grasp 0
363.0 193.0 363.0 247.0 339.0 247.0 339.0 193.0 Grasp 0
318.0 300.0 276.0 268.0 289.0 250.0 331.0 282.0 Grasp 0
332.0 284.0 282.0 259.0 292.0 239.0 342.0 264.0 Grasp 0
335.0 288.0 272.0 270.0 278.0 248.0 341.0 266.0 Grasp 0
342.0 253.0 309.0 228.0 323.0 209.0 356.0 234.0 Grasp 0
359.0 193.0 346.0 260.0 324.0 255.0 336.0 189.0 Grasp 0
388.0 224.0 305.0 232.0 303.0 209.0 386.0 201.0 Grasp 0
350.0 268.0 302.0 244.0 312.0 224.0 361.0 248.0 Grasp 0
360.0 264.0 308.0 180.0 328.0 168.0 380.0 252.0 Grasp 0
374.0 204.0 365.0 251.0 342.0 247.0 351.0 199.0 Grasp 0
366.0 250.0 307.0 205.0 320.0 187.0 380.0 232.0 Grasp 0
365.0 216.0 299.0 266.0 285.0 247.0 351.0 197.0 Grasp 0
344.0 182.0 344.0 257.0 321.0 257.0 321.0 182.0 Grasp 0
375.0 207.0 312.0 238.0 302.0 217.0 365.0 186.0 Grasp 0
303.0 307.0 290.0 239.0 313.0 235.0 325.0 303.0 Grasp 0
339.0 255.0 324.0 180.0 347.0 175.0 361.0 251.0 Grasp 0
