354.0 207.0 332.0 149.0 353.0 141.0 375.0 199.0 Grasp 0
364.0 208.0 319.0 159.0 336.0 144.0 380.0 193.0 Grasp 0
337.0 223.0 306.0 173.0 325.0 161.0 356.0 211.0 Grasp 0
349.0 232.0 279.0 180.0 293.0 162.0 362.0 214.0 Grasp 0
324.0 237.0 282.0 192.0 299.0 177.0 340.0 222.0 Grasp 0
339.0 237.0 295.0 167.0 315.0 155.0 358.0 225.0 Grasp 0
352.0 208.0 317.0 170.0 334.0 155.0 368.0 193.0 Grasp 0
329.0 246.0 285.0 175.0 304.0 164.0 348.0 234.0 Grasp 0
346.0 223.0 311.0 166.0 330.0 154.0 365.0 211.0 Grasp 0
327.0 249.0 271.0 187.0 288.0 172.0 344.0 234.0 Grasp 0
350.0 220.0 323.0 150.0 344.0 142.0 371.0 212.0 Grasp 0
375.0 204.0 304.0 169.0 315.0 149.0 385.0 184.0 Grasp 0
383.0 180.0 311.0 235.0 297.0 217.0 369.0 162.0 Grasp 0
339.0 233.0 279.0 188.0 293.0 170.0 352.0 215.0 Grasp 0
348.0 223.0 290.0 179.0 303.0 161.0 362.0 205.0 Grasp 0
374.0 167.0 313.0 234.0 296.0 219.0 358.0 152.0 Grasp 0
384.0 202.0 297.0 227.0 290.0 205.0 378.0 180.0 Grasp 0
