356.0 221.0 277.0 213.0 279.0 191.0 358.0 199.0 Grasp 0
342.0 255.0 286.0 249.0 288.0 228.0 344.0 233.0 Grasp 0
355.0 197.0 281.0 190.0 283.0 168.0 357.0 175.0 Grasp 0
355.0 225.0 280.0 232.0 278.0 211.0 353.0 204.0 Grasp 0
346.0 266.0 285.0 271.0 283.0 249.0 344.0 244.0 Grasp 0
357.0 209.0 277.0 201.0 279.0 179.0 359.0 187.0 Grasp 0
349.0 197.0 290.0 202.0 288.0 181.0 347.0 175.0 Grasp 0
344.0 227.0 288.0 221.0 290.0 199.0 346.0 205.0 Grasp 0
349.0 243.0 285.0 237.0 287.0 215.0 352.0 221.0 Grasp 0
358.0 250.0 278.0 273.0 272.0 252.0 352.0 229.0 Grasp 0
345.0 264.0 282.0 258.0 284.0 236.0 347.0 242.0 Grasp 0
344.0 280.0 278.0 261.0 284.0 240.0 350.0 259.0 Grasp 0
351.0 208.0 279.0 172.0 289.0 152.0 361.0 188.0 Grasp 0
354.0 251.0 272.0 243.0 274.0 222.0 356.0 229.0 Grasp 0
347.0 209.0 290.0 215.0 288.0 193.0 345.0 187.0 Grasp 0
359.0 180.0 284.0 201.0 278.0 180.0 353.0 158.0 Grasp 0
