390.0 97.0 333.0 139.0 320.0 122.0 377.0 79.0 Grasp 0
383.0 111.0 346.0 138.0 333.0 121.0 369.0 93.0 Grasp 0
356.0 61.0 313.0 94.0 299.0 76.0 343.0 43.0 Grasp 0
370.0 69.0 316.0 110.0 303.0 92.0 356.0 51.0 Grasp 0
398.0 124.0 367.0 158.0 351.0 143.0 382.0 109.0 Grasp 0
373.0 83.0 327.0 117.0 314.0 99.0 359.0 65.0 Grasp 0
405.0 141.0 380.0 169.0 363.0 154.0 389.0 126.0 Grasp 0
379.0 89.0 331.0 125.0 318.0 108.0 366.0 71.0 Grasp 0
406.0 132.0 353.0 158.0 343.0 138.0 396.0 112.0 Grasp 0
449.0 225.0 426.0 231.0 420.0 210.0 443.0 203.0 Grasp 0
346.0 41.0 296.0 78.0 283.0 61.0 333.0 23.0 Grasp 0
405.0 156.0 386.0 170.0 373.0 153.0 391.0 139.0 Grasp 0
394.0 108.0 343.0 147.0 329.0 129.0 380.0 91.0 Grasp 0
379.0 97.0 339.0 127.0 326.0 110.0 366.0 80.0 Grasp 0
357.0 71.0 321.0 98.0 308.0 80.0 344.0 53.0 Grasp 0
416.0 153.0 393.0 178.0 377.0 163.0 400.0 138.0 Grasp 0
393.0 111.0 355.0 152.0 339.0 138.0 377.0 96.0 Grasp 0
366.0 79.0 327.0 108.0 313.0 90.0 352.0 61.0 Grasp 0
354.0 46.0 299.0 88.0 285.0 71.0 341.0 28.0 Grasp 0
402.0 131.0 373.0 163.0 356.0 148.0 386.0 116.0 Grasp 0
500.0 294.0 488.0 303.0 475.0 286.0 487.0 277.0 Grasp 0
493.0 285.0 471.0 292.0 465.0 271.0 487.0 264.0 Grasp 0
405.0 145.0 364.0 166.0 354.0 146.0 395.0 126.0 Grasp 0
345.0 33.0 310.0 90.0 291.0 78.0 326.0 22.0 Grasp 0
451.0 219.0 436.0 235.0 420.0 220.0 434.0 204.0 Grasp 0
350.0 54.0 287.0 71.0 281.0 50.0 344.0 32.0 Grasp 0
419.0 171.0 402.0 190.0 386.0 175.0 402.0 156.0 Grasp 0
398.0 125.0 346.0 151.0 336.0 132.0 388.0 105.0 Grasp 0
