365.0 211.0 356.0 257.0 334.0 253.0 343.0 207.0 Grasp 0
349.0 207.0 349.0 257.0 327.0 257.0 327.0 207.0 Grasp 0
304.0 212.0 295.0 259.0 273.0 255.0 282.0 208.0 Grasp 0
306.0 266.0 283.0 209.0 303.0 201.0 326.0 259.0 Grasp 0
418.0 213.0 411.0 254.0 389.0 250.0 397.0 209.0 Grasp 0
324.0 212.0 315.0 259.0 293.0 255.0 302.0 208.0 Grasp 0
387.0 209.0 378.0 259.0 356.0 255.0 366.0 205.0 Grasp 0
328.0 262.0 308.0 212.0 329.0 204.0 348.0 254.0 Grasp 0
404.0 252.0 389.0 213.0 410.0 205.0 425.0 244.0 Grasp 0
295.0 212.0 275.0 264.0 255.0 257.0 275.0 204.0 Grasp 0
405.0 216.0 388.0 258.0 368.0 250.0 384.0 208.0 Grasp 0
368.0 258.0 350.0 213.0 371.0 205.0 388.0 251.0 Grasp 0
394.0 259.0 364.0 210.0 383.0 198.0 413.0 247.0 Grasp 0
361.0 214.0 344.0 259.0 323.0 251.0 341.0 206.0 Grasp 0
377.0 211.0 358.0 260.0 338.0 252.0 356.0 203.0 Grasp 0
340.0 212.0 331.0 258.0 310.0 254.0 318.0 208.0 Grasp 0
268.0 263.0 248.0 212.0 268.0 204.0 288.0 256.0 Grasp 0
316.0 212.0 295.0 264.0 275.0 256.0 295.0 204.0 Grasp 0
309.0 263.0 299.0 208.0 321.0 204.0 331.0 259.0 Grasp 0
404.0 205.0 380.0 267.0 360.0 259.0 384.0 197.0 Grasp 0
336.0 211.0 317.0 261.0 296.0 254.0 316.0 204.0 Grasp 0
287.0 215.0 270.0 260.0 250.0 252.0 267.0 208.0 Grasp 0
316.0 216.0 308.0 256.0 287.0 252.0 294.0 212.0 Grasp 0
355.0 262.0 326.0 215.0 345.0 204.0 373.0 250.0 Grasp 0
275.0 263.0 256.0 214.0 276.0 206.0 295.0 255.0 Grasp 0
414.0 214.0 396.0 260.0 376.0 252.0 394.0 206.0 Grasp 0
295.0 262.0 276.0 214.0 297.0 206.0 315.0 254.0 Grasp 0
397.0 253.0 381.0 212.0 401.0 204.0 417.0 245.0 Grasp 0
340.0 262.0 320.0 211.0 340.0 203.0 360.0 255.0 Grasp 0
381.0 262.0 360.0 208.0 380.0 200.0 401.0 254.0 Grasp 0
380.0 206.0 370.0 263.0 348.0 259.0 359.0 202.0 Grasp 0
364.0 266.0 341.0 206.0 361.0 198.0 384.0 258.0 Grasp 0
322.0 261.0 295.0 217.0 313.0 206.0 340.0 250.0 Grasp 0
348.0 206.0 337.0 263.0 315.0 259.0 326.0 202.0 Grasp 0
281.0 207.0 281.0 261.0 259.0 261.0 259.0 207.0 Grasp 0
397.0 212.0 397.0 252.0 375.0 252.0 375.0 212.0 Grasp 0
290.0 266.0 257.0 213.0 276.0 202.0 308.0 254.0 Grasp 0
