411.0 278.0 329.0 319.0 319.0 298.0 401.0 258.0 Grasp 0
405.0 291.0 342.0 322.0 332.0 302.0 395.0 270.0 Grasp 0
396.0 265.0 331.0 298.0 321.0 277.0 385.0 245.0 Grasp 0
409.0 279.0 353.0 340.0 336.0 325.0 392.0 264.0 Grasp 0
413.0 322.0 327.0 314.0 329.0 292.0 415.0 300.0 Grasp 0
412.0 304.0 337.0 325.0 331.0 303.0 405.0 282.0 Grasp 0
394.0 254.0 325.0 288.0 315.0 268.0 384.0 234.0 Grasp 0
385.0 241.0 322.0 272.0 312.0 252.0 375.0 221.0 Grasp 0
387.0 227.0 328.0 292.0 311.0 277.0 371.0 212.0 Grasp 0
400.0 277.0 336.0 308.0 326.0 288.0 389.0 256.0 Grasp 0
395.0 252.0 312.0 276.0 306.0 254.0 389.0 231.0 Grasp 0
