449.0 230.0 414.0 288.0 395.0 276.0 430.0 219.0 Grasp 0
500.0 246.0 438.0 313.0 422.0 298.0 483.0 231.0 Grasp 0
484.0 243.0 458.0 308.0 438.0 300.0 463.0 235.0 Grasp 0
398.0 203.0 385.0 272.0 363.0 268.0 376.0 199.0 Grasp 0
453.0 229.0 428.0 295.0 407.0 287.0 432.0 221.0 Grasp 0
470.0 236.0 445.0 301.0 424.0 293.0 449.0 228.0 Grasp 0
430.0 229.0 391.0 271.0 374.0 256.0 413.0 214.0 Grasp 0
409.0 213.0 387.0 270.0 366.0 262.0 388.0 205.0 Grasp 0
458.0 237.0 436.0 292.0 415.0 284.0 437.0 229.0 Grasp 0
418.0 217.0 395.0 275.0 374.0 267.0 397.0 209.0 Grasp 0
433.0 217.0 407.0 284.0 386.0 276.0 412.0 209.0 Grasp 0
414.0 226.0 368.0 260.0 355.0 242.0 401.0 208.0 Grasp 0
399.0 219.0 374.0 258.0 355.0 246.0 380.0 207.0 Grasp 0
422.0 225.0 404.0 273.0 383.0 265.0 401.0 217.0 Grasp 0
392.0 212.0 383.0 259.0 361.0 255.0 370.0 208.0 Grasp 0
404.0 294.0 371.0 210.0 392.0 202.0 425.0 286.0 Grasp 0
386.0 282.0 386.0 207.0 408.0 207.0 408.0 282.0 Grasp 0
478.0 230.0 446.0 313.0 425.0 305.0 457.0 222.0 Grasp 0
383.0 276.0 370.0 211.0 392.0 207.0 405.0 272.0 Grasp 0
466.0 228.0 436.0 305.0 415.0 297.0 445.0 219.0 Grasp 0
