308.0 150.0 281.0 170.0 267.0 153.0 294.0 132.0 Grasp 0
304.0 145.0 271.0 161.0 261.0 141.0 294.0 125.0 Grasp 0
296.0 120.0 256.0 140.0 246.0 120.0 286.0 100.0 Grasp 0
327.0 163.0 308.0 212.0 287.0 204.0 306.0 155.0 Grasp 0
293.0 110.0 250.0 132.0 240.0 112.0 283.0 90.0 Grasp 0
305.0 132.0 271.0 158.0 257.0 140.0 292.0 114.0 Grasp 0
301.0 126.0 259.0 147.0 249.0 127.0 291.0 106.0 Grasp 0
319.0 181.0 292.0 195.0 282.0 175.0 309.0 161.0 Grasp 0
313.0 160.0 286.0 181.0 272.0 163.0 299.0 143.0 Grasp 0
290.0 104.0 260.0 137.0 243.0 122.0 273.0 89.0 Grasp 0
296.0 135.0 268.0 149.0 258.0 129.0 287.0 115.0 Grasp 0
317.0 169.0 288.0 191.0 274.0 173.0 304.0 151.0 Grasp 0
320.0 198.0 284.0 201.0 282.0 179.0 318.0 176.0 Grasp 0
332.0 163.0 319.0 237.0 297.0 232.0 311.0 159.0 Grasp 0
329.0 179.0 304.0 207.0 287.0 192.0 313.0 164.0 Grasp 0
320.0 187.0 282.0 190.0 280.0 168.0 318.0 164.0 Grasp 0
