306.0 273.0 271.0 234.0 287.0 219.0 322.0 258.0 Grasp 0
320.0 257.0 291.0 226.0 308.0 211.0 337.0 242.0 Grasp 0
344.0 248.0 306.0 208.0 323.0 193.0 360.0 233.0 Grasp 0
345.0 240.0 316.0 209.0 333.0 194.0 361.0 225.0 Grasp 0
284.0 282.0 256.0 251.0 272.0 236.0 300.0 267.0 Grasp 0
326.0 258.0 298.0 212.0 317.0 200.0 345.0 246.0 Grasp 0
314.0 264.0 283.0 229.0 299.0 214.0 331.0 249.0 Grasp 0
345.0 235.0 325.0 203.0 344.0 191.0 364.0 224.0 Grasp 0
362.0 232.0 335.0 188.0 354.0 177.0 381.0 220.0 Grasp 0
355.0 236.0 329.0 193.0 348.0 182.0 374.0 224.0 Grasp 0
335.0 247.0 306.0 216.0 323.0 201.0 351.0 232.0 Grasp 0
288.0 283.0 261.0 238.0 280.0 227.0 307.0 271.0 Grasp 0
370.0 233.0 324.0 198.0 338.0 180.0 384.0 215.0 Grasp 0
298.0 276.0 266.0 241.0 282.0 226.0 314.0 261.0 Grasp 0
300.0 281.0 254.0 246.0 268.0 229.0 314.0 263.0 Grasp 0
