368.0 249.0 348.0 303.0 327.0 295.0 347.0 241.0 Grasp 0
350.0 238.0 325.0 302.0 304.0 294.0 329.0 230.0 Grasp 0
327.0 237.0 306.0 290.0 285.0 282.0 306.0 229.0 Grasp 0
280.0 210.0 251.0 284.0 230.0 276.0 259.0 201.0 Grasp 0
270.0 218.0 249.0 273.0 228.0 264.0 249.0 210.0 Grasp 0
333.0 230.0 320.0 300.0 298.0 296.0 311.0 226.0 Grasp 0
324.0 223.0 294.0 300.0 273.0 291.0 302.0 214.0 Grasp 0
385.0 255.0 365.0 307.0 344.0 299.0 364.0 246.0 Grasp 0
245.0 279.0 231.0 208.0 254.0 203.0 268.0 275.0 Grasp 0
295.0 221.0 283.0 283.0 260.0 278.0 272.0 217.0 Grasp 0
342.0 242.0 322.0 294.0 301.0 286.0 321.0 234.0 Grasp 0
358.0 242.0 335.0 303.0 314.0 295.0 337.0 234.0 Grasp 0
280.0 223.0 260.0 274.0 238.0 265.0 258.0 215.0 Grasp 0
288.0 226.0 269.0 276.0 247.0 268.0 266.0 218.0 Grasp 0
310.0 234.0 291.0 283.0 269.0 275.0 288.0 226.0 Grasp 0
290.0 208.0 274.0 292.0 251.0 288.0 267.0 204.0 Grasp 0
262.0 204.0 248.0 279.0 225.0 275.0 239.0 200.0 Grasp 0
379.0 250.0 356.0 308.0 336.0 300.0 358.0 242.0 Grasp 0
295.0 214.0 250.0 288.0 230.0 275.0 276.0 202.0 Grasp 0
282.0 209.0 267.0 287.0 245.0 282.0 259.0 204.0 Grasp 0
389.0 246.0 376.0 317.0 354.0 313.0 367.0 242.0 Grasp 0
399.0 257.0 377.0 313.0 356.0 304.0 377.0 249.0 Grasp 0
