377.0 208.0 336.0 212.0 334.0 190.0 375.0 186.0 Grasp 0
379.0 240.0 338.0 244.0 336.0 221.0 377.0 218.0 Grasp 0
376.0 200.0 335.0 204.0 333.0 182.0 374.0 178.0 Grasp 0
363.0 64.0 347.0 23.0 368.0 15.0 384.0 56.0 Grasp 0
334.0 25.0 327.0 66.0 305.0 62.0 312.0 21.0 Grasp 0
308.0 66.0 301.0 28.0 323.0 24.0 330.0 62.0 Grasp 0
363.0 119.0 335.0 122.0 332.0 100.0 361.0 97.0 Grasp 0
379.0 220.0 335.0 224.0 333.0 202.0 377.0 198.0 Grasp 0
378.0 233.0 339.0 236.0 337.0 214.0 376.0 211.0 Grasp 0
394.0 319.0 343.0 334.0 337.0 312.0 388.0 298.0 Grasp 0
364.0 160.0 340.0 162.0 338.0 140.0 362.0 138.0 Grasp 0
381.0 288.0 346.0 291.0 344.0 269.0 379.0 266.0 Grasp 0
387.0 303.0 345.0 307.0 343.0 284.0 385.0 281.0 Grasp 0
389.0 310.0 341.0 314.0 339.0 292.0 387.0 288.0 Grasp 0
349.0 81.0 315.0 26.0 334.0 14.0 368.0 69.0 Grasp 0
366.0 27.0 344.0 84.0 323.0 76.0 345.0 19.0 Grasp 0
383.0 254.0 338.0 258.0 336.0 236.0 381.0 232.0 Grasp 0
386.0 280.0 339.0 284.0 337.0 262.0 384.0 257.0 Grasp 0
370.0 188.0 338.0 191.0 336.0 169.0 368.0 166.0 Grasp 0
384.0 294.0 341.0 298.0 339.0 276.0 382.0 272.0 Grasp 0
362.0 144.0 340.0 146.0 338.0 124.0 360.0 122.0 Grasp 0
363.0 132.0 337.0 135.0 335.0 112.0 361.0 110.0 Grasp 0
384.0 261.0 337.0 265.0 335.0 243.0 382.0 239.0 Grasp 0
352.0 22.0 342.0 74.0 320.0 70.0 330.0 18.0 Grasp 0
360.0 98.0 331.0 100.0 329.0 78.0 358.0 75.0 Grasp 0
368.0 170.0 339.0 178.0 333.0 157.0 362.0 149.0 Grasp 0
362.0 73.0 317.0 24.0 334.0 9.0 379.0 58.0 Grasp 0
360.0 111.0 336.0 113.0 334.0 91.0 358.0 89.0 Grasp 0
363.0 152.0 340.0 154.0 338.0 132.0 361.0 130.0 Grasp 0
387.0 25.0 341.0 99.0 322.0 87.0 368.0 13.0 Grasp 0
359.0 89.0 332.0 92.0 330.0 70.0 357.0 67.0 Grasp 0
380.0 270.0 344.0 273.0 342.0 251.0 378.0 248.0 Grasp 0
389.0 312.0 347.0 324.0 341.0 303.0 383.0 291.0 Grasp 0
350.0 17.0 327.0 76.0 307.0 68.0 329.0 9.0 Grasp 0
370.0 180.0 340.0 183.0 338.0 161.0 368.0 158.0 Grasp 0
388.0 332.0 345.0 336.0 343.0 314.0 386.0 310.0 Grasp 0
365.0 21.0 332.0 75.0 313.0 63.0 346.0 10.0 Grasp 0
380.0 23.0 330.0 78.0 314.0 63.0 364.0 8.0 Grasp 0
392.0 328.0 338.0 323.0 340.0 301.0 394.0 306.0 Grasp 0
365.0 73.0 332.0 19.0 351.0 8.0 384.0 61.0 Grasp 0
378.0 248.0 342.0 252.0 340.0 230.0 376.0 226.0 Grasp 0
403.0 69.0 321.0 92.0 315.0 71.0 397.0 48.0 Grasp 0
351.0 87.0 300.0 31.0 316.0 16.0 368.0 72.0 Grasp 0
373.0 69.0 329.0 73.0 327.0 51.0 371.0 47.0 Grasp 0
