368.0 273.0 290.0 295.0 283.0 274.0 362.0 252.0 Grasp 0
362.0 327.0 293.0 321.0 295.0 298.0 364.0 305.0 Grasp 0
365.0 283.0 294.0 303.0 287.0 282.0 359.0 261.0 Grasp 0
344.0 190.0 278.0 240.0 264.0 222.0 330.0 172.0 Grasp 0
361.0 243.0 279.0 251.0 277.0 229.0 359.0 221.0 Grasp 0
332.0 187.0 292.0 191.0 290.0 169.0 330.0 165.0 Grasp 0
349.0 211.0 284.0 217.0 282.0 195.0 347.0 189.0 Grasp 0
364.0 317.0 286.0 310.0 288.0 288.0 366.0 295.0 Grasp 0
330.0 177.0 292.0 181.0 290.0 159.0 328.0 155.0 Grasp 0
355.0 220.0 283.0 240.0 277.0 218.0 349.0 198.0 Grasp 0
359.0 259.0 285.0 266.0 283.0 244.0 357.0 237.0 Grasp 0
373.0 274.0 276.0 283.0 274.0 261.0 371.0 252.0 Grasp 0
354.0 231.0 282.0 211.0 288.0 189.0 360.0 210.0 Grasp 0
365.0 300.0 297.0 319.0 291.0 297.0 359.0 278.0 Grasp 0
362.0 268.0 284.0 275.0 282.0 253.0 360.0 245.0 Grasp 0
335.0 188.0 282.0 203.0 276.0 182.0 329.0 167.0 Grasp 0
356.0 216.0 285.0 196.0 291.0 174.0 362.0 194.0 Grasp 0
373.0 315.0 297.0 336.0 291.0 314.0 366.0 293.0 Grasp 0
362.0 251.0 280.0 259.0 278.0 237.0 360.0 229.0 Grasp 0
344.0 204.0 287.0 209.0 285.0 187.0 342.0 182.0 Grasp 0
363.0 292.0 298.0 311.0 292.0 289.0 357.0 271.0 Grasp 0
356.0 245.0 277.0 222.0 283.0 201.0 362.0 223.0 Grasp 0
325.0 167.0 293.0 169.0 291.0 147.0 323.0 144.0 Grasp 0
379.0 296.0 296.0 337.0 286.0 317.0 369.0 276.0 Grasp 0
353.0 212.0 281.0 233.0 274.0 211.0 347.0 190.0 Grasp 0
