385.0 234.0 352.0 179.0 371.0 167.0 405.0 222.0 Grasp 0
349.0 263.0 310.0 200.0 329.0 188.0 368.0 251.0 Grasp 0
357.0 259.0 317.0 194.0 337.0 182.0 377.0 246.0 Grasp 0
412.0 228.0 360.0 172.0 378.0 156.0 429.0 213.0 Grasp 0
397.0 239.0 351.0 166.0 371.0 154.0 416.0 227.0 Grasp 0
371.0 248.0 333.0 186.0 352.0 174.0 390.0 236.0 Grasp 0
383.0 243.0 342.0 177.0 362.0 165.0 403.0 231.0 Grasp 0
362.0 252.0 325.0 193.0 345.0 180.0 382.0 240.0 Grasp 0
421.0 229.0 335.0 186.0 345.0 166.0 431.0 208.0 Grasp 0
322.0 269.0 293.0 222.0 312.0 210.0 341.0 257.0 Grasp 0
304.0 267.0 288.0 241.0 307.0 229.0 323.0 255.0 Grasp 0
372.0 161.0 372.0 262.0 349.0 262.0 349.0 161.0 Grasp 0
410.0 223.0 372.0 162.0 392.0 149.0 430.0 211.0 Grasp 0
313.0 266.0 292.0 233.0 312.0 221.0 332.0 254.0 Grasp 0
361.0 171.0 361.0 265.0 338.0 265.0 338.0 171.0 Grasp 0
