326.0 189.0 312.0 263.0 290.0 258.0 304.0 185.0 Grasp 0
314.0 185.0 300.0 261.0 278.0 257.0 292.0 181.0 Grasp 0
360.0 204.0 350.0 261.0 327.0 257.0 338.0 200.0 Grasp 0
328.0 266.0 283.0 218.0 300.0 202.0 344.0 251.0 Grasp 0
341.0 200.0 317.0 262.0 296.0 253.0 320.0 192.0 Grasp 0
361.0 197.0 332.0 271.0 311.0 263.0 340.0 189.0 Grasp 0
344.0 268.0 314.0 191.0 335.0 183.0 365.0 260.0 Grasp 0
345.0 198.0 333.0 260.0 311.0 256.0 323.0 194.0 Grasp 0
375.0 213.0 300.0 269.0 286.0 251.0 361.0 195.0 Grasp 0
345.0 273.0 330.0 191.0 352.0 186.0 368.0 268.0 Grasp 0
378.0 202.0 351.0 272.0 330.0 264.0 357.0 194.0 Grasp 0
366.0 242.0 289.0 203.0 299.0 184.0 376.0 222.0 Grasp 0
301.0 262.0 287.0 186.0 309.0 182.0 323.0 258.0 Grasp 0
350.0 184.0 350.0 270.0 327.0 270.0 327.0 184.0 Grasp 0
329.0 177.0 329.0 270.0 306.0 270.0 306.0 177.0 Grasp 0
