299.0 181.0 289.0 205.0 269.0 197.0 278.0 173.0 Grasp 0
273.0 301.0 248.0 260.0 267.0 248.0 292.0 289.0 Grasp 0
296.0 179.0 278.0 208.0 259.0 196.0 278.0 167.0 Grasp 0
416.0 251.0 358.0 188.0 375.0 173.0 432.0 235.0 Grasp 0
358.0 299.0 319.0 235.0 338.0 224.0 377.0 287.0 Grasp 0
278.0 261.0 263.0 298.0 242.0 290.0 257.0 253.0 Grasp 0
300.0 291.0 281.0 260.0 300.0 248.0 319.0 279.0 Grasp 0
372.0 176.0 327.0 225.0 311.0 210.0 355.0 161.0 Grasp 0
382.0 290.0 319.0 242.0 333.0 224.0 396.0 272.0 Grasp 0
280.0 296.0 260.0 264.0 279.0 252.0 299.0 284.0 Grasp 0
358.0 302.0 298.0 256.0 311.0 238.0 372.0 284.0 Grasp 0
263.0 265.0 257.0 296.0 235.0 292.0 241.0 261.0 Grasp 0
281.0 170.0 264.0 198.0 246.0 186.0 263.0 159.0 Grasp 0
447.0 202.0 380.0 168.0 390.0 148.0 457.0 182.0 Grasp 0
428.0 226.0 359.0 174.0 372.0 156.0 442.0 208.0 Grasp 0
322.0 298.0 292.0 250.0 311.0 238.0 341.0 286.0 Grasp 0
317.0 281.0 310.0 245.0 332.0 240.0 339.0 277.0 Grasp 0
274.0 169.0 253.0 191.0 237.0 177.0 257.0 155.0 Grasp 0
281.0 175.0 251.0 197.0 238.0 180.0 267.0 157.0 Grasp 0
316.0 300.0 274.0 254.0 291.0 239.0 332.0 285.0 Grasp 0
352.0 172.0 320.0 224.0 301.0 212.0 333.0 160.0 Grasp 0
332.0 303.0 299.0 250.0 318.0 239.0 351.0 291.0 Grasp 0
434.0 220.0 376.0 155.0 392.0 140.0 451.0 205.0 Grasp 0
331.0 171.0 313.0 218.0 292.0 210.0 311.0 163.0 Grasp 0
296.0 175.0 265.0 208.0 249.0 193.0 279.0 160.0 Grasp 0
343.0 179.0 309.0 216.0 293.0 201.0 327.0 164.0 Grasp 0
292.0 291.0 274.0 262.0 293.0 250.0 311.0 280.0 Grasp 0
372.0 291.0 312.0 246.0 326.0 228.0 385.0 273.0 Grasp 0
354.0 186.0 322.0 221.0 306.0 206.0 337.0 171.0 Grasp 0
306.0 180.0 295.0 209.0 274.0 201.0 285.0 172.0 Grasp 0
256.0 298.0 242.0 263.0 263.0 255.0 277.0 290.0 Grasp 0
313.0 183.0 303.0 209.0 282.0 201.0 292.0 175.0 Grasp 0
438.0 222.0 365.0 167.0 378.0 149.0 452.0 204.0 Grasp 0
