424.0 219.0 393.0 297.0 372.0 289.0 402.0 211.0 Grasp 0
446.0 234.0 419.0 304.0 398.0 295.0 425.0 225.0 Grasp 0
413.0 223.0 389.0 285.0 367.0 277.0 391.0 215.0 Grasp 0
467.0 245.0 441.0 312.0 420.0 304.0 446.0 236.0 Grasp 0
385.0 222.0 367.0 268.0 346.0 260.0 364.0 214.0 Grasp 0
438.0 232.0 411.0 299.0 390.0 291.0 416.0 223.0 Grasp 0
378.0 217.0 355.0 254.0 336.0 242.0 359.0 205.0 Grasp 0
377.0 224.0 364.0 258.0 343.0 250.0 356.0 215.0 Grasp 0
477.0 250.0 451.0 316.0 430.0 308.0 455.0 242.0 Grasp 0
455.0 238.0 428.0 308.0 406.0 299.0 433.0 230.0 Grasp 0
404.0 220.0 380.0 281.0 359.0 272.0 382.0 211.0 Grasp 0
429.0 226.0 402.0 297.0 380.0 289.0 408.0 217.0 Grasp 0
369.0 221.0 350.0 252.0 330.0 240.0 350.0 209.0 Grasp 0
