372.0 297.0 356.0 323.0 337.0 312.0 353.0 286.0 Grasp 0
389.0 307.0 372.0 333.0 353.0 322.0 370.0 295.0 Grasp 0
277.0 239.0 260.0 266.0 242.0 255.0 258.0 228.0 Grasp 0
326.0 268.0 308.0 296.0 289.0 285.0 307.0 256.0 Grasp 0
355.0 285.0 338.0 314.0 319.0 303.0 337.0 274.0 Grasp 0
270.0 236.0 254.0 261.0 236.0 250.0 251.0 224.0 Grasp 0
313.0 260.0 296.0 288.0 277.0 276.0 295.0 249.0 Grasp 0
304.0 252.0 286.0 281.0 267.0 270.0 285.0 240.0 Grasp 0
285.0 244.0 269.0 270.0 250.0 259.0 266.0 232.0 Grasp 0
384.0 302.0 366.0 332.0 347.0 320.0 366.0 290.0 Grasp 0
293.0 247.0 275.0 276.0 256.0 265.0 275.0 235.0 Grasp 0
263.0 233.0 248.0 258.0 229.0 246.0 244.0 222.0 Grasp 0
341.0 278.0 325.0 305.0 306.0 293.0 322.0 266.0 Grasp 0
331.0 273.0 316.0 297.0 297.0 286.0 312.0 261.0 Grasp 0
369.0 295.0 344.0 322.0 328.0 307.0 353.0 280.0 Grasp 0
311.0 258.0 284.0 288.0 268.0 273.0 295.0 243.0 Grasp 0
319.0 265.0 302.0 291.0 284.0 280.0 300.0 253.0 Grasp 0
349.0 283.0 333.0 309.0 314.0 297.0 330.0 272.0 Grasp 0
