384.0 334.0 325.0 290.0 339.0 272.0 398.0 316.0 Grasp 0
401.0 306.0 356.0 271.0 369.0 253.0 415.0 288.0 Grasp 0
424.0 292.0 369.0 251.0 383.0 233.0 437.0 274.0 Grasp 0
393.0 314.0 348.0 280.0 361.0 262.0 406.0 296.0 Grasp 0
421.0 283.0 383.0 241.0 400.0 226.0 438.0 268.0 Grasp 0
412.0 302.0 365.0 250.0 381.0 235.0 429.0 287.0 Grasp 0
440.0 269.0 390.0 231.0 404.0 213.0 454.0 251.0 Grasp 0
383.0 327.0 338.0 278.0 355.0 263.0 400.0 312.0 Grasp 0
435.0 286.0 379.0 224.0 395.0 209.0 452.0 271.0 Grasp 0
448.0 273.0 380.0 240.0 390.0 219.0 458.0 253.0 Grasp 0
412.0 288.0 399.0 216.0 421.0 212.0 434.0 284.0 Grasp 0
404.0 306.0 360.0 258.0 377.0 243.0 421.0 291.0 Grasp 0
366.0 337.0 334.0 286.0 353.0 274.0 385.0 325.0 Grasp 0
397.0 319.0 347.0 264.0 363.0 249.0 413.0 304.0 Grasp 0
375.0 327.0 339.0 288.0 356.0 273.0 392.0 312.0 Grasp 0
365.0 340.0 323.0 293.0 339.0 278.0 382.0 325.0 Grasp 0
