367.0 265.0 352.0 281.0 336.0 266.0 351.0 250.0 Grasp 0
343.0 245.0 330.0 260.0 314.0 245.0 327.0 230.0 Grasp 0
352.0 253.0 339.0 267.0 322.0 252.0 336.0 238.0 Grasp 0
271.0 181.0 256.0 197.0 240.0 182.0 254.0 166.0 Grasp 0
307.0 212.0 292.0 229.0 276.0 214.0 291.0 197.0 Grasp 0
337.0 238.0 322.0 254.0 306.0 240.0 321.0 224.0 Grasp 0
282.0 191.0 268.0 206.0 252.0 191.0 266.0 176.0 Grasp 0
299.0 205.0 284.0 222.0 268.0 207.0 283.0 190.0 Grasp 0
291.0 198.0 277.0 214.0 260.0 199.0 275.0 183.0 Grasp 0
329.0 231.0 314.0 247.0 298.0 232.0 312.0 216.0 Grasp 0
321.0 227.0 302.0 241.0 289.0 224.0 308.0 209.0 Grasp 0
315.0 220.0 302.0 235.0 285.0 220.0 299.0 205.0 Grasp 0
360.0 258.0 345.0 275.0 329.0 260.0 344.0 243.0 Grasp 0
325.0 221.0 310.0 245.0 292.0 233.0 306.0 209.0 Grasp 0
372.0 267.0 361.0 285.0 343.0 273.0 354.0 255.0 Grasp 0
