307.0 265.0 255.0 291.0 245.0 271.0 297.0 245.0 Grasp 0
272.0 208.0 240.0 259.0 221.0 247.0 253.0 196.0 Grasp 0
305.0 245.0 260.0 294.0 243.0 279.0 288.0 230.0 Grasp 0
284.0 231.0 233.0 257.0 223.0 237.0 274.0 211.0 Grasp 0
302.0 256.0 268.0 293.0 252.0 278.0 285.0 241.0 Grasp 0
295.0 234.0 251.0 283.0 234.0 268.0 279.0 219.0 Grasp 0
287.0 237.0 246.0 267.0 233.0 250.0 274.0 219.0 Grasp 0
304.0 254.0 245.0 283.0 235.0 263.0 294.0 234.0 Grasp 0
318.0 309.0 300.0 322.0 287.0 305.0 305.0 291.0 Grasp 0
282.0 218.0 230.0 258.0 217.0 240.0 269.0 200.0 Grasp 0
314.0 294.0 290.0 311.0 277.0 294.0 300.0 276.0 Grasp 0
315.0 306.0 289.0 319.0 279.0 300.0 305.0 286.0 Grasp 0
315.0 273.0 285.0 306.0 269.0 291.0 299.0 258.0 Grasp 0
308.0 284.0 270.0 303.0 260.0 283.0 298.0 264.0 Grasp 0
307.0 273.0 274.0 297.0 260.0 280.0 293.0 255.0 Grasp 0
324.0 316.0 305.0 330.0 292.0 312.0 311.0 298.0 Grasp 0
308.0 281.0 256.0 296.0 250.0 275.0 302.0 260.0 Grasp 0
283.0 221.0 241.0 266.0 225.0 251.0 266.0 206.0 Grasp 0
311.0 289.0 280.0 305.0 270.0 285.0 301.0 270.0 Grasp 0
293.0 216.0 237.0 278.0 221.0 263.0 277.0 201.0 Grasp 0
299.0 240.0 258.0 286.0 241.0 271.0 283.0 225.0 Grasp 0
286.0 229.0 219.0 248.0 213.0 227.0 280.0 208.0 Grasp 0
