374.0 236.0 295.0 258.0 289.0 237.0 368.0 215.0 Grasp 0
316.0 58.0 261.0 74.0 254.0 52.0 310.0 36.0 Grasp 0
347.0 169.0 282.0 175.0 280.0 153.0 345.0 147.0 Grasp 0
358.0 220.0 297.0 226.0 295.0 204.0 356.0 198.0 Grasp 0
317.0 83.0 272.0 96.0 266.0 74.0 311.0 62.0 Grasp 0
320.0 72.0 265.0 88.0 259.0 66.0 314.0 51.0 Grasp 0
327.0 93.0 268.0 110.0 262.0 89.0 321.0 72.0 Grasp 0
308.0 41.0 260.0 65.0 250.0 45.0 298.0 21.0 Grasp 0
328.0 113.0 277.0 128.0 271.0 106.0 322.0 92.0 Grasp 0
353.0 193.0 289.0 199.0 287.0 177.0 351.0 171.0 Grasp 0
327.0 110.0 267.0 115.0 265.0 93.0 325.0 87.0 Grasp 0
356.0 196.0 295.0 226.0 286.0 206.0 346.0 176.0 Grasp 0
351.0 178.0 291.0 196.0 285.0 174.0 345.0 157.0 Grasp 0
331.0 145.0 290.0 157.0 284.0 136.0 325.0 124.0 Grasp 0
375.0 261.0 306.0 280.0 300.0 259.0 369.0 240.0 Grasp 0
361.0 216.0 300.0 246.0 291.0 227.0 351.0 196.0 Grasp 0
372.0 248.0 303.0 267.0 297.0 246.0 366.0 227.0 Grasp 0
317.0 55.0 253.0 61.0 251.0 39.0 315.0 33.0 Grasp 0
320.0 65.0 260.0 82.0 254.0 60.0 314.0 43.0 Grasp 0
350.0 191.0 297.0 217.0 288.0 198.0 340.0 172.0 Grasp 0
364.0 206.0 285.0 213.0 283.0 191.0 362.0 184.0 Grasp 0
352.0 177.0 284.0 183.0 282.0 161.0 350.0 155.0 Grasp 0
308.0 49.0 259.0 54.0 257.0 32.0 306.0 27.0 Grasp 0
346.0 182.0 297.0 206.0 287.0 187.0 336.0 162.0 Grasp 0
355.0 205.0 298.0 233.0 289.0 213.0 346.0 185.0 Grasp 0
339.0 150.0 293.0 173.0 283.0 154.0 329.0 130.0 Grasp 0
352.0 163.0 283.0 197.0 273.0 178.0 342.0 144.0 Grasp 0
342.0 160.0 291.0 186.0 281.0 166.0 332.0 141.0 Grasp 0
368.0 233.0 296.0 240.0 294.0 218.0 366.0 211.0 Grasp 0
345.0 155.0 274.0 161.0 272.0 139.0 343.0 133.0 Grasp 0
326.0 127.0 286.0 138.0 280.0 117.0 320.0 106.0 Grasp 0
374.0 218.0 291.0 259.0 282.0 239.0 364.0 198.0 Grasp 0
