342.0 180.0 282.0 174.0 284.0 152.0 344.0 157.0 Grasp 0
341.0 207.0 286.0 202.0 288.0 179.0 343.0 184.0 Grasp 0
347.0 196.0 281.0 190.0 284.0 167.0 349.0 173.0 Grasp 0
352.0 260.0 286.0 266.0 284.0 243.0 349.0 237.0 Grasp 0
359.0 316.0 284.0 323.0 282.0 301.0 357.0 294.0 Grasp 0
345.0 169.0 285.0 186.0 279.0 165.0 339.0 147.0 Grasp 0
355.0 225.0 280.0 232.0 278.0 210.0 353.0 203.0 Grasp 0
357.0 278.0 281.0 271.0 283.0 249.0 359.0 256.0 Grasp 0
346.0 188.0 279.0 182.0 281.0 159.0 349.0 166.0 Grasp 0
344.0 216.0 289.0 222.0 287.0 199.0 342.0 194.0 Grasp 0
355.0 247.0 282.0 254.0 280.0 231.0 353.0 225.0 Grasp 0
363.0 294.0 282.0 317.0 276.0 295.0 357.0 272.0 Grasp 0
345.0 188.0 286.0 205.0 280.0 183.0 339.0 166.0 Grasp 0
355.0 293.0 288.0 299.0 286.0 277.0 353.0 271.0 Grasp 0
365.0 309.0 279.0 317.0 277.0 295.0 363.0 287.0 Grasp 0
359.0 277.0 283.0 299.0 277.0 277.0 353.0 256.0 Grasp 0
351.0 239.0 284.0 245.0 282.0 223.0 349.0 217.0 Grasp 0
363.0 293.0 278.0 285.0 280.0 263.0 365.0 271.0 Grasp 0
356.0 270.0 284.0 290.0 278.0 269.0 350.0 248.0 Grasp 0
348.0 178.0 282.0 197.0 276.0 175.0 342.0 156.0 Grasp 0
350.0 207.0 281.0 214.0 279.0 191.0 348.0 185.0 Grasp 0
