373.0 165.0 341.0 149.0 350.0 129.0 383.0 145.0 Grasp 0
313.0 271.0 262.0 310.0 248.0 292.0 299.0 254.0 Grasp 0
340.0 212.0 313.0 198.0 322.0 178.0 349.0 192.0 Grasp 0
309.0 284.0 233.0 291.0 231.0 269.0 307.0 261.0 Grasp 0
435.0 77.0 391.0 56.0 401.0 36.0 445.0 58.0 Grasp 0
351.0 190.0 328.0 179.0 338.0 159.0 361.0 170.0 Grasp 0
424.0 94.0 381.0 61.0 394.0 44.0 437.0 76.0 Grasp 0
300.0 270.0 277.0 258.0 287.0 239.0 310.0 250.0 Grasp 0
415.0 103.0 379.0 85.0 388.0 65.0 425.0 83.0 Grasp 0
395.0 141.0 351.0 119.0 361.0 99.0 405.0 121.0 Grasp 0
382.0 157.0 343.0 138.0 353.0 118.0 392.0 137.0 Grasp 0
427.0 84.0 389.0 65.0 399.0 45.0 437.0 64.0 Grasp 0
271.0 258.0 256.0 296.0 235.0 288.0 250.0 250.0 Grasp 0
360.0 179.0 333.0 165.0 343.0 146.0 370.0 159.0 Grasp 0
279.0 247.0 279.0 316.0 257.0 316.0 257.0 247.0 Grasp 0
311.0 253.0 289.0 242.0 299.0 222.0 321.0 233.0 Grasp 0
410.0 109.0 373.0 90.0 383.0 71.0 420.0 89.0 Grasp 0
303.0 235.0 303.0 317.0 281.0 317.0 281.0 235.0 Grasp 0
406.0 120.0 364.0 99.0 374.0 79.0 416.0 100.0 Grasp 0
324.0 253.0 255.0 305.0 242.0 287.0 311.0 235.0 Grasp 0
322.0 287.0 289.0 324.0 273.0 309.0 306.0 272.0 Grasp 0
400.0 129.0 359.0 108.0 368.0 88.0 410.0 109.0 Grasp 0
308.0 281.0 236.0 245.0 245.0 225.0 318.0 261.0 Grasp 0
316.0 285.0 272.0 318.0 259.0 300.0 303.0 267.0 Grasp 0
319.0 241.0 297.0 230.0 307.0 210.0 329.0 221.0 Grasp 0
365.0 172.0 336.0 151.0 350.0 133.0 378.0 155.0 Grasp 0
295.0 245.0 295.0 316.0 272.0 316.0 272.0 245.0 Grasp 0
276.0 254.0 266.0 303.0 244.0 299.0 254.0 250.0 Grasp 0
423.0 96.0 379.0 74.0 389.0 55.0 432.0 76.0 Grasp 0
311.0 284.0 244.0 304.0 238.0 282.0 305.0 263.0 Grasp 0
343.0 205.0 317.0 185.0 330.0 167.0 356.0 187.0 Grasp 0
327.0 232.0 300.0 219.0 310.0 199.0 337.0 212.0 Grasp 0
383.0 155.0 341.0 123.0 354.0 105.0 397.0 137.0 Grasp 0
307.0 279.0 278.0 311.0 262.0 296.0 291.0 264.0 Grasp 0
314.0 300.0 234.0 260.0 244.0 240.0 324.0 280.0 Grasp 0
308.0 272.0 233.0 279.0 231.0 257.0 306.0 250.0 Grasp 0
335.0 218.0 310.0 205.0 320.0 185.0 345.0 198.0 Grasp 0
304.0 320.0 232.0 265.0 245.0 248.0 317.0 302.0 Grasp 0
307.0 265.0 281.0 252.0 291.0 232.0 317.0 245.0 Grasp 0
386.0 145.0 352.0 128.0 362.0 108.0 396.0 125.0 Grasp 0
272.0 322.0 259.0 253.0 281.0 248.0 294.0 318.0 Grasp 0
332.0 224.0 307.0 212.0 317.0 192.0 341.0 204.0 Grasp 0
394.0 132.0 359.0 115.0 369.0 95.0 404.0 113.0 Grasp 0
