335.0 247.0 276.0 202.0 289.0 184.0 348.0 229.0 Grasp 0
389.0 181.0 342.0 129.0 358.0 114.0 405.0 166.0 Grasp 0
364.0 209.0 309.0 167.0 322.0 150.0 377.0 191.0 Grasp 0
386.0 189.0 335.0 132.0 351.0 117.0 402.0 174.0 Grasp 0
348.0 232.0 288.0 187.0 302.0 169.0 361.0 214.0 Grasp 0
346.0 244.0 276.0 191.0 289.0 173.0 359.0 226.0 Grasp 0
282.0 313.0 224.0 249.0 240.0 234.0 298.0 298.0 Grasp 0
293.0 294.0 234.0 250.0 247.0 232.0 306.0 276.0 Grasp 0
379.0 196.0 320.0 151.0 333.0 134.0 392.0 178.0 Grasp 0
329.0 259.0 264.0 210.0 278.0 192.0 342.0 241.0 Grasp 0
301.0 291.0 223.0 269.0 229.0 247.0 307.0 270.0 Grasp 0
371.0 210.0 315.0 148.0 331.0 133.0 388.0 196.0 Grasp 0
349.0 222.0 297.0 183.0 310.0 165.0 362.0 205.0 Grasp 0
401.0 183.0 321.0 143.0 331.0 123.0 410.0 163.0 Grasp 0
318.0 261.0 263.0 220.0 277.0 203.0 331.0 244.0 Grasp 0
319.0 273.0 251.0 222.0 264.0 204.0 332.0 255.0 Grasp 0
356.0 217.0 302.0 177.0 315.0 159.0 369.0 199.0 Grasp 0
270.0 315.0 238.0 231.0 258.0 223.0 291.0 307.0 Grasp 0
310.0 275.0 250.0 230.0 264.0 212.0 324.0 257.0 Grasp 0
305.0 283.0 243.0 236.0 256.0 218.0 318.0 266.0 Grasp 0
379.0 187.0 328.0 149.0 342.0 132.0 392.0 170.0 Grasp 0
395.0 171.0 337.0 143.0 347.0 123.0 405.0 151.0 Grasp 0
