356.0 248.0 277.0 256.0 275.0 230.0 353.0 223.0 Grasp 0
355.0 270.0 270.0 228.0 281.0 205.0 367.0 247.0 Grasp 0
354.0 275.0 265.0 249.0 272.0 224.0 361.0 250.0 Grasp 0
341.0 270.0 279.0 239.0 290.0 216.0 353.0 247.0 Grasp 0
335.0 194.0 335.0 287.0 309.0 287.0 309.0 194.0 Grasp 0
324.0 284.0 282.0 217.0 304.0 203.0 346.0 270.0 Grasp 0
348.0 257.0 286.0 226.0 297.0 203.0 359.0 234.0 Grasp 0
343.0 269.0 290.0 211.0 309.0 194.0 362.0 251.0 Grasp 0
330.0 279.0 300.0 202.0 324.0 193.0 354.0 270.0 Grasp 0
336.0 287.0 273.0 239.0 288.0 219.0 351.0 266.0 Grasp 0
360.0 220.0 298.0 288.0 279.0 270.0 341.0 203.0 Grasp 0
319.0 297.0 271.0 218.0 293.0 204.0 342.0 283.0 Grasp 0
342.0 284.0 276.0 211.0 295.0 194.0 361.0 266.0 Grasp 0
342.0 205.0 310.0 286.0 286.0 277.0 318.0 195.0 Grasp 0
361.0 237.0 285.0 275.0 273.0 252.0 350.0 214.0 Grasp 0
356.0 247.0 280.0 240.0 283.0 215.0 358.0 222.0 Grasp 0
354.0 258.0 279.0 265.0 276.0 239.0 352.0 232.0 Grasp 0
328.0 295.0 289.0 193.0 313.0 184.0 352.0 285.0 Grasp 0
