350.0 271.0 315.0 214.0 334.0 203.0 369.0 259.0 Grasp 0
316.0 270.0 296.0 238.0 315.0 226.0 335.0 258.0 Grasp 0
377.0 253.0 356.0 199.0 377.0 191.0 398.0 245.0 Grasp 0
330.0 215.0 319.0 273.0 298.0 269.0 308.0 211.0 Grasp 0
363.0 268.0 336.0 199.0 357.0 191.0 384.0 260.0 Grasp 0
394.0 251.0 351.0 203.0 367.0 188.0 410.0 235.0 Grasp 0
363.0 270.0 324.0 206.0 343.0 194.0 382.0 258.0 Grasp 0
375.0 258.0 334.0 214.0 351.0 199.0 391.0 243.0 Grasp 0
296.0 280.0 276.0 247.0 295.0 236.0 315.0 268.0 Grasp 0
286.0 277.0 273.0 256.0 292.0 244.0 305.0 266.0 Grasp 0
287.0 285.0 263.0 259.0 280.0 244.0 303.0 270.0 Grasp 0
387.0 260.0 335.0 203.0 352.0 188.0 404.0 245.0 Grasp 0
387.0 262.0 359.0 190.0 380.0 182.0 408.0 254.0 Grasp 0
368.0 259.0 346.0 200.0 366.0 192.0 389.0 251.0 Grasp 0
308.0 276.0 287.0 242.0 306.0 230.0 327.0 264.0 Grasp 0
325.0 269.0 307.0 224.0 328.0 216.0 345.0 261.0 Grasp 0
382.0 190.0 367.0 271.0 345.0 267.0 360.0 186.0 Grasp 0
335.0 270.0 314.0 216.0 335.0 208.0 356.0 262.0 Grasp 0
353.0 264.0 324.0 217.0 343.0 205.0 372.0 253.0 Grasp 0
400.0 248.0 334.0 215.0 344.0 195.0 410.0 228.0 Grasp 0
355.0 205.0 355.0 267.0 332.0 267.0 332.0 205.0 Grasp 0
393.0 193.0 380.0 260.0 358.0 256.0 371.0 189.0 Grasp 0
