271.0 277.0 245.0 249.0 263.0 233.0 288.0 261.0 Grasp 0
149.0 187.0 118.0 178.0 125.0 156.0 156.0 164.0 Grasp 0
309.0 157.0 271.0 177.0 260.0 156.0 299.0 136.0 Grasp 0
150.0 198.0 108.0 194.0 110.0 171.0 152.0 174.0 Grasp 0
176.0 146.0 157.0 124.0 174.0 108.0 194.0 130.0 Grasp 0
237.0 303.0 220.0 258.0 242.0 250.0 259.0 294.0 Grasp 0
227.0 247.0 215.0 311.0 192.0 306.0 204.0 243.0 Grasp 0
201.0 240.0 201.0 303.0 177.0 303.0 177.0 240.0 Grasp 0
300.0 132.0 265.0 158.0 251.0 140.0 286.0 113.0 Grasp 0
279.0 264.0 251.0 243.0 265.0 224.0 293.0 245.0 Grasp 0
211.0 245.0 176.0 302.0 156.0 289.0 191.0 232.0 Grasp 0
213.0 316.0 199.0 243.0 222.0 239.0 236.0 312.0 Grasp 0
250.0 298.0 228.0 262.0 248.0 250.0 270.0 286.0 Grasp 0
197.0 250.0 159.0 291.0 142.0 275.0 179.0 234.0 Grasp 0
199.0 139.0 177.0 104.0 197.0 92.0 219.0 127.0 Grasp 0
181.0 216.0 138.0 286.0 118.0 274.0 162.0 204.0 Grasp 0
296.0 119.0 264.0 154.0 247.0 139.0 279.0 103.0 Grasp 0
207.0 137.0 185.0 100.0 204.0 88.0 227.0 124.0 Grasp 0
258.0 288.0 236.0 263.0 253.0 247.0 276.0 272.0 Grasp 0
185.0 144.0 162.0 118.0 179.0 102.0 203.0 128.0 Grasp 0
171.0 228.0 133.0 270.0 115.0 255.0 154.0 212.0 Grasp 0
303.0 192.0 273.0 195.0 270.0 172.0 301.0 169.0 Grasp 0
150.0 214.0 108.0 235.0 97.0 214.0 140.0 193.0 Grasp 0
208.0 130.0 195.0 98.0 217.0 90.0 229.0 122.0 Grasp 0
295.0 225.0 266.0 216.0 272.0 194.0 302.0 202.0 Grasp 0
248.0 82.0 237.0 136.0 214.0 132.0 225.0 77.0 Grasp 0
147.0 211.0 106.0 223.0 100.0 200.0 141.0 188.0 Grasp 0
229.0 309.0 208.0 254.0 230.0 245.0 251.0 301.0 Grasp 0
301.0 166.0 267.0 169.0 265.0 146.0 299.0 143.0 Grasp 0
190.0 228.0 164.0 294.0 142.0 286.0 168.0 219.0 Grasp 0
160.0 173.0 128.0 157.0 139.0 136.0 170.0 151.0 Grasp 0
167.0 221.0 125.0 267.0 107.0 251.0 150.0 205.0 Grasp 0
190.0 141.0 170.0 109.0 190.0 97.0 210.0 129.0 Grasp 0
240.0 254.0 229.0 310.0 206.0 305.0 217.0 250.0 Grasp 0
184.0 238.0 145.0 281.0 128.0 265.0 167.0 222.0 Grasp 0
253.0 250.0 242.0 311.0 219.0 307.0 230.0 246.0 Grasp 0
231.0 253.0 149.0 294.0 138.0 273.0 221.0 232.0 Grasp 0
303.0 183.0 272.0 186.0 270.0 163.0 301.0 160.0 Grasp 0
162.0 224.0 111.0 249.0 100.0 228.0 151.0 203.0 Grasp 0
267.0 278.0 243.0 260.0 257.0 241.0 281.0 259.0 Grasp 0
150.0 203.0 106.0 207.0 104.0 183.0 148.0 179.0 Grasp 0
283.0 254.0 253.0 232.0 267.0 213.0 297.0 236.0 Grasp 0
304.0 143.0 264.0 155.0 257.0 132.0 298.0 121.0 Grasp 0
307.0 112.0 264.0 181.0 244.0 169.0 287.0 100.0 Grasp 0
301.0 205.0 270.0 202.0 272.0 179.0 303.0 182.0 Grasp 0
158.0 166.0 134.0 148.0 149.0 130.0 172.0 148.0 Grasp 0
168.0 161.0 140.0 139.0 154.0 120.0 183.0 142.0 Grasp 0
151.0 179.0 125.0 166.0 135.0 145.0 162.0 158.0 Grasp 0
276.0 271.0 247.0 257.0 258.0 236.0 286.0 250.0 Grasp 0
