332.0 179.0 294.0 175.0 296.0 153.0 334.0 156.0 Grasp 0
333.0 185.0 295.0 189.0 293.0 167.0 331.0 163.0 Grasp 0
328.0 221.0 294.0 217.0 296.0 195.0 330.0 198.0 Grasp 0
336.0 209.0 293.0 213.0 291.0 191.0 334.0 187.0 Grasp 0
329.0 252.0 293.0 255.0 291.0 233.0 327.0 230.0 Grasp 0
340.0 248.0 300.0 279.0 286.0 261.0 327.0 231.0 Grasp 0
329.0 234.0 296.0 237.0 294.0 215.0 327.0 212.0 Grasp 0
330.0 202.0 292.0 199.0 294.0 176.0 332.0 180.0 Grasp 0
345.0 246.0 298.0 298.0 281.0 283.0 329.0 231.0 Grasp 0
336.0 197.0 290.0 192.0 292.0 170.0 339.0 174.0 Grasp 0
315.0 287.0 279.0 246.0 295.0 231.0 332.0 272.0 Grasp 0
330.0 242.0 292.0 246.0 290.0 224.0 328.0 220.0 Grasp 0
