342.0 272.0 322.0 220.0 343.0 212.0 363.0 263.0 Grasp 0
361.0 221.0 337.0 281.0 316.0 273.0 340.0 213.0 Grasp 0
272.0 221.0 261.0 280.0 239.0 276.0 250.0 217.0 Grasp 0
299.0 280.0 288.0 218.0 310.0 214.0 321.0 276.0 Grasp 0
267.0 286.0 241.0 219.0 262.0 211.0 288.0 278.0 Grasp 0
320.0 214.0 307.0 284.0 284.0 280.0 298.0 210.0 Grasp 0
316.0 276.0 305.0 220.0 328.0 215.0 338.0 272.0 Grasp 0
276.0 287.0 262.0 213.0 284.0 209.0 298.0 283.0 Grasp 0
245.0 285.0 232.0 217.0 254.0 212.0 267.0 281.0 Grasp 0
310.0 221.0 286.0 283.0 265.0 274.0 288.0 213.0 Grasp 0
295.0 217.0 283.0 282.0 260.0 278.0 273.0 212.0 Grasp 0
287.0 217.0 274.0 284.0 252.0 280.0 264.0 212.0 Grasp 0
285.0 283.0 273.0 217.0 295.0 213.0 307.0 279.0 Grasp 0
316.0 283.0 291.0 217.0 312.0 209.0 337.0 274.0 Grasp 0
363.0 221.0 353.0 275.0 331.0 271.0 341.0 217.0 Grasp 0
285.0 223.0 246.0 286.0 226.0 274.0 265.0 211.0 Grasp 0
331.0 215.0 319.0 281.0 297.0 277.0 309.0 211.0 Grasp 0
289.0 212.0 257.0 293.0 236.0 285.0 268.0 204.0 Grasp 0
268.0 283.0 256.0 218.0 278.0 214.0 290.0 279.0 Grasp 0
350.0 273.0 331.0 224.0 352.0 215.0 371.0 265.0 Grasp 0
251.0 279.0 240.0 223.0 263.0 219.0 273.0 275.0 Grasp 0
291.0 276.0 281.0 222.0 303.0 218.0 313.0 272.0 Grasp 0
