336.0 126.0 283.0 68.0 300.0 53.0 353.0 111.0 Grasp 0
363.0 105.0 321.0 38.0 341.0 26.0 382.0 93.0 Grasp 0
384.0 83.0 362.0 28.0 384.0 19.0 405.0 75.0 Grasp 0
432.0 12.0 432.0 78.0 409.0 78.0 409.0 12.0 Grasp 0
310.0 144.0 261.0 107.0 275.0 89.0 324.0 126.0 Grasp 0
444.0 14.0 444.0 75.0 421.0 75.0 421.0 14.0 Grasp 0
345.0 111.0 295.0 74.0 309.0 55.0 359.0 93.0 Grasp 0
323.0 135.0 267.0 107.0 277.0 87.0 333.0 115.0 Grasp 0
365.0 93.0 335.0 43.0 354.0 31.0 385.0 80.0 Grasp 0
297.0 150.0 260.0 122.0 273.0 104.0 310.0 132.0 Grasp 0
399.0 79.0 387.0 18.0 410.0 14.0 422.0 75.0 Grasp 0
359.0 112.0 294.0 63.0 308.0 45.0 372.0 94.0 Grasp 0
313.0 131.0 277.0 92.0 294.0 77.0 330.0 116.0 Grasp 0
305.0 147.0 267.0 86.0 286.0 74.0 324.0 135.0 Grasp 0
369.0 94.0 344.0 30.0 365.0 22.0 390.0 86.0 Grasp 0
497.0 51.0 482.0 89.0 461.0 81.0 476.0 43.0 Grasp 0
342.0 111.0 306.0 54.0 326.0 42.0 361.0 99.0 Grasp 0
403.0 91.0 374.0 14.0 395.0 6.0 425.0 83.0 Grasp 0
347.0 112.0 318.0 38.0 339.0 29.0 368.0 103.0 Grasp 0
420.0 12.0 406.0 86.0 384.0 81.0 397.0 8.0 Grasp 0
328.0 128.0 277.0 90.0 291.0 72.0 341.0 110.0 Grasp 0
462.0 25.0 453.0 76.0 430.0 72.0 440.0 20.0 Grasp 0
437.0 76.0 426.0 16.0 449.0 12.0 460.0 72.0 Grasp 0
375.0 89.0 352.0 29.0 374.0 21.0 397.0 80.0 Grasp 0
406.0 76.0 395.0 18.0 418.0 14.0 429.0 72.0 Grasp 0
385.0 86.0 372.0 15.0 394.0 10.0 408.0 82.0 Grasp 0
489.0 51.0 471.0 80.0 452.0 68.0 470.0 39.0 Grasp 0
503.0 74.0 491.0 93.0 472.0 82.0 484.0 62.0 Grasp 0
474.0 25.0 451.0 84.0 430.0 76.0 453.0 17.0 Grasp 0
361.0 109.0 307.0 50.0 324.0 34.0 378.0 94.0 Grasp 0
