530.0 31.0 530.0 31.0 541.0 16.0 541.0 16.0 Grasp 0
402.0 214.0 374.0 183.0 391.0 168.0 419.0 199.0 Grasp 0
437.0 201.0 398.0 158.0 415.0 143.0 454.0 186.0 Grasp 0
460.0 174.0 426.0 137.0 442.0 122.0 476.0 159.0 Grasp 0
469.0 172.0 430.0 129.0 446.0 114.0 485.0 157.0 Grasp 0
416.0 212.0 383.0 159.0 402.0 148.0 434.0 201.0 Grasp 0
412.0 208.0 380.0 173.0 396.0 158.0 428.0 193.0 Grasp 0
427.0 199.0 394.0 163.0 411.0 148.0 444.0 184.0 Grasp 0
482.0 164.0 446.0 106.0 465.0 94.0 501.0 153.0 Grasp 0
406.0 218.0 374.0 166.0 393.0 155.0 425.0 207.0 Grasp 0
454.0 178.0 419.0 140.0 436.0 125.0 471.0 163.0 Grasp 0
289.0 289.0 271.0 276.0 284.0 258.0 302.0 272.0 Grasp 0
493.0 152.0 456.0 111.0 473.0 96.0 509.0 136.0 Grasp 0
383.0 218.0 367.0 200.0 383.0 185.0 400.0 203.0 Grasp 0
321.0 262.0 307.0 246.0 324.0 232.0 337.0 247.0 Grasp 0
478.0 159.0 444.0 122.0 461.0 107.0 494.0 144.0 Grasp 0
310.0 275.0 290.0 260.0 303.0 243.0 323.0 257.0 Grasp 0
449.0 184.0 414.0 146.0 430.0 131.0 465.0 169.0 Grasp 0
430.0 210.0 377.0 169.0 391.0 152.0 444.0 192.0 Grasp 0
438.0 190.0 405.0 154.0 422.0 139.0 455.0 175.0 Grasp 0
271.0 302.0 254.0 289.0 267.0 271.0 284.0 284.0 Grasp 0
353.0 236.0 340.0 222.0 356.0 207.0 370.0 221.0 Grasp 0
478.0 169.0 434.0 120.0 450.0 105.0 494.0 154.0 Grasp 0
498.0 158.0 441.0 115.0 454.0 97.0 512.0 141.0 Grasp 0
315.0 269.0 297.0 255.0 311.0 238.0 329.0 251.0 Grasp 0
299.0 276.0 287.0 263.0 303.0 248.0 316.0 261.0 Grasp 0
368.0 224.0 355.0 204.0 374.0 192.0 386.0 212.0 Grasp 0
344.0 249.0 327.0 236.0 340.0 218.0 357.0 231.0 Grasp 0
390.0 217.0 368.0 192.0 384.0 178.0 407.0 203.0 Grasp 0
