337.0 283.0 269.0 249.0 279.0 229.0 347.0 263.0 Grasp 0
361.0 242.0 292.0 207.0 302.0 187.0 371.0 222.0 Grasp 0
316.0 311.0 255.0 281.0 265.0 261.0 326.0 291.0 Grasp 0
355.0 264.0 276.0 224.0 286.0 204.0 365.0 244.0 Grasp 0
304.0 325.0 250.0 284.0 264.0 266.0 318.0 307.0 Grasp 0
382.0 211.0 302.0 188.0 308.0 167.0 388.0 189.0 Grasp 0
327.0 318.0 242.0 294.0 248.0 272.0 333.0 296.0 Grasp 0
335.0 296.0 259.0 258.0 269.0 238.0 345.0 276.0 Grasp 0
358.0 249.0 287.0 214.0 297.0 194.0 368.0 229.0 Grasp 0
321.0 300.0 262.0 270.0 272.0 250.0 332.0 279.0 Grasp 0
371.0 233.0 296.0 196.0 306.0 176.0 381.0 213.0 Grasp 0
373.0 217.0 303.0 197.0 309.0 176.0 379.0 195.0 Grasp 0
312.0 338.0 238.0 281.0 251.0 263.0 326.0 320.0 Grasp 0
331.0 292.0 273.0 228.0 289.0 213.0 347.0 276.0 Grasp 0
343.0 267.0 279.0 236.0 289.0 216.0 353.0 247.0 Grasp 0
376.0 217.0 312.0 168.0 326.0 150.0 390.0 199.0 Grasp 0
349.0 282.0 263.0 239.0 273.0 219.0 359.0 262.0 Grasp 0
321.0 324.0 239.0 301.0 246.0 280.0 327.0 303.0 Grasp 0
