404.0 215.0 374.0 264.0 355.0 253.0 386.0 204.0 Grasp 0
306.0 135.0 294.0 201.0 272.0 197.0 284.0 131.0 Grasp 0
320.0 136.0 277.0 205.0 258.0 193.0 301.0 124.0 Grasp 0
432.0 260.0 408.0 285.0 392.0 270.0 415.0 245.0 Grasp 0
386.0 205.0 350.0 244.0 334.0 229.0 370.0 190.0 Grasp 0
399.0 220.0 368.0 255.0 351.0 240.0 383.0 205.0 Grasp 0
324.0 149.0 303.0 203.0 282.0 195.0 303.0 141.0 Grasp 0
423.0 233.0 395.0 279.0 376.0 268.0 404.0 222.0 Grasp 0
373.0 179.0 325.0 232.0 308.0 217.0 357.0 164.0 Grasp 0
408.0 224.0 382.0 266.0 363.0 254.0 389.0 212.0 Grasp 0
416.0 239.0 388.0 270.0 372.0 255.0 400.0 224.0 Grasp 0
338.0 151.0 299.0 215.0 280.0 203.0 319.0 139.0 Grasp 0
302.0 134.0 278.0 196.0 257.0 188.0 282.0 126.0 Grasp 0
434.0 244.0 406.0 290.0 387.0 278.0 415.0 233.0 Grasp 0
381.0 182.0 342.0 244.0 323.0 233.0 362.0 170.0 Grasp 0
343.0 167.0 316.0 211.0 297.0 199.0 324.0 155.0 Grasp 0
359.0 169.0 325.0 224.0 306.0 212.0 340.0 157.0 Grasp 0
330.0 141.0 285.0 212.0 266.0 201.0 310.0 129.0 Grasp 0
319.0 148.0 287.0 201.0 267.0 189.0 300.0 136.0 Grasp 0
320.0 152.0 267.0 191.0 254.0 173.0 307.0 134.0 Grasp 0
382.0 198.0 345.0 239.0 329.0 224.0 366.0 183.0 Grasp 0
350.0 154.0 322.0 225.0 302.0 217.0 329.0 146.0 Grasp 0
394.0 206.0 354.0 250.0 338.0 235.0 378.0 191.0 Grasp 0
373.0 181.0 339.0 236.0 320.0 225.0 354.0 169.0 Grasp 0
417.0 221.0 382.0 277.0 364.0 266.0 399.0 209.0 Grasp 0
277.0 203.0 265.0 134.0 287.0 130.0 300.0 198.0 Grasp 0
