427.0 329.0 366.0 360.0 353.0 333.0 413.0 303.0 Grasp 0
582.0 180.0 563.0 228.0 536.0 218.0 555.0 169.0 Grasp 0
243.0 235.0 180.0 188.0 198.0 165.0 260.0 213.0 Grasp 0
403.0 273.0 332.0 308.0 319.0 282.0 389.0 247.0 Grasp 0
524.0 132.0 482.0 200.0 457.0 184.0 499.0 116.0 Grasp 0
274.0 156.0 190.0 163.0 188.0 135.0 272.0 127.0 Grasp 0
485.0 107.0 442.0 177.0 417.0 161.0 460.0 92.0 Grasp 0
387.0 43.0 341.0 117.0 315.0 101.0 361.0 27.0 Grasp 0
393.0 249.0 316.0 288.0 303.0 262.0 380.0 223.0 Grasp 0
426.0 309.0 363.0 357.0 345.0 333.0 408.0 285.0 Grasp 0
500.0 116.0 457.0 185.0 432.0 170.0 475.0 100.0 Grasp 0
270.0 148.0 194.0 141.0 196.0 113.0 273.0 120.0 Grasp 0
407.0 282.0 338.0 317.0 324.0 291.0 394.0 256.0 Grasp 0
382.0 224.0 302.0 264.0 290.0 238.0 369.0 198.0 Grasp 0
473.0 98.0 429.0 168.0 404.0 153.0 448.0 82.0 Grasp 0
280.0 157.0 190.0 226.0 172.0 203.0 263.0 134.0 Grasp 0
438.0 75.0 375.0 143.0 353.0 123.0 416.0 55.0 Grasp 0
357.0 24.0 311.0 99.0 285.0 83.0 332.0 9.0 Grasp 0
411.0 292.0 344.0 325.0 330.0 299.0 398.0 265.0 Grasp 0
451.0 84.0 406.0 156.0 381.0 140.0 425.0 68.0 Grasp 0
397.0 261.0 323.0 297.0 310.0 271.0 384.0 234.0 Grasp 0
549.0 133.0 535.0 211.0 506.0 206.0 521.0 128.0 Grasp 0
265.0 139.0 198.0 105.0 210.0 79.0 278.0 113.0 Grasp 0
375.0 208.0 293.0 249.0 280.0 224.0 363.0 183.0 Grasp 0
440.0 77.0 396.0 150.0 370.0 134.0 415.0 62.0 Grasp 0
398.0 50.0 352.0 124.0 327.0 108.0 373.0 34.0 Grasp 0
279.0 157.0 186.0 184.0 178.0 156.0 271.0 130.0 Grasp 0
387.0 235.0 308.0 274.0 295.0 248.0 374.0 209.0 Grasp 0
518.0 126.0 459.0 192.0 437.0 172.0 497.0 107.0 Grasp 0
560.0 172.0 512.0 225.0 491.0 205.0 538.0 153.0 Grasp 0
348.0 18.0 301.0 94.0 275.0 78.0 322.0 2.0 Grasp 0
533.0 137.0 491.0 205.0 466.0 190.0 508.0 122.0 Grasp 0
570.0 182.0 547.0 218.0 523.0 202.0 545.0 166.0 Grasp 0
471.0 97.0 410.0 164.0 388.0 144.0 450.0 77.0 Grasp 0
375.0 36.0 329.0 111.0 303.0 95.0 350.0 21.0 Grasp 0
417.0 305.0 351.0 337.0 338.0 311.0 403.0 278.0 Grasp 0
418.0 63.0 373.0 136.0 347.0 120.0 393.0 47.0 Grasp 0
370.0 195.0 285.0 237.0 273.0 212.0 357.0 170.0 Grasp 0
539.0 156.0 492.0 208.0 471.0 189.0 518.0 137.0 Grasp 0
559.0 174.0 536.0 212.0 511.0 196.0 535.0 159.0 Grasp 0
417.0 265.0 377.0 368.0 349.0 357.0 389.0 254.0 Grasp 0
245.0 234.0 178.0 161.0 199.0 142.0 266.0 215.0 Grasp 0
284.0 155.0 183.0 205.0 170.0 180.0 271.0 130.0 Grasp 0
540.0 149.0 474.0 199.0 456.0 176.0 522.0 126.0 Grasp 0
272.0 139.0 196.0 132.0 198.0 103.0 274.0 110.0 Grasp 0
430.0 310.0 376.0 369.0 354.0 349.0 408.0 290.0 Grasp 0
551.0 167.0 526.0 208.0 501.0 193.0 526.0 152.0 Grasp 0
366.0 30.0 320.0 105.0 294.0 89.0 341.0 14.0 Grasp 0
502.0 116.0 421.0 177.0 403.0 153.0 485.0 92.0 Grasp 0
