576.0 256.0 547.0 331.0 520.0 320.0 549.0 246.0 Grasp 0
518.0 242.0 433.0 306.0 416.0 283.0 501.0 219.0 Grasp 0
511.0 189.0 484.0 121.0 511.0 110.0 538.0 179.0 Grasp 0
463.0 216.0 430.0 132.0 459.0 121.0 492.0 205.0 Grasp 0
552.0 247.0 537.0 327.0 509.0 322.0 524.0 242.0 Grasp 0
579.0 255.0 564.0 334.0 536.0 329.0 551.0 250.0 Grasp 0
544.0 247.0 515.0 320.0 488.0 310.0 517.0 237.0 Grasp 0
503.0 237.0 476.0 305.0 449.0 295.0 476.0 226.0 Grasp 0
514.0 240.0 487.0 309.0 460.0 299.0 487.0 229.0 Grasp 0
298.0 266.0 264.0 352.0 237.0 342.0 271.0 255.0 Grasp 0
506.0 196.0 408.0 205.0 405.0 175.0 503.0 166.0 Grasp 0
507.0 204.0 457.0 123.0 483.0 107.0 533.0 188.0 Grasp 0
486.0 128.0 447.0 229.0 418.0 218.0 457.0 117.0 Grasp 0
263.0 249.0 245.0 347.0 216.0 342.0 234.0 244.0 Grasp 0
529.0 185.0 486.0 115.0 511.0 100.0 554.0 169.0 Grasp 0
495.0 205.0 446.0 127.0 471.0 111.0 520.0 190.0 Grasp 0
530.0 244.0 502.0 315.0 476.0 305.0 503.0 233.0 Grasp 0
542.0 248.0 478.0 318.0 457.0 298.0 521.0 228.0 Grasp 0
386.0 288.0 370.0 203.0 399.0 197.0 415.0 283.0 Grasp 0
321.0 128.0 259.0 196.0 237.0 176.0 299.0 108.0 Grasp 0
388.0 324.0 290.0 373.0 277.0 347.0 374.0 298.0 Grasp 0
507.0 189.0 407.0 180.0 409.0 149.0 510.0 159.0 Grasp 0
494.0 196.0 479.0 116.0 507.0 111.0 522.0 190.0 Grasp 0
515.0 189.0 501.0 115.0 530.0 110.0 544.0 184.0 Grasp 0
534.0 176.0 511.0 116.0 538.0 105.0 561.0 165.0 Grasp 0
240.0 244.0 240.0 342.0 210.0 342.0 210.0 244.0 Grasp 0
277.0 246.0 277.0 353.0 247.0 353.0 247.0 246.0 Grasp 0
286.0 103.0 286.0 189.0 257.0 189.0 257.0 103.0 Grasp 0
491.0 139.0 424.0 212.0 401.0 191.0 467.0 118.0 Grasp 0
529.0 195.0 441.0 128.0 459.0 104.0 547.0 171.0 Grasp 0
527.0 243.0 464.0 312.0 442.0 293.0 505.0 224.0 Grasp 0
382.0 309.0 323.0 374.0 301.0 354.0 360.0 289.0 Grasp 0
