427.0 185.0 341.0 142.0 354.0 116.0 441.0 159.0 Grasp 0
253.0 203.0 253.0 341.0 223.0 341.0 223.0 203.0 Grasp 0
247.0 347.0 184.0 300.0 203.0 276.0 265.0 323.0 Grasp 0
297.0 215.0 215.0 223.0 212.0 194.0 294.0 187.0 Grasp 0
415.0 212.0 332.0 188.0 340.0 160.0 423.0 183.0 Grasp 0
291.0 259.0 188.0 310.0 174.0 283.0 277.0 231.0 Grasp 0
482.0 97.0 397.0 33.0 415.0 9.0 500.0 73.0 Grasp 0
248.0 344.0 182.0 272.0 205.0 251.0 270.0 323.0 Grasp 0
468.0 125.0 370.0 77.0 383.0 50.0 481.0 99.0 Grasp 0
283.0 208.0 220.0 138.0 242.0 119.0 305.0 188.0 Grasp 0
462.0 133.0 366.0 86.0 379.0 59.0 475.0 107.0 Grasp 0
312.0 159.0 224.0 202.0 211.0 176.0 299.0 133.0 Grasp 0
320.0 359.0 297.0 237.0 327.0 231.0 349.0 353.0 Grasp 0
294.0 203.0 213.0 163.0 226.0 136.0 307.0 177.0 Grasp 0
475.0 109.0 388.0 43.0 406.0 20.0 493.0 85.0 Grasp 0
440.0 166.0 350.0 121.0 363.0 94.0 454.0 139.0 Grasp 0
474.0 211.0 474.0 288.0 446.0 288.0 446.0 211.0 Grasp 0
289.0 215.0 217.0 195.0 225.0 167.0 297.0 187.0 Grasp 0
413.0 208.0 334.0 168.0 347.0 141.0 427.0 181.0 Grasp 0
310.0 208.0 197.0 264.0 184.0 238.0 297.0 181.0 Grasp 0
298.0 183.0 219.0 161.0 227.0 132.0 306.0 155.0 Grasp 0
462.0 147.0 352.0 115.0 360.0 87.0 470.0 118.0 Grasp 0
437.0 193.0 332.0 183.0 335.0 153.0 440.0 163.0 Grasp 0
292.0 236.0 210.0 243.0 207.0 214.0 290.0 207.0 Grasp 0
413.0 204.0 335.0 145.0 353.0 122.0 431.0 180.0 Grasp 0
287.0 260.0 193.0 287.0 184.0 257.0 278.0 230.0 Grasp 0
273.0 236.0 253.0 343.0 223.0 338.0 243.0 231.0 Grasp 0
434.0 176.0 345.0 132.0 358.0 105.0 447.0 149.0 Grasp 0
