525.0 353.0 457.0 373.0 448.0 342.0 516.0 323.0 Grasp 0
360.0 243.0 306.0 202.0 330.0 171.0 384.0 212.0 Grasp 0
351.0 246.0 292.0 217.0 309.0 182.0 369.0 212.0 Grasp 0
250.0 342.0 208.0 311.0 226.0 287.0 268.0 318.0 Grasp 0
492.0 188.0 436.0 278.0 408.0 261.0 464.0 170.0 Grasp 0
519.0 81.0 464.0 86.0 462.0 56.0 517.0 51.0 Grasp 0
524.0 323.0 451.0 343.0 443.0 313.0 516.0 292.0 Grasp 0
266.0 340.0 220.0 317.0 233.0 290.0 279.0 313.0 Grasp 0
612.0 235.0 606.0 267.0 576.0 261.0 582.0 229.0 Grasp 0
602.0 218.0 596.0 250.0 567.0 245.0 573.0 212.0 Grasp 0
579.0 199.0 572.0 235.0 543.0 230.0 550.0 194.0 Grasp 0
524.0 97.0 471.0 81.0 479.0 52.0 532.0 68.0 Grasp 0
618.0 226.0 605.0 259.0 576.0 247.0 589.0 215.0 Grasp 0
533.0 367.0 468.0 373.0 465.0 341.0 530.0 335.0 Grasp 0
383.0 243.0 311.0 223.0 322.0 184.0 394.0 205.0 Grasp 0
522.0 106.0 466.0 91.0 474.0 61.0 530.0 77.0 Grasp 0
514.0 341.0 437.0 349.0 434.0 317.0 511.0 310.0 Grasp 0
598.0 237.0 585.0 269.0 558.0 258.0 571.0 226.0 Grasp 0
609.0 242.0 592.0 269.0 567.0 254.0 584.0 226.0 Grasp 0
580.0 210.0 573.0 247.0 544.0 241.0 551.0 205.0 Grasp 0
598.0 205.0 591.0 241.0 562.0 235.0 568.0 199.0 Grasp 0
516.0 126.0 465.0 101.0 478.0 74.0 529.0 100.0 Grasp 0
338.0 252.0 293.0 203.0 322.0 176.0 367.0 225.0 Grasp 0
532.0 306.0 492.0 371.0 465.0 354.0 505.0 290.0 Grasp 0
265.0 329.0 220.0 306.0 233.0 279.0 279.0 302.0 Grasp 0
535.0 216.0 535.0 180.0 565.0 180.0 565.0 216.0 Grasp 0
512.0 355.0 441.0 361.0 438.0 330.0 509.0 323.0 Grasp 0
406.0 81.0 353.0 86.0 351.0 56.0 403.0 51.0 Grasp 0
536.0 339.0 479.0 382.0 460.0 357.0 517.0 314.0 Grasp 0
270.0 349.0 219.0 335.0 227.0 305.0 278.0 320.0 Grasp 0
513.0 204.0 433.0 291.0 409.0 269.0 489.0 182.0 Grasp 0
383.0 227.0 317.0 194.0 334.0 159.0 400.0 192.0 Grasp 0
393.0 79.0 352.0 67.0 359.0 40.0 400.0 51.0 Grasp 0
529.0 356.0 454.0 349.0 457.0 317.0 532.0 324.0 Grasp 0
610.0 210.0 603.0 246.0 573.0 240.0 579.0 205.0 Grasp 0
622.0 247.0 604.0 277.0 578.0 261.0 596.0 231.0 Grasp 0
396.0 57.0 363.0 32.0 381.0 8.0 414.0 34.0 Grasp 0
513.0 312.0 460.0 370.0 436.0 348.0 489.0 291.0 Grasp 0
