351.0 112.0 268.0 136.0 260.0 108.0 343.0 84.0 Grasp 0
412.0 240.0 329.0 216.0 337.0 188.0 421.0 212.0 Grasp 0
283.0 331.0 256.0 263.0 283.0 253.0 310.0 320.0 Grasp 0
247.0 352.0 219.0 306.0 243.0 291.0 272.0 337.0 Grasp 0
324.0 43.0 249.0 100.0 231.0 77.0 307.0 20.0 Grasp 0
355.0 84.0 296.0 147.0 275.0 128.0 333.0 64.0 Grasp 0
253.0 351.0 228.0 286.0 255.0 276.0 280.0 340.0 Grasp 0
383.0 271.0 307.0 233.0 321.0 207.0 396.0 244.0 Grasp 0
341.0 63.0 263.0 123.0 245.0 100.0 324.0 40.0 Grasp 0
375.0 277.0 302.0 241.0 315.0 214.0 388.0 251.0 Grasp 0
426.0 221.0 392.0 184.0 413.0 165.0 447.0 202.0 Grasp 0
367.0 287.0 280.0 262.0 288.0 233.0 375.0 258.0 Grasp 0
400.0 255.0 327.0 218.0 340.0 192.0 413.0 228.0 Grasp 0
234.0 358.0 208.0 316.0 232.0 301.0 258.0 343.0 Grasp 0
345.0 293.0 289.0 251.0 307.0 227.0 363.0 270.0 Grasp 0
385.0 266.0 322.0 218.0 340.0 195.0 403.0 242.0 Grasp 0
344.0 62.0 277.0 136.0 255.0 116.0 322.0 43.0 Grasp 0
357.0 135.0 322.0 162.0 304.0 139.0 340.0 112.0 Grasp 0
406.0 171.0 346.0 217.0 328.0 193.0 389.0 147.0 Grasp 0
366.0 78.0 317.0 157.0 292.0 142.0 341.0 63.0 Grasp 0
268.0 342.0 252.0 260.0 281.0 255.0 296.0 337.0 Grasp 0
348.0 82.0 262.0 126.0 249.0 100.0 336.0 56.0 Grasp 0
322.0 38.0 234.0 82.0 221.0 56.0 309.0 12.0 Grasp 0
275.0 336.0 241.0 281.0 266.0 266.0 300.0 321.0 Grasp 0
355.0 117.0 309.0 152.0 291.0 129.0 338.0 94.0 Grasp 0
354.0 276.0 313.0 231.0 334.0 211.0 376.0 256.0 Grasp 0
350.0 73.0 286.0 143.0 265.0 123.0 328.0 53.0 Grasp 0
362.0 146.0 329.0 171.0 312.0 148.0 345.0 123.0 Grasp 0
260.0 347.0 245.0 267.0 273.0 262.0 288.0 342.0 Grasp 0
422.0 213.0 325.0 222.0 322.0 193.0 419.0 184.0 Grasp 0
415.0 224.0 395.0 173.0 421.0 163.0 441.0 214.0 Grasp 0
353.0 287.0 296.0 244.0 314.0 221.0 371.0 264.0 Grasp 0
384.0 249.0 368.0 162.0 397.0 157.0 413.0 244.0 Grasp 0
220.0 361.0 198.0 325.0 222.0 310.0 244.0 346.0 Grasp 0
408.0 256.0 300.0 246.0 302.0 216.0 411.0 226.0 Grasp 0
334.0 53.0 255.0 113.0 238.0 89.0 316.0 30.0 Grasp 0
321.0 304.0 279.0 258.0 301.0 238.0 343.0 284.0 Grasp 0
340.0 286.0 305.0 229.0 330.0 213.0 365.0 271.0 Grasp 0
373.0 142.0 335.0 183.0 314.0 164.0 351.0 123.0 Grasp 0
392.0 157.0 392.0 270.0 362.0 270.0 362.0 157.0 Grasp 0
315.0 225.0 315.0 324.0 286.0 324.0 286.0 225.0 Grasp 0
299.0 242.0 299.0 340.0 270.0 340.0 270.0 242.0 Grasp 0
362.0 270.0 320.0 224.0 342.0 204.0 384.0 250.0 Grasp 0
370.0 110.0 320.0 164.0 299.0 145.0 348.0 90.0 Grasp 0
268.0 342.0 235.0 288.0 259.0 273.0 293.0 327.0 Grasp 0
