513.0 105.0 481.0 81.0 500.0 57.0 531.0 81.0 Grasp 0
295.0 232.0 264.0 197.0 285.0 178.0 316.0 212.0 Grasp 0
300.0 205.0 276.0 166.0 301.0 150.0 325.0 189.0 Grasp 0
262.0 300.0 225.0 272.0 243.0 249.0 279.0 277.0 Grasp 0
378.0 361.0 366.0 299.0 395.0 294.0 406.0 356.0 Grasp 0
388.0 369.0 376.0 310.0 404.0 305.0 416.0 364.0 Grasp 0
363.0 303.0 353.0 360.0 324.0 354.0 335.0 298.0 Grasp 0
554.0 74.0 524.0 51.0 542.0 26.0 573.0 50.0 Grasp 0
282.0 275.0 237.0 279.0 234.0 250.0 279.0 246.0 Grasp 0
531.0 104.0 499.0 79.0 518.0 55.0 550.0 79.0 Grasp 0
305.0 255.0 263.0 234.0 276.0 208.0 317.0 229.0 Grasp 0
380.0 361.0 347.0 309.0 372.0 294.0 404.0 346.0 Grasp 0
356.0 375.0 345.0 316.0 373.0 310.0 384.0 370.0 Grasp 0
434.0 362.0 390.0 313.0 411.0 294.0 455.0 343.0 Grasp 0
553.0 188.0 498.0 193.0 495.0 162.0 550.0 157.0 Grasp 0
453.0 361.0 431.0 337.0 455.0 315.0 477.0 340.0 Grasp 0
425.0 47.0 395.0 70.0 376.0 46.0 407.0 22.0 Grasp 0
300.0 215.0 269.0 181.0 290.0 161.0 322.0 196.0 Grasp 0
516.0 129.0 483.0 105.0 501.0 81.0 534.0 106.0 Grasp 0
548.0 53.0 515.0 37.0 529.0 10.0 561.0 26.0 Grasp 0
533.0 79.0 500.0 63.0 513.0 36.0 546.0 53.0 Grasp 0
277.0 282.0 236.0 261.0 249.0 235.0 290.0 256.0 Grasp 0
280.0 292.0 238.0 296.0 235.0 267.0 278.0 263.0 Grasp 0
294.0 282.0 252.0 294.0 244.0 266.0 286.0 254.0 Grasp 0
523.0 83.0 492.0 67.0 505.0 41.0 536.0 56.0 Grasp 0
306.0 221.0 282.0 182.0 306.0 166.0 331.0 206.0 Grasp 0
429.0 79.0 397.0 103.0 379.0 80.0 411.0 56.0 Grasp 0
542.0 77.0 514.0 56.0 531.0 33.0 559.0 53.0 Grasp 0
301.0 249.0 270.0 215.0 291.0 196.0 322.0 230.0 Grasp 0
511.0 302.0 472.0 365.0 448.0 350.0 487.0 287.0 Grasp 0
424.0 66.0 392.0 91.0 374.0 67.0 406.0 43.0 Grasp 0
298.0 280.0 252.0 276.0 255.0 247.0 301.0 251.0 Grasp 0
394.0 361.0 362.0 310.0 386.0 294.0 418.0 346.0 Grasp 0
352.0 367.0 330.0 310.0 357.0 300.0 379.0 357.0 Grasp 0
357.0 357.0 335.0 299.0 362.0 289.0 384.0 346.0 Grasp 0
555.0 62.0 524.0 39.0 543.0 15.0 573.0 38.0 Grasp 0
391.0 28.0 364.0 49.0 346.0 25.0 373.0 5.0 Grasp 0
423.0 60.0 389.0 77.0 376.0 50.0 410.0 33.0 Grasp 0
406.0 46.0 377.0 68.0 359.0 44.0 388.0 22.0 Grasp 0
288.0 260.0 248.0 240.0 261.0 214.0 301.0 234.0 Grasp 0
422.0 209.0 387.0 226.0 374.0 200.0 409.0 182.0 Grasp 0
557.0 50.0 530.0 30.0 548.0 7.0 574.0 26.0 Grasp 0
546.0 209.0 497.0 205.0 500.0 175.0 549.0 180.0 Grasp 0
440.0 88.0 403.0 106.0 390.0 80.0 427.0 62.0 Grasp 0
534.0 224.0 490.0 212.0 498.0 183.0 542.0 195.0 Grasp 0
405.0 377.0 382.0 319.0 409.0 309.0 432.0 367.0 Grasp 0
291.0 67.0 262.0 59.0 269.0 32.0 299.0 40.0 Grasp 0
341.0 367.0 320.0 312.0 347.0 301.0 368.0 356.0 Grasp 0
418.0 360.0 375.0 314.0 397.0 294.0 439.0 341.0 Grasp 0
405.0 36.0 377.0 57.0 359.0 33.0 388.0 12.0 Grasp 0
552.0 172.0 502.0 186.0 494.0 157.0 544.0 143.0 Grasp 0
251.0 315.0 223.0 284.0 245.0 265.0 273.0 296.0 Grasp 0
538.0 70.0 504.0 53.0 517.0 26.0 551.0 43.0 Grasp 0
440.0 77.0 403.0 95.0 390.0 69.0 427.0 51.0 Grasp 0
499.0 301.0 459.0 366.0 435.0 351.0 475.0 286.0 Grasp 0
306.0 237.0 275.0 203.0 296.0 184.0 327.0 218.0 Grasp 0
420.0 35.0 389.0 58.0 371.0 34.0 401.0 11.0 Grasp 0
421.0 202.0 382.0 213.0 374.0 185.0 413.0 174.0 Grasp 0
511.0 119.0 477.0 93.0 495.0 70.0 529.0 95.0 Grasp 0
423.0 173.0 378.0 139.0 396.0 115.0 441.0 149.0 Grasp 0
520.0 115.0 487.0 89.0 504.0 66.0 538.0 91.0 Grasp 0
383.0 375.0 361.0 320.0 388.0 309.0 410.0 365.0 Grasp 0
434.0 95.0 402.0 120.0 384.0 96.0 416.0 72.0 Grasp 0
395.0 350.0 363.0 298.0 387.0 283.0 420.0 335.0 Grasp 0
297.0 270.0 257.0 266.0 260.0 237.0 299.0 240.0 Grasp 0
435.0 215.0 408.0 245.0 386.0 225.0 413.0 195.0 Grasp 0
537.0 88.0 508.0 66.0 525.0 43.0 555.0 65.0 Grasp 0
546.0 136.0 498.0 171.0 480.0 147.0 528.0 111.0 Grasp 0
290.0 236.0 253.0 207.0 271.0 184.0 308.0 212.0 Grasp 0
291.0 244.0 248.0 223.0 261.0 197.0 303.0 218.0 Grasp 0
474.0 271.0 460.0 235.0 488.0 224.0 502.0 260.0 Grasp 0
451.0 228.0 430.0 261.0 405.0 245.0 425.0 212.0 Grasp 0
431.0 195.0 378.0 200.0 375.0 171.0 429.0 166.0 Grasp 0
519.0 291.0 491.0 363.0 465.0 353.0 493.0 280.0 Grasp 0
311.0 212.0 287.0 173.0 312.0 158.0 336.0 197.0 Grasp 0
566.0 47.0 539.0 26.0 556.0 3.0 584.0 24.0 Grasp 0
252.0 302.0 228.0 263.0 253.0 248.0 276.0 286.0 Grasp 0
553.0 160.0 502.0 175.0 494.0 146.0 545.0 131.0 Grasp 0
414.0 52.0 384.0 75.0 365.0 51.0 396.0 28.0 Grasp 0
360.0 157.0 355.0 184.0 327.0 179.0 332.0 151.0 Grasp 0
335.0 376.0 314.0 322.0 341.0 312.0 362.0 365.0 Grasp 0
288.0 57.0 252.0 47.0 259.0 19.0 295.0 30.0 Grasp 0
352.0 314.0 342.0 369.0 313.0 364.0 324.0 308.0 Grasp 0
461.0 371.0 415.0 321.0 437.0 301.0 483.0 351.0 Grasp 0
483.0 268.0 468.0 228.0 496.0 217.0 511.0 257.0 Grasp 0
281.0 290.0 237.0 277.0 245.0 249.0 289.0 261.0 Grasp 0
505.0 109.0 470.0 83.0 488.0 60.0 522.0 86.0 Grasp 0
516.0 90.0 484.0 74.0 497.0 48.0 529.0 64.0 Grasp 0
274.0 13.0 268.0 30.0 241.0 19.0 247.0 3.0 Grasp 0
329.0 348.0 319.0 291.0 347.0 286.0 358.0 343.0 Grasp 0
427.0 182.0 373.0 167.0 381.0 138.0 435.0 154.0 Grasp 0
286.0 266.0 241.0 270.0 238.0 241.0 284.0 236.0 Grasp 0
261.0 316.0 233.0 284.0 254.0 265.0 283.0 296.0 Grasp 0
422.0 379.0 398.0 318.0 425.0 307.0 448.0 368.0 Grasp 0
291.0 80.0 274.0 72.0 287.0 47.0 303.0 55.0 Grasp 0
288.0 300.0 247.0 312.0 239.0 284.0 280.0 273.0 Grasp 0
