190.0 349.0 133.0 257.0 158.0 241.0 215.0 333.0 Grasp 0
516.0 236.0 491.0 299.0 464.0 288.0 488.0 225.0 Grasp 0
465.0 226.0 439.0 295.0 411.0 285.0 438.0 215.0 Grasp 0
481.0 228.0 455.0 296.0 427.0 286.0 454.0 218.0 Grasp 0
493.0 230.0 482.0 292.0 453.0 286.0 465.0 225.0 Grasp 0
517.0 238.0 508.0 287.0 479.0 282.0 488.0 232.0 Grasp 0
184.0 357.0 123.0 310.0 140.0 287.0 202.0 334.0 Grasp 0
396.0 313.0 312.0 377.0 294.0 353.0 378.0 289.0 Grasp 0
397.0 104.0 333.0 35.0 355.0 15.0 418.0 85.0 Grasp 0
399.0 106.0 313.0 41.0 330.0 18.0 416.0 83.0 Grasp 0
185.0 356.0 124.0 289.0 145.0 269.0 207.0 337.0 Grasp 0
