490.0 33.0 475.0 49.0 453.0 28.0 467.0 13.0 Grasp 0
502.0 279.0 489.0 349.0 461.0 344.0 474.0 273.0 Grasp 0
513.0 66.0 495.0 75.0 481.0 46.0 499.0 37.0 Grasp 0
414.0 147.0 407.0 167.0 378.0 156.0 386.0 136.0 Grasp 0
283.0 354.0 234.0 317.0 252.0 294.0 301.0 331.0 Grasp 0
573.0 342.0 550.0 282.0 577.0 272.0 600.0 331.0 Grasp 0
254.0 215.0 192.0 210.0 194.0 180.0 256.0 186.0 Grasp 0
454.0 161.0 443.0 143.0 470.0 127.0 481.0 144.0 Grasp 0
267.0 149.0 195.0 142.0 198.0 112.0 270.0 118.0 Grasp 0
461.0 249.0 359.0 220.0 367.0 192.0 469.0 221.0 Grasp 0
261.0 223.0 208.0 238.0 200.0 210.0 253.0 195.0 Grasp 0
303.0 322.0 280.0 262.0 308.0 251.0 331.0 311.0 Grasp 0
288.0 332.0 240.0 296.0 257.0 272.0 306.0 309.0 Grasp 0
524.0 286.0 524.0 359.0 495.0 359.0 495.0 286.0 Grasp 0
584.0 282.0 572.0 348.0 543.0 342.0 556.0 276.0 Grasp 0
612.0 288.0 600.0 352.0 571.0 347.0 583.0 283.0 Grasp 0
580.0 325.0 557.0 265.0 584.0 255.0 607.0 314.0 Grasp 0
422.0 170.0 415.0 151.0 444.0 139.0 452.0 159.0 Grasp 0
267.0 116.0 216.0 77.0 234.0 53.0 285.0 92.0 Grasp 0
303.0 339.0 253.0 302.0 271.0 278.0 321.0 315.0 Grasp 0
373.0 106.0 358.0 118.0 340.0 93.0 355.0 82.0 Grasp 0
519.0 283.0 506.0 356.0 477.0 351.0 491.0 278.0 Grasp 0
606.0 272.0 594.0 336.0 566.0 330.0 577.0 267.0 Grasp 0
279.0 348.0 223.0 332.0 231.0 303.0 288.0 319.0 Grasp 0
255.0 172.0 187.0 165.0 190.0 135.0 257.0 142.0 Grasp 0
601.0 303.0 588.0 368.0 560.0 363.0 572.0 298.0 Grasp 0
512.0 350.0 499.0 279.0 528.0 274.0 541.0 344.0 Grasp 0
264.0 126.0 203.0 96.0 217.0 69.0 277.0 99.0 Grasp 0
294.0 349.0 245.0 312.0 263.0 288.0 312.0 326.0 Grasp 0
257.0 144.0 191.0 125.0 199.0 96.0 265.0 115.0 Grasp 0
475.0 152.0 460.0 140.0 478.0 116.0 494.0 127.0 Grasp 0
255.0 366.0 215.0 323.0 237.0 303.0 276.0 346.0 Grasp 0
541.0 279.0 528.0 349.0 499.0 344.0 513.0 274.0 Grasp 0
260.0 199.0 195.0 193.0 198.0 164.0 262.0 170.0 Grasp 0
364.0 65.0 287.0 27.0 300.0 0.0 378.0 39.0 Grasp 0
492.0 292.0 478.0 367.0 450.0 362.0 464.0 287.0 Grasp 0
398.0 142.0 385.0 157.0 362.0 136.0 375.0 121.0 Grasp 0
539.0 338.0 527.0 270.0 555.0 265.0 568.0 332.0 Grasp 0
402.0 30.0 395.0 12.0 424.0 1.0 431.0 19.0 Grasp 0
278.0 100.0 234.0 51.0 256.0 31.0 300.0 80.0 Grasp 0
266.0 363.0 225.0 318.0 247.0 298.0 288.0 343.0 Grasp 0
288.0 363.0 229.0 346.0 237.0 318.0 296.0 335.0 Grasp 0
438.0 166.0 430.0 147.0 459.0 136.0 467.0 154.0 Grasp 0
330.0 298.0 267.0 293.0 270.0 263.0 333.0 269.0 Grasp 0
511.0 49.0 494.0 62.0 475.0 36.0 492.0 24.0 Grasp 0
555.0 293.0 555.0 362.0 526.0 362.0 526.0 293.0 Grasp 0
483.0 144.0 469.0 133.0 488.0 108.0 502.0 118.0 Grasp 0
349.0 287.0 288.0 270.0 296.0 241.0 357.0 259.0 Grasp 0
272.0 177.0 203.0 171.0 206.0 141.0 275.0 148.0 Grasp 0
549.0 285.0 537.0 353.0 508.0 348.0 521.0 279.0 Grasp 0
518.0 260.0 518.0 332.0 489.0 332.0 489.0 260.0 Grasp 0
266.0 362.0 212.0 335.0 225.0 309.0 279.0 335.0 Grasp 0
551.0 348.0 539.0 282.0 567.0 276.0 580.0 343.0 Grasp 0
258.0 137.0 198.0 107.0 212.0 80.0 272.0 110.0 Grasp 0
529.0 344.0 516.0 274.0 544.0 269.0 557.0 338.0 Grasp 0
280.0 326.0 268.0 264.0 298.0 258.0 310.0 321.0 Grasp 0
337.0 277.0 290.0 242.0 307.0 218.0 355.0 254.0 Grasp 0
258.0 227.0 199.0 221.0 201.0 192.0 261.0 198.0 Grasp 0
277.0 166.0 210.0 160.0 213.0 130.0 279.0 136.0 Grasp 0
471.0 229.0 365.0 219.0 367.0 191.0 474.0 200.0 Grasp 0
595.0 283.0 583.0 347.0 555.0 342.0 567.0 277.0 Grasp 0
581.0 347.0 569.0 282.0 597.0 277.0 609.0 341.0 Grasp 0
284.0 142.0 225.0 113.0 238.0 86.0 297.0 116.0 Grasp 0
570.0 291.0 570.0 363.0 541.0 363.0 541.0 291.0 Grasp 0
254.0 232.0 234.0 247.0 216.0 224.0 236.0 209.0 Grasp 0
386.0 133.0 370.0 145.0 351.0 120.0 367.0 108.0 Grasp 0
491.0 351.0 477.0 278.0 506.0 272.0 519.0 345.0 Grasp 0
617.0 308.0 594.0 368.0 566.0 358.0 590.0 297.0 Grasp 0
409.0 141.0 402.0 160.0 373.0 149.0 380.0 130.0 Grasp 0
509.0 76.0 490.0 81.0 482.0 51.0 501.0 46.0 Grasp 0
276.0 112.0 228.0 75.0 246.0 51.0 295.0 88.0 Grasp 0
505.0 54.0 489.0 66.0 471.0 42.0 487.0 30.0 Grasp 0
271.0 259.0 255.0 277.0 233.0 258.0 250.0 239.0 Grasp 0
299.0 334.0 274.0 269.0 302.0 259.0 327.0 323.0 Grasp 0
496.0 294.0 496.0 369.0 467.0 369.0 467.0 294.0 Grasp 0
492.0 288.0 466.0 355.0 439.0 345.0 465.0 277.0 Grasp 0
