349.0 168.0 326.0 108.0 353.0 97.0 377.0 157.0 Grasp 0
300.0 186.0 275.0 121.0 302.0 110.0 328.0 175.0 Grasp 0
258.0 200.0 235.0 140.0 263.0 129.0 286.0 189.0 Grasp 0
362.0 163.0 338.0 102.0 366.0 91.0 389.0 152.0 Grasp 0
281.0 199.0 242.0 136.0 267.0 120.0 306.0 183.0 Grasp 0
384.0 163.0 335.0 109.0 357.0 89.0 406.0 143.0 Grasp 0
333.0 177.0 308.0 114.0 336.0 103.0 360.0 166.0 Grasp 0
308.0 349.0 284.0 311.0 308.0 296.0 332.0 334.0 Grasp 0
375.0 167.0 351.0 105.0 379.0 95.0 402.0 156.0 Grasp 0
340.0 345.0 305.0 307.0 326.0 288.0 361.0 326.0 Grasp 0
322.0 179.0 297.0 115.0 325.0 104.0 350.0 168.0 Grasp 0
324.0 345.0 301.0 307.0 325.0 292.0 348.0 330.0 Grasp 0
275.0 358.0 252.0 320.0 276.0 305.0 299.0 343.0 Grasp 0
356.0 336.0 333.0 299.0 357.0 284.0 380.0 322.0 Grasp 0
353.0 342.0 318.0 304.0 339.0 285.0 373.0 323.0 Grasp 0
278.0 131.0 278.0 197.0 249.0 197.0 249.0 131.0 Grasp 0
312.0 186.0 287.0 120.0 314.0 110.0 340.0 176.0 Grasp 0
280.0 364.0 232.0 328.0 249.0 305.0 297.0 342.0 Grasp 0
365.0 294.0 344.0 347.0 318.0 337.0 338.0 283.0 Grasp 0
365.0 333.0 342.0 297.0 366.0 282.0 389.0 318.0 Grasp 0
390.0 326.0 368.0 290.0 392.0 275.0 414.0 311.0 Grasp 0
378.0 329.0 356.0 293.0 380.0 278.0 402.0 315.0 Grasp 0
290.0 194.0 252.0 131.0 277.0 116.0 315.0 178.0 Grasp 0
287.0 354.0 263.0 316.0 287.0 302.0 311.0 340.0 Grasp 0
354.0 178.0 297.0 115.0 319.0 95.0 376.0 158.0 Grasp 0
266.0 360.0 243.0 322.0 267.0 308.0 290.0 345.0 Grasp 0
281.0 314.0 260.0 369.0 233.0 358.0 255.0 303.0 Grasp 0
348.0 184.0 269.0 125.0 287.0 101.0 366.0 161.0 Grasp 0
378.0 85.0 378.0 164.0 348.0 164.0 348.0 85.0 Grasp 0
258.0 367.0 223.0 329.0 244.0 310.0 278.0 348.0 Grasp 0
303.0 355.0 268.0 316.0 289.0 297.0 324.0 335.0 Grasp 0
233.0 369.0 211.0 332.0 235.0 317.0 258.0 354.0 Grasp 0
340.0 169.0 316.0 107.0 343.0 96.0 367.0 159.0 Grasp 0
359.0 95.0 359.0 177.0 329.0 177.0 329.0 95.0 Grasp 0
344.0 298.0 323.0 353.0 296.0 343.0 318.0 288.0 Grasp 0
403.0 283.0 394.0 330.0 366.0 325.0 375.0 278.0 Grasp 0
323.0 303.0 302.0 359.0 275.0 348.0 297.0 293.0 Grasp 0
348.0 99.0 348.0 181.0 318.0 181.0 318.0 99.0 Grasp 0
311.0 119.0 277.0 207.0 249.0 197.0 283.0 108.0 Grasp 0
286.0 194.0 272.0 121.0 302.0 116.0 315.0 189.0 Grasp 0
383.0 172.0 307.0 115.0 325.0 91.0 401.0 148.0 Grasp 0
403.0 321.0 378.0 293.0 399.0 274.0 424.0 302.0 Grasp 0
381.0 157.0 358.0 98.0 386.0 87.0 408.0 147.0 Grasp 0
