472.0 274.0 423.0 193.0 448.0 178.0 498.0 258.0 Grasp 0
484.0 156.0 456.0 164.0 448.0 137.0 476.0 128.0 Grasp 0
555.0 207.0 540.0 245.0 513.0 235.0 528.0 196.0 Grasp 0
258.0 102.0 258.0 168.0 228.0 168.0 228.0 102.0 Grasp 0
562.0 224.0 548.0 260.0 521.0 250.0 535.0 214.0 Grasp 0
427.0 80.0 405.0 97.0 388.0 74.0 410.0 57.0 Grasp 0
283.0 25.0 229.0 66.0 211.0 43.0 266.0 2.0 Grasp 0
494.0 170.0 462.0 173.0 460.0 144.0 491.0 141.0 Grasp 0
555.0 218.0 540.0 255.0 514.0 245.0 528.0 208.0 Grasp 0
331.0 63.0 310.0 30.0 335.0 15.0 355.0 47.0 Grasp 0
597.0 267.0 567.0 300.0 546.0 281.0 576.0 248.0 Grasp 0
464.0 126.0 439.0 139.0 426.0 113.0 451.0 100.0 Grasp 0
260.0 360.0 222.0 299.0 247.0 284.0 284.0 345.0 Grasp 0
287.0 152.0 226.0 182.0 213.0 155.0 274.0 125.0 Grasp 0
582.0 278.0 550.0 303.0 532.0 280.0 565.0 255.0 Grasp 0
555.0 239.0 540.0 277.0 514.0 267.0 528.0 229.0 Grasp 0
503.0 194.0 470.0 191.0 473.0 162.0 505.0 165.0 Grasp 0
457.0 114.0 439.0 127.0 422.0 104.0 440.0 91.0 Grasp 0
304.0 104.0 242.0 99.0 244.0 70.0 306.0 75.0 Grasp 0
517.0 199.0 478.0 196.0 481.0 167.0 520.0 171.0 Grasp 0
300.0 25.0 245.0 67.0 227.0 44.0 283.0 2.0 Grasp 0
578.0 264.0 556.0 299.0 532.0 284.0 553.0 249.0 Grasp 0
420.0 299.0 404.0 212.0 433.0 207.0 449.0 294.0 Grasp 0
572.0 256.0 551.0 290.0 527.0 275.0 548.0 241.0 Grasp 0
444.0 112.0 416.0 114.0 413.0 86.0 441.0 83.0 Grasp 0
480.0 291.0 447.0 205.0 474.0 194.0 508.0 280.0 Grasp 0
290.0 115.0 243.0 166.0 221.0 146.0 267.0 94.0 Grasp 0
422.0 60.0 403.0 81.0 382.0 61.0 401.0 41.0 Grasp 0
247.0 101.0 247.0 168.0 216.0 168.0 216.0 101.0 Grasp 0
403.0 281.0 387.0 198.0 416.0 192.0 432.0 276.0 Grasp 0
574.0 238.0 553.0 272.0 529.0 257.0 550.0 223.0 Grasp 0
602.0 278.0 572.0 311.0 551.0 291.0 581.0 259.0 Grasp 0
435.0 284.0 419.0 195.0 447.0 190.0 464.0 278.0 Grasp 0
284.0 357.0 235.0 303.0 256.0 284.0 305.0 338.0 Grasp 0
473.0 138.0 450.0 149.0 437.0 123.0 460.0 112.0 Grasp 0
319.0 57.0 300.0 27.0 325.0 11.0 344.0 42.0 Grasp 0
542.0 214.0 534.0 255.0 506.0 249.0 514.0 209.0 Grasp 0
597.0 298.0 561.0 325.0 544.0 302.0 580.0 275.0 Grasp 0
299.0 135.0 237.0 166.0 223.0 139.0 286.0 108.0 Grasp 0
414.0 199.0 414.0 286.0 384.0 286.0 384.0 199.0 Grasp 0
436.0 103.0 408.0 111.0 401.0 83.0 428.0 75.0 Grasp 0
468.0 151.0 441.0 148.0 443.0 120.0 471.0 122.0 Grasp 0
343.0 51.0 329.0 14.0 356.0 3.0 370.0 41.0 Grasp 0
266.0 121.0 253.0 191.0 223.0 185.0 236.0 116.0 Grasp 0
456.0 291.0 422.0 204.0 449.0 193.0 483.0 280.0 Grasp 0
259.0 119.0 234.0 184.0 205.0 173.0 230.0 108.0 Grasp 0
451.0 99.0 446.0 125.0 417.0 119.0 422.0 93.0 Grasp 0
458.0 138.0 431.0 141.0 428.0 112.0 456.0 110.0 Grasp 0
411.0 50.0 393.0 70.0 372.0 50.0 390.0 30.0 Grasp 0
478.0 173.0 449.0 170.0 452.0 142.0 481.0 145.0 Grasp 0
473.0 151.0 446.0 159.0 438.0 131.0 465.0 123.0 Grasp 0
457.0 289.0 440.0 200.0 469.0 195.0 485.0 284.0 Grasp 0
295.0 112.0 256.0 101.0 264.0 73.0 303.0 85.0 Grasp 0
590.0 288.0 554.0 314.0 537.0 292.0 572.0 265.0 Grasp 0
536.0 183.0 529.0 222.0 501.0 217.0 508.0 177.0 Grasp 0
518.0 214.0 479.0 203.0 486.0 175.0 526.0 186.0 Grasp 0
588.0 252.0 560.0 284.0 538.0 264.0 567.0 233.0 Grasp 0
275.0 144.0 219.0 185.0 201.0 161.0 256.0 119.0 Grasp 0
387.0 45.0 351.0 27.0 364.0 1.0 400.0 19.0 Grasp 0
536.0 200.0 529.0 237.0 500.0 232.0 507.0 194.0 Grasp 0
485.0 167.0 456.0 175.0 448.0 147.0 477.0 139.0 Grasp 0
429.0 294.0 413.0 206.0 442.0 201.0 458.0 289.0 Grasp 0
501.0 180.0 469.0 183.0 466.0 154.0 498.0 151.0 Grasp 0
442.0 92.0 422.0 107.0 405.0 84.0 424.0 69.0 Grasp 0
489.0 180.0 457.0 183.0 454.0 155.0 486.0 152.0 Grasp 0
449.0 117.0 421.0 119.0 419.0 91.0 447.0 88.0 Grasp 0
