600.0 170.0 570.0 249.0 542.0 238.0 572.0 159.0 Grasp 0
288.0 57.0 260.0 103.0 235.0 87.0 264.0 42.0 Grasp 0
293.0 71.0 233.0 88.0 225.0 60.0 285.0 43.0 Grasp 0
370.0 72.0 370.0 183.0 341.0 183.0 341.0 72.0 Grasp 0
484.0 186.0 435.0 265.0 409.0 249.0 458.0 170.0 Grasp 0
275.0 372.0 232.0 260.0 259.0 250.0 303.0 362.0 Grasp 0
301.0 71.0 243.0 100.0 230.0 74.0 288.0 45.0 Grasp 0
478.0 184.0 419.0 249.0 396.0 229.0 455.0 164.0 Grasp 0
334.0 75.0 274.0 120.0 256.0 97.0 316.0 52.0 Grasp 0
223.0 367.0 203.0 264.0 232.0 258.0 251.0 361.0 Grasp 0
274.0 262.0 274.0 364.0 245.0 364.0 245.0 262.0 Grasp 0
372.0 103.0 315.0 165.0 293.0 145.0 350.0 83.0 Grasp 0
456.0 168.0 397.0 232.0 375.0 212.0 433.0 148.0 Grasp 0
280.0 61.0 241.0 90.0 224.0 67.0 263.0 38.0 Grasp 0
270.0 163.0 236.0 218.0 211.0 203.0 245.0 148.0 Grasp 0
325.0 68.0 250.0 106.0 237.0 79.0 312.0 42.0 Grasp 0
611.0 189.0 572.0 250.0 547.0 234.0 585.0 173.0 Grasp 0
357.0 104.0 280.0 142.0 267.0 116.0 344.0 77.0 Grasp 0
358.0 87.0 303.0 147.0 281.0 128.0 336.0 67.0 Grasp 0
469.0 173.0 410.0 238.0 387.0 217.0 447.0 153.0 Grasp 0
390.0 117.0 297.0 164.0 284.0 137.0 377.0 91.0 Grasp 0
