270.0 169.0 192.0 228.0 173.0 202.0 251.0 144.0 Grasp 0
250.0 355.0 203.0 350.0 206.0 320.0 253.0 324.0 Grasp 0
267.0 156.0 183.0 219.0 164.0 194.0 248.0 130.0 Grasp 0
611.0 191.0 543.0 157.0 558.0 127.0 626.0 161.0 Grasp 0
257.0 289.0 191.0 257.0 205.0 229.0 270.0 262.0 Grasp 0
505.0 157.0 473.0 208.0 444.0 190.0 475.0 139.0 Grasp 0
247.0 314.0 189.0 285.0 203.0 258.0 261.0 287.0 Grasp 0
416.0 107.0 378.0 149.0 353.0 126.0 391.0 84.0 Grasp 0
411.0 56.0 344.0 37.0 353.0 6.0 420.0 25.0 Grasp 0
424.0 119.0 388.0 159.0 363.0 136.0 399.0 96.0 Grasp 0
450.0 131.0 421.0 179.0 391.0 161.0 421.0 113.0 Grasp 0
494.0 327.0 421.0 382.0 404.0 360.0 477.0 304.0 Grasp 0
440.0 123.0 410.0 172.0 381.0 154.0 411.0 105.0 Grasp 0
626.0 128.0 562.0 110.0 571.0 79.0 635.0 97.0 Grasp 0
627.0 65.0 556.0 85.0 547.0 55.0 618.0 35.0 Grasp 0
263.0 308.0 193.0 273.0 206.0 246.0 276.0 281.0 Grasp 0
506.0 329.0 434.0 384.0 417.0 361.0 489.0 306.0 Grasp 0
531.0 228.0 504.0 158.0 537.0 146.0 564.0 215.0 Grasp 0
630.0 86.0 566.0 92.0 563.0 60.0 627.0 54.0 Grasp 0
616.0 164.0 555.0 134.0 570.0 104.0 631.0 135.0 Grasp 0
635.0 100.0 564.0 107.0 561.0 75.0 632.0 68.0 Grasp 0
271.0 146.0 178.0 192.0 164.0 164.0 257.0 118.0 Grasp 0
627.0 115.0 557.0 95.0 566.0 64.0 636.0 84.0 Grasp 0
622.0 51.0 556.0 70.0 548.0 40.0 614.0 21.0 Grasp 0
620.0 32.0 550.0 52.0 541.0 22.0 612.0 2.0 Grasp 0
514.0 337.0 476.0 379.0 454.0 360.0 493.0 317.0 Grasp 0
430.0 127.0 399.0 161.0 374.0 138.0 404.0 104.0 Grasp 0
370.0 321.0 304.0 315.0 307.0 284.0 373.0 290.0 Grasp 0
579.0 130.0 579.0 214.0 545.0 214.0 545.0 130.0 Grasp 0
248.0 329.0 196.0 324.0 199.0 293.0 251.0 298.0 Grasp 0
361.0 302.0 276.0 294.0 279.0 263.0 364.0 271.0 Grasp 0
403.0 109.0 361.0 131.0 346.0 100.0 388.0 79.0 Grasp 0
262.0 306.0 192.0 299.0 194.0 269.0 264.0 276.0 Grasp 0
482.0 149.0 452.0 198.0 422.0 180.0 452.0 131.0 Grasp 0
257.0 347.0 212.0 360.0 203.0 331.0 249.0 318.0 Grasp 0
539.0 162.0 518.0 217.0 485.0 204.0 507.0 150.0 Grasp 0
248.0 148.0 131.0 115.0 140.0 84.0 257.0 118.0 Grasp 0
521.0 160.0 500.0 213.0 467.0 200.0 488.0 147.0 Grasp 0
251.0 345.0 198.0 340.0 201.0 309.0 254.0 314.0 Grasp 0
277.0 171.0 206.0 250.0 183.0 229.0 254.0 150.0 Grasp 0
393.0 99.0 346.0 113.0 337.0 81.0 384.0 67.0 Grasp 0
620.0 170.0 548.0 150.0 557.0 118.0 629.0 138.0 Grasp 0
569.0 144.0 555.0 217.0 521.0 211.0 535.0 138.0 Grasp 0
288.0 376.0 197.0 331.0 210.0 305.0 301.0 350.0 Grasp 0
260.0 154.0 137.0 165.0 135.0 134.0 257.0 123.0 Grasp 0
466.0 141.0 425.0 186.0 400.0 163.0 441.0 118.0 Grasp 0
621.0 33.0 565.0 75.0 546.0 50.0 602.0 8.0 Grasp 0
