369.0 345.0 302.0 326.0 310.0 298.0 377.0 317.0 Grasp 0
238.0 206.0 224.0 129.0 254.0 124.0 268.0 200.0 Grasp 0
382.0 293.0 327.0 204.0 352.0 189.0 407.0 278.0 Grasp 0
377.0 327.0 303.0 320.0 305.0 291.0 380.0 298.0 Grasp 0
417.0 252.0 316.0 281.0 308.0 253.0 409.0 224.0 Grasp 0
387.0 303.0 310.0 296.0 313.0 267.0 390.0 274.0 Grasp 0
390.0 307.0 307.0 330.0 299.0 302.0 382.0 279.0 Grasp 0
225.0 256.0 195.0 208.0 220.0 193.0 249.0 241.0 Grasp 0
283.0 133.0 252.0 211.0 224.0 200.0 255.0 122.0 Grasp 0
394.0 264.0 332.0 217.0 350.0 194.0 412.0 240.0 Grasp 0
407.0 232.0 344.0 215.0 352.0 186.0 415.0 204.0 Grasp 0
310.0 209.0 259.0 265.0 238.0 246.0 289.0 189.0 Grasp 0
404.0 275.0 315.0 283.0 312.0 254.0 401.0 245.0 Grasp 0
330.0 210.0 310.0 260.0 284.0 250.0 303.0 199.0 Grasp 0
359.0 348.0 304.0 306.0 321.0 283.0 377.0 325.0 Grasp 0
318.0 209.0 284.0 263.0 260.0 248.0 294.0 194.0 Grasp 0
251.0 264.0 198.0 206.0 219.0 187.0 272.0 245.0 Grasp 0
270.0 204.0 216.0 144.0 238.0 124.0 292.0 183.0 Grasp 0
374.0 317.0 311.0 285.0 324.0 259.0 387.0 291.0 Grasp 0
284.0 197.0 205.0 175.0 213.0 146.0 292.0 168.0 Grasp 0
405.0 284.0 305.0 312.0 297.0 284.0 397.0 256.0 Grasp 0
280.0 193.0 211.0 158.0 224.0 131.0 293.0 165.0 Grasp 0
371.0 337.0 304.0 303.0 317.0 277.0 384.0 310.0 Grasp 0
266.0 128.0 251.0 207.0 221.0 202.0 236.0 123.0 Grasp 0
372.0 327.0 306.0 295.0 319.0 268.0 385.0 301.0 Grasp 0
387.0 281.0 334.0 196.0 359.0 181.0 412.0 265.0 Grasp 0
392.0 293.0 314.0 286.0 317.0 257.0 394.0 264.0 Grasp 0
399.0 295.0 303.0 323.0 295.0 295.0 391.0 267.0 Grasp 0
421.0 240.0 321.0 269.0 313.0 240.0 413.0 212.0 Grasp 0
382.0 317.0 305.0 310.0 308.0 280.0 385.0 288.0 Grasp 0
