319.0 208.0 288.0 289.0 261.0 279.0 292.0 198.0 Grasp 0
597.0 186.0 525.0 193.0 522.0 163.0 594.0 157.0 Grasp 0
537.0 230.0 537.0 310.0 507.0 310.0 507.0 230.0 Grasp 0
304.0 200.0 257.0 276.0 232.0 260.0 278.0 185.0 Grasp 0
336.0 119.0 297.0 56.0 322.0 40.0 361.0 103.0 Grasp 0
594.0 206.0 541.0 201.0 544.0 171.0 596.0 176.0 Grasp 0
590.0 249.0 545.0 226.0 559.0 199.0 603.0 221.0 Grasp 0
429.0 206.0 360.0 200.0 362.0 170.0 431.0 176.0 Grasp 0
294.0 190.0 245.0 270.0 220.0 254.0 269.0 175.0 Grasp 0
564.0 281.0 521.0 248.0 539.0 224.0 582.0 257.0 Grasp 0
464.0 309.0 443.0 198.0 473.0 193.0 494.0 304.0 Grasp 0
593.0 148.0 530.0 195.0 513.0 172.0 575.0 124.0 Grasp 0
526.0 231.0 498.0 304.0 470.0 294.0 498.0 220.0 Grasp 0
327.0 35.0 327.0 133.0 297.0 133.0 297.0 35.0 Grasp 0
312.0 132.0 263.0 78.0 285.0 58.0 334.0 112.0 Grasp 0
501.0 315.0 484.0 220.0 513.0 214.0 531.0 309.0 Grasp 0
459.0 200.0 445.0 279.0 415.0 273.0 430.0 195.0 Grasp 0
286.0 183.0 236.0 264.0 211.0 248.0 261.0 167.0 Grasp 0
492.0 210.0 476.0 294.0 446.0 288.0 462.0 205.0 Grasp 0
527.0 316.0 510.0 226.0 540.0 220.0 557.0 311.0 Grasp 0
593.0 157.0 500.0 183.0 492.0 155.0 585.0 128.0 Grasp 0
319.0 214.0 256.0 283.0 235.0 263.0 298.0 194.0 Grasp 0
510.0 226.0 484.0 294.0 455.0 283.0 482.0 215.0 Grasp 0
339.0 119.0 322.0 29.0 351.0 23.0 368.0 114.0 Grasp 0
532.0 228.0 517.0 311.0 487.0 306.0 503.0 222.0 Grasp 0
327.0 203.0 309.0 297.0 280.0 292.0 298.0 197.0 Grasp 0
403.0 347.0 351.0 352.0 349.0 323.0 400.0 318.0 Grasp 0
404.0 322.0 338.0 328.0 335.0 299.0 401.0 293.0 Grasp 0
341.0 214.0 325.0 301.0 296.0 295.0 312.0 209.0 Grasp 0
479.0 203.0 462.0 290.0 433.0 285.0 449.0 198.0 Grasp 0
311.0 197.0 277.0 286.0 249.0 275.0 284.0 186.0 Grasp 0
306.0 131.0 278.0 58.0 306.0 47.0 334.0 120.0 Grasp 0
411.0 183.0 359.0 178.0 362.0 148.0 414.0 153.0 Grasp 0
454.0 202.0 427.0 274.0 399.0 263.0 426.0 191.0 Grasp 0
580.0 28.0 479.0 78.0 466.0 51.0 566.0 1.0 Grasp 0
558.0 296.0 507.0 239.0 529.0 219.0 580.0 276.0 Grasp 0
402.0 305.0 341.0 322.0 333.0 294.0 394.0 277.0 Grasp 0
600.0 188.0 551.0 202.0 543.0 173.0 591.0 159.0 Grasp 0
279.0 182.0 216.0 252.0 194.0 232.0 258.0 162.0 Grasp 0
597.0 218.0 546.0 213.0 548.0 183.0 600.0 188.0 Grasp 0
439.0 186.0 439.0 276.0 409.0 276.0 409.0 186.0 Grasp 0
522.0 320.0 482.0 215.0 510.0 204.0 550.0 309.0 Grasp 0
264.0 165.0 246.0 261.0 217.0 256.0 235.0 159.0 Grasp 0
577.0 266.0 538.0 237.0 556.0 214.0 595.0 243.0 Grasp 0
348.0 114.0 308.0 49.0 333.0 33.0 374.0 99.0 Grasp 0
612.0 182.0 515.0 230.0 501.0 203.0 598.0 155.0 Grasp 0
