559.0 350.0 491.0 299.0 509.0 276.0 576.0 327.0 Grasp 0
574.0 339.0 490.0 297.0 502.0 271.0 587.0 314.0 Grasp 0
441.0 321.0 413.0 367.0 388.0 352.0 417.0 306.0 Grasp 0
262.0 365.0 237.0 324.0 262.0 309.0 287.0 350.0 Grasp 0
416.0 129.0 385.0 163.0 362.0 142.0 393.0 108.0 Grasp 0
294.0 347.0 269.0 307.0 294.0 291.0 319.0 331.0 Grasp 0
233.0 389.0 194.0 347.0 215.0 328.0 254.0 370.0 Grasp 0
589.0 159.0 544.0 125.0 563.0 100.0 607.0 134.0 Grasp 0
520.0 183.0 504.0 142.0 533.0 130.0 549.0 172.0 Grasp 0
510.0 139.0 488.0 194.0 459.0 183.0 481.0 128.0 Grasp 0
436.0 138.0 398.0 179.0 375.0 158.0 413.0 117.0 Grasp 0
630.0 77.0 571.0 83.0 568.0 52.0 627.0 47.0 Grasp 0
253.0 369.0 228.0 330.0 253.0 315.0 277.0 354.0 Grasp 0
413.0 99.0 341.0 119.0 332.0 89.0 404.0 69.0 Grasp 0
534.0 383.0 465.0 331.0 483.0 308.0 551.0 360.0 Grasp 0
319.0 343.0 278.0 298.0 300.0 278.0 341.0 323.0 Grasp 0
517.0 191.0 486.0 142.0 513.0 126.0 543.0 175.0 Grasp 0
411.0 243.0 317.0 270.0 309.0 242.0 403.0 215.0 Grasp 0
586.0 324.0 502.0 282.0 514.0 256.0 598.0 298.0 Grasp 0
525.0 395.0 457.0 344.0 474.0 321.0 542.0 372.0 Grasp 0
418.0 95.0 356.0 141.0 337.0 116.0 399.0 70.0 Grasp 0
448.0 140.0 421.0 184.0 394.0 168.0 422.0 123.0 Grasp 0
405.0 65.0 342.0 34.0 356.0 6.0 419.0 37.0 Grasp 0
617.0 59.0 568.0 73.0 560.0 43.0 609.0 29.0 Grasp 0
406.0 83.0 340.0 90.0 337.0 59.0 404.0 52.0 Grasp 0
610.0 40.0 575.0 66.0 556.0 42.0 592.0 15.0 Grasp 0
425.0 49.0 341.0 57.0 338.0 26.0 422.0 18.0 Grasp 0
278.0 356.0 254.0 316.0 279.0 301.0 303.0 340.0 Grasp 0
336.0 331.0 294.0 285.0 317.0 264.0 359.0 310.0 Grasp 0
548.0 175.0 525.0 138.0 551.0 122.0 574.0 159.0 Grasp 0
540.0 372.0 473.0 321.0 490.0 298.0 557.0 349.0 Grasp 0
547.0 364.0 480.0 313.0 497.0 290.0 564.0 341.0 Grasp 0
208.0 396.0 183.0 356.0 208.0 341.0 232.0 381.0 Grasp 0
405.0 230.0 291.0 240.0 288.0 211.0 402.0 200.0 Grasp 0
604.0 296.0 523.0 255.0 536.0 230.0 617.0 270.0 Grasp 0
571.0 163.0 543.0 132.0 566.0 111.0 594.0 142.0 Grasp 0
417.0 111.0 364.0 151.0 346.0 126.0 398.0 86.0 Grasp 0
437.0 310.0 398.0 353.0 377.0 333.0 416.0 290.0 Grasp 0
439.0 272.0 383.0 333.0 362.0 313.0 418.0 252.0 Grasp 0
629.0 264.0 550.0 225.0 563.0 199.0 642.0 239.0 Grasp 0
659.0 235.0 550.0 225.0 553.0 196.0 661.0 206.0 Grasp 0
512.0 410.0 462.0 329.0 486.0 313.0 537.0 395.0 Grasp 0
261.0 379.0 208.0 339.0 226.0 316.0 279.0 356.0 Grasp 0
599.0 304.0 517.0 263.0 529.0 237.0 612.0 278.0 Grasp 0
433.0 300.0 385.0 336.0 367.0 313.0 416.0 276.0 Grasp 0
234.0 380.0 209.0 341.0 234.0 326.0 258.0 365.0 Grasp 0
505.0 195.0 474.0 144.0 500.0 128.0 532.0 179.0 Grasp 0
537.0 184.0 509.0 139.0 536.0 122.0 564.0 168.0 Grasp 0
426.0 230.0 386.0 335.0 358.0 324.0 399.0 220.0 Grasp 0
622.0 279.0 527.0 252.0 534.0 224.0 630.0 251.0 Grasp 0
424.0 57.0 337.0 82.0 329.0 52.0 416.0 27.0 Grasp 0
216.0 390.0 192.0 352.0 216.0 337.0 240.0 375.0 Grasp 0
406.0 107.0 336.0 100.0 339.0 69.0 409.0 76.0 Grasp 0
357.0 317.0 316.0 273.0 338.0 252.0 379.0 297.0 Grasp 0
480.0 141.0 462.0 189.0 433.0 178.0 451.0 130.0 Grasp 0
484.0 193.0 464.0 142.0 493.0 130.0 513.0 182.0 Grasp 0
470.0 141.0 452.0 187.0 423.0 176.0 441.0 130.0 Grasp 0
411.0 118.0 346.0 136.0 338.0 107.0 403.0 88.0 Grasp 0
421.0 133.0 362.0 162.0 348.0 134.0 407.0 105.0 Grasp 0
386.0 341.0 302.0 249.0 324.0 229.0 408.0 321.0 Grasp 0
425.0 285.0 377.0 321.0 359.0 298.0 408.0 261.0 Grasp 0
460.0 140.0 431.0 187.0 405.0 171.0 434.0 124.0 Grasp 0
244.0 375.0 220.0 335.0 244.0 320.0 269.0 360.0 Grasp 0
327.0 337.0 285.0 292.0 308.0 272.0 349.0 317.0 Grasp 0
570.0 335.0 503.0 285.0 521.0 262.0 588.0 312.0 Grasp 0
594.0 312.0 510.0 270.0 523.0 245.0 606.0 286.0 Grasp 0
419.0 250.0 360.0 314.0 339.0 294.0 397.0 230.0 Grasp 0
652.0 245.0 542.0 235.0 544.0 206.0 655.0 216.0 Grasp 0
246.0 392.0 179.0 359.0 192.0 333.0 259.0 366.0 Grasp 0
412.0 85.0 337.0 106.0 328.0 77.0 404.0 55.0 Grasp 0
427.0 314.0 391.0 341.0 374.0 318.0 409.0 291.0 Grasp 0
196.0 398.0 186.0 347.0 215.0 342.0 224.0 393.0 Grasp 0
403.0 229.0 308.0 256.0 300.0 228.0 395.0 201.0 Grasp 0
647.0 255.0 534.0 244.0 536.0 215.0 649.0 226.0 Grasp 0
