273.0 117.0 209.0 135.0 201.0 107.0 265.0 89.0 Grasp 0
297.0 153.0 218.0 193.0 205.0 167.0 284.0 128.0 Grasp 0
306.0 177.0 223.0 218.0 210.0 193.0 294.0 151.0 Grasp 0
413.0 232.0 306.0 223.0 309.0 193.0 416.0 203.0 Grasp 0
415.0 229.0 326.0 203.0 334.0 175.0 423.0 201.0 Grasp 0
433.0 193.0 394.0 150.0 416.0 131.0 455.0 174.0 Grasp 0
302.0 165.0 220.0 206.0 207.0 181.0 289.0 140.0 Grasp 0
267.0 83.0 202.0 115.0 189.0 88.0 253.0 56.0 Grasp 0
269.0 93.0 204.0 125.0 191.0 99.0 256.0 66.0 Grasp 0
286.0 144.0 214.0 164.0 206.0 136.0 279.0 116.0 Grasp 0
331.0 358.0 279.0 302.0 300.0 282.0 352.0 339.0 Grasp 0
410.0 221.0 355.0 179.0 373.0 156.0 428.0 198.0 Grasp 0
363.0 354.0 270.0 307.0 282.0 281.0 376.0 328.0 Grasp 0
288.0 356.0 254.0 318.0 276.0 299.0 310.0 336.0 Grasp 0
292.0 153.0 216.0 175.0 208.0 147.0 284.0 126.0 Grasp 0
317.0 360.0 268.0 306.0 289.0 287.0 338.0 340.0 Grasp 0
376.0 347.0 284.0 301.0 297.0 275.0 389.0 321.0 Grasp 0
434.0 201.0 379.0 160.0 397.0 136.0 452.0 178.0 Grasp 0
287.0 136.0 205.0 143.0 202.0 114.0 285.0 107.0 Grasp 0
273.0 111.0 198.0 118.0 195.0 89.0 271.0 82.0 Grasp 0
420.0 245.0 384.0 337.0 357.0 327.0 393.0 234.0 Grasp 0
446.0 189.0 389.0 161.0 402.0 135.0 459.0 163.0 Grasp 0
274.0 78.0 211.0 147.0 189.0 127.0 252.0 58.0 Grasp 0
420.0 213.0 365.0 171.0 382.0 148.0 438.0 190.0 Grasp 0
311.0 206.0 229.0 229.0 221.0 202.0 303.0 178.0 Grasp 0
311.0 176.0 229.0 238.0 212.0 215.0 294.0 153.0 Grasp 0
279.0 120.0 209.0 154.0 196.0 128.0 266.0 94.0 Grasp 0
267.0 72.0 212.0 131.0 190.0 111.0 245.0 52.0 Grasp 0
401.0 229.0 345.0 187.0 363.0 163.0 418.0 205.0 Grasp 0
305.0 360.0 261.0 311.0 282.0 292.0 326.0 340.0 Grasp 0
427.0 220.0 337.0 194.0 345.0 166.0 435.0 191.0 Grasp 0
