453.0 268.0 429.0 307.0 404.0 292.0 428.0 253.0 Grasp 0
432.0 241.0 358.0 262.0 349.0 232.0 423.0 211.0 Grasp 0
413.0 193.0 398.0 274.0 368.0 269.0 383.0 188.0 Grasp 0
288.0 346.0 246.0 358.0 238.0 330.0 280.0 318.0 Grasp 0
543.0 46.0 527.0 72.0 503.0 57.0 519.0 31.0 Grasp 0
461.0 251.0 436.0 292.0 411.0 276.0 436.0 236.0 Grasp 0
288.0 357.0 246.0 369.0 238.0 341.0 280.0 329.0 Grasp 0
298.0 369.0 254.0 373.0 252.0 345.0 296.0 341.0 Grasp 0
362.0 151.0 362.0 226.0 333.0 226.0 333.0 151.0 Grasp 0
507.0 248.0 497.0 297.0 468.0 292.0 477.0 242.0 Grasp 0
378.0 79.0 296.0 71.0 299.0 42.0 380.0 50.0 Grasp 0
451.0 227.0 379.0 207.0 388.0 177.0 459.0 198.0 Grasp 0
471.0 300.0 463.0 255.0 492.0 250.0 500.0 295.0 Grasp 0
498.0 244.0 489.0 289.0 460.0 284.0 469.0 238.0 Grasp 0
481.0 256.0 473.0 298.0 444.0 293.0 452.0 251.0 Grasp 0
283.0 336.0 240.0 348.0 232.0 320.0 275.0 308.0 Grasp 0
494.0 300.0 474.0 250.0 501.0 239.0 521.0 290.0 Grasp 0
540.0 285.0 529.0 228.0 559.0 222.0 569.0 279.0 Grasp 0
563.0 282.0 553.0 228.0 583.0 223.0 593.0 276.0 Grasp 0
522.0 36.0 506.0 62.0 482.0 47.0 497.0 21.0 Grasp 0
533.0 45.0 512.0 68.0 491.0 48.0 512.0 26.0 Grasp 0
298.0 414.0 253.0 418.0 250.0 390.0 296.0 385.0 Grasp 0
426.0 199.0 356.0 234.0 343.0 207.0 412.0 172.0 Grasp 0
600.0 242.0 600.0 296.0 570.0 296.0 570.0 242.0 Grasp 0
596.0 85.0 583.0 106.0 558.0 91.0 572.0 70.0 Grasp 0
512.0 298.0 490.0 242.0 518.0 231.0 540.0 287.0 Grasp 0
368.0 47.0 289.0 55.0 287.0 26.0 365.0 19.0 Grasp 0
552.0 296.0 542.0 239.0 571.0 233.0 582.0 290.0 Grasp 0
476.0 260.0 458.0 304.0 430.0 293.0 447.0 249.0 Grasp 0
289.0 294.0 260.0 325.0 239.0 306.0 268.0 275.0 Grasp 0
373.0 28.0 295.0 36.0 293.0 7.0 370.0 0.0 Grasp 0
406.0 172.0 391.0 251.0 362.0 245.0 376.0 166.0 Grasp 0
529.0 294.0 518.0 240.0 548.0 235.0 558.0 289.0 Grasp 0
436.0 249.0 382.0 189.0 404.0 169.0 459.0 228.0 Grasp 0
379.0 96.0 300.0 74.0 308.0 46.0 387.0 68.0 Grasp 0
506.0 30.0 485.0 53.0 464.0 34.0 485.0 10.0 Grasp 0
300.0 378.0 256.0 390.0 249.0 363.0 292.0 350.0 Grasp 0
523.0 290.0 503.0 238.0 530.0 227.0 551.0 279.0 Grasp 0
588.0 243.0 588.0 297.0 557.0 297.0 557.0 243.0 Grasp 0
423.0 271.0 364.0 227.0 383.0 202.0 441.0 246.0 Grasp 0
441.0 197.0 379.0 244.0 360.0 220.0 423.0 173.0 Grasp 0
579.0 79.0 564.0 103.0 540.0 88.0 555.0 64.0 Grasp 0
464.0 262.0 446.0 309.0 419.0 298.0 437.0 252.0 Grasp 0
279.0 295.0 244.0 321.0 226.0 298.0 261.0 272.0 Grasp 0
287.0 408.0 243.0 412.0 240.0 384.0 285.0 380.0 Grasp 0
471.0 231.0 471.0 275.0 442.0 275.0 442.0 231.0 Grasp 0
287.0 376.0 243.0 381.0 240.0 352.0 285.0 348.0 Grasp 0
486.0 246.0 478.0 287.0 450.0 282.0 458.0 240.0 Grasp 0
361.0 69.0 280.0 62.0 283.0 33.0 364.0 41.0 Grasp 0
288.0 392.0 243.0 396.0 240.0 368.0 285.0 364.0 Grasp 0
289.0 283.0 261.0 314.0 240.0 295.0 268.0 264.0 Grasp 0
491.0 255.0 483.0 300.0 454.0 294.0 463.0 249.0 Grasp 0
336.0 296.0 327.0 282.0 351.0 266.0 360.0 281.0 Grasp 0
519.0 238.0 519.0 291.0 489.0 291.0 489.0 238.0 Grasp 0
299.0 393.0 257.0 405.0 250.0 377.0 292.0 366.0 Grasp 0
438.0 257.0 357.0 234.0 365.0 205.0 446.0 228.0 Grasp 0
444.0 218.0 366.0 240.0 358.0 211.0 436.0 189.0 Grasp 0
473.0 252.0 447.0 294.0 421.0 278.0 447.0 236.0 Grasp 0
431.0 262.0 366.0 213.0 385.0 189.0 450.0 237.0 Grasp 0
599.0 91.0 584.0 114.0 560.0 99.0 575.0 76.0 Grasp 0
560.0 291.0 530.0 243.0 556.0 227.0 586.0 275.0 Grasp 0
298.0 333.0 255.0 337.0 252.0 309.0 296.0 305.0 Grasp 0
592.0 248.0 571.0 303.0 543.0 292.0 564.0 237.0 Grasp 0
565.0 62.0 548.0 88.0 524.0 73.0 540.0 47.0 Grasp 0
396.0 278.0 368.0 206.0 396.0 195.0 424.0 267.0 Grasp 0
431.0 212.0 377.0 271.0 355.0 250.0 409.0 191.0 Grasp 0
277.0 355.0 235.0 367.0 227.0 339.0 269.0 327.0 Grasp 0
414.0 266.0 374.0 201.0 400.0 185.0 440.0 250.0 Grasp 0
554.0 62.0 534.0 83.0 513.0 64.0 532.0 42.0 Grasp 0
545.0 250.0 535.0 306.0 506.0 300.0 516.0 245.0 Grasp 0
579.0 254.0 558.0 308.0 530.0 297.0 551.0 243.0 Grasp 0
479.0 237.0 462.0 279.0 435.0 269.0 451.0 226.0 Grasp 0
365.0 32.0 288.0 53.0 280.0 26.0 357.0 4.0 Grasp 0
535.0 228.0 525.0 284.0 496.0 279.0 506.0 222.0 Grasp 0
497.0 23.0 476.0 46.0 455.0 27.0 476.0 3.0 Grasp 0
539.0 308.0 529.0 251.0 558.0 245.0 568.0 302.0 Grasp 0
565.0 249.0 554.0 309.0 525.0 304.0 536.0 243.0 Grasp 0
288.0 274.0 258.0 307.0 236.0 287.0 266.0 254.0 Grasp 0
