617.0 161.0 530.0 186.0 522.0 157.0 609.0 133.0 Grasp 0
373.0 20.0 373.0 107.0 341.0 107.0 341.0 20.0 Grasp 0
421.0 346.0 374.0 369.0 361.0 343.0 408.0 319.0 Grasp 0
244.0 345.0 177.0 295.0 194.0 272.0 261.0 322.0 Grasp 0
419.0 334.0 337.0 357.0 329.0 328.0 410.0 305.0 Grasp 0
243.0 356.0 180.0 308.0 197.0 286.0 260.0 333.0 Grasp 0
317.0 52.0 277.0 118.0 251.0 102.0 292.0 36.0 Grasp 0
241.0 360.0 191.0 346.0 198.0 318.0 249.0 333.0 Grasp 0
600.0 288.0 554.0 311.0 541.0 285.0 587.0 262.0 Grasp 0
294.0 48.0 269.0 111.0 242.0 100.0 267.0 37.0 Grasp 0
299.0 61.0 252.0 96.0 233.0 71.0 280.0 36.0 Grasp 0
609.0 263.0 550.0 307.0 533.0 284.0 591.0 240.0 Grasp 0
404.0 265.0 325.0 324.0 306.0 299.0 385.0 240.0 Grasp 0
244.0 332.0 179.0 282.0 196.0 260.0 261.0 309.0 Grasp 0
239.0 148.0 217.0 267.0 188.0 262.0 211.0 142.0 Grasp 0
610.0 180.0 529.0 188.0 526.0 158.0 608.0 151.0 Grasp 0
421.0 342.0 361.0 359.0 353.0 331.0 413.0 314.0 Grasp 0
611.0 226.0 519.0 199.0 527.0 171.0 620.0 197.0 Grasp 0
