445.0 108.0 358.0 84.0 366.0 55.0 453.0 80.0 Grasp 0
272.0 332.0 195.0 324.0 197.0 295.0 275.0 302.0 Grasp 0
276.0 264.0 197.0 271.0 194.0 242.0 274.0 235.0 Grasp 0
604.0 206.0 526.0 213.0 523.0 184.0 601.0 177.0 Grasp 0
294.0 280.0 212.0 288.0 209.0 259.0 291.0 251.0 Grasp 0
620.0 229.0 544.0 251.0 536.0 223.0 612.0 201.0 Grasp 0
601.0 171.0 519.0 178.0 516.0 149.0 598.0 141.0 Grasp 0
607.0 244.0 526.0 237.0 529.0 207.0 610.0 215.0 Grasp 0
281.0 292.0 202.0 299.0 199.0 270.0 278.0 262.0 Grasp 0
440.0 96.0 355.0 53.0 369.0 27.0 454.0 69.0 Grasp 0
440.0 141.0 352.0 116.0 360.0 87.0 448.0 112.0 Grasp 0
271.0 235.0 195.0 256.0 187.0 228.0 263.0 206.0 Grasp 0
605.0 233.0 527.0 226.0 530.0 197.0 607.0 204.0 Grasp 0
279.0 251.0 210.0 216.0 223.0 190.0 292.0 224.0 Grasp 0
281.0 335.0 202.0 343.0 200.0 313.0 278.0 306.0 Grasp 0
614.0 188.0 534.0 195.0 532.0 166.0 612.0 158.0 Grasp 0
606.0 222.0 528.0 215.0 531.0 186.0 608.0 193.0 Grasp 0
274.0 309.0 197.0 316.0 195.0 287.0 272.0 280.0 Grasp 0
278.0 253.0 194.0 261.0 191.0 231.0 275.0 224.0 Grasp 0
616.0 173.0 538.0 166.0 541.0 137.0 619.0 144.0 Grasp 0
289.0 232.0 211.0 225.0 214.0 196.0 292.0 203.0 Grasp 0
599.0 138.0 520.0 146.0 517.0 116.0 596.0 109.0 Grasp 0
430.0 137.0 346.0 95.0 360.0 68.0 444.0 110.0 Grasp 0
605.0 154.0 526.0 162.0 523.0 132.0 602.0 125.0 Grasp 0
599.0 182.0 521.0 189.0 519.0 160.0 596.0 152.0 Grasp 0
301.0 310.0 221.0 333.0 213.0 305.0 292.0 282.0 Grasp 0
456.0 68.0 365.0 42.0 373.0 14.0 464.0 40.0 Grasp 0
613.0 139.0 534.0 132.0 537.0 102.0 615.0 109.0 Grasp 0
457.0 79.0 365.0 53.0 373.0 24.0 465.0 50.0 Grasp 0
278.0 223.0 200.0 246.0 191.0 217.0 270.0 195.0 Grasp 0
269.0 275.0 192.0 283.0 189.0 253.0 266.0 246.0 Grasp 0
587.0 124.0 520.0 157.0 507.0 131.0 573.0 97.0 Grasp 0
612.0 151.0 534.0 144.0 537.0 114.0 615.0 121.0 Grasp 0
588.0 134.0 515.0 170.0 502.0 144.0 575.0 108.0 Grasp 0
595.0 220.0 512.0 228.0 509.0 199.0 592.0 191.0 Grasp 0
618.0 177.0 542.0 184.0 539.0 155.0 615.0 148.0 Grasp 0
442.0 147.0 356.0 139.0 359.0 109.0 445.0 117.0 Grasp 0
