364.0 103.0 331.0 17.0 357.0 7.0 391.0 93.0 Grasp 0
255.0 321.0 174.0 233.0 196.0 213.0 277.0 301.0 Grasp 0
255.0 341.0 184.0 321.0 193.0 293.0 263.0 313.0 Grasp 0
339.0 122.0 264.0 39.0 285.0 20.0 360.0 102.0 Grasp 0
407.0 278.0 368.0 215.0 392.0 200.0 431.0 263.0 Grasp 0
440.0 306.0 395.0 378.0 371.0 363.0 416.0 290.0 Grasp 0
256.0 325.0 192.0 319.0 194.0 289.0 258.0 295.0 Grasp 0
377.0 98.0 344.0 12.0 371.0 1.0 404.0 88.0 Grasp 0
255.0 329.0 176.0 269.0 194.0 245.0 273.0 305.0 Grasp 0
253.0 353.0 192.0 348.0 195.0 318.0 256.0 324.0 Grasp 0
608.0 289.0 530.0 311.0 522.0 282.0 600.0 260.0 Grasp 0
255.0 332.0 180.0 295.0 193.0 268.0 268.0 305.0 Grasp 0
338.0 111.0 304.0 24.0 331.0 13.0 365.0 100.0 Grasp 0
602.0 302.0 534.0 322.0 525.0 293.0 594.0 274.0 Grasp 0
353.0 107.0 320.0 20.0 347.0 10.0 380.0 96.0 Grasp 0
545.0 173.0 456.0 198.0 448.0 170.0 537.0 145.0 Grasp 0
401.0 277.0 387.0 202.0 415.0 197.0 429.0 272.0 Grasp 0
619.0 258.0 536.0 321.0 518.0 297.0 601.0 234.0 Grasp 0
613.0 273.0 542.0 327.0 524.0 303.0 595.0 249.0 Grasp 0
460.0 367.0 425.0 309.0 449.0 294.0 485.0 351.0 Grasp 0
593.0 315.0 530.0 309.0 533.0 280.0 596.0 286.0 Grasp 0
