577.0 238.0 516.0 243.0 513.0 213.0 574.0 208.0 Grasp 0
456.0 190.0 431.0 126.0 459.0 116.0 484.0 179.0 Grasp 0
267.0 319.0 201.0 269.0 218.0 246.0 284.0 296.0 Grasp 0
547.0 211.0 523.0 223.0 510.0 196.0 533.0 184.0 Grasp 0
402.0 330.0 389.0 344.0 367.0 324.0 379.0 309.0 Grasp 0
509.0 328.0 460.0 303.0 474.0 277.0 522.0 301.0 Grasp 0
495.0 320.0 466.0 275.0 492.0 259.0 520.0 305.0 Grasp 0
516.0 312.0 468.0 288.0 481.0 261.0 529.0 285.0 Grasp 0
453.0 189.0 398.0 147.0 416.0 123.0 472.0 165.0 Grasp 0
453.0 316.0 453.0 345.0 423.0 345.0 423.0 316.0 Grasp 0
394.0 270.0 338.0 228.0 356.0 204.0 412.0 246.0 Grasp 0
545.0 267.0 495.0 243.0 508.0 217.0 558.0 241.0 Grasp 0
443.0 208.0 379.0 176.0 393.0 149.0 457.0 181.0 Grasp 0
551.0 260.0 496.0 265.0 494.0 236.0 548.0 231.0 Grasp 0
514.0 155.0 506.0 177.0 479.0 166.0 487.0 145.0 Grasp 0
419.0 235.0 366.0 195.0 384.0 170.0 438.0 211.0 Grasp 0
402.0 277.0 340.0 246.0 353.0 219.0 416.0 250.0 Grasp 0
536.0 233.0 512.0 245.0 499.0 218.0 523.0 206.0 Grasp 0
529.0 294.0 480.0 270.0 493.0 244.0 542.0 268.0 Grasp 0
567.0 228.0 541.0 230.0 538.0 200.0 565.0 197.0 Grasp 0
477.0 56.0 457.0 24.0 481.0 9.0 501.0 41.0 Grasp 0
368.0 320.0 350.0 325.0 342.0 297.0 360.0 292.0 Grasp 0
497.0 54.0 474.0 28.0 495.0 9.0 518.0 35.0 Grasp 0
575.0 243.0 517.0 226.0 526.0 197.0 583.0 214.0 Grasp 0
538.0 203.0 518.0 218.0 500.0 194.0 520.0 179.0 Grasp 0
547.0 200.0 523.0 211.0 510.0 185.0 534.0 173.0 Grasp 0
438.0 331.0 428.0 358.0 399.0 347.0 410.0 319.0 Grasp 0
385.0 294.0 318.0 275.0 326.0 246.0 393.0 265.0 Grasp 0
462.0 64.0 440.0 28.0 464.0 13.0 486.0 49.0 Grasp 0
554.0 234.0 527.0 236.0 524.0 205.0 552.0 203.0 Grasp 0
446.0 202.0 420.0 135.0 449.0 124.0 475.0 191.0 Grasp 0
461.0 352.0 439.0 296.0 466.0 285.0 488.0 341.0 Grasp 0
386.0 288.0 323.0 256.0 336.0 230.0 399.0 261.0 Grasp 0
531.0 183.0 515.0 201.0 494.0 181.0 510.0 164.0 Grasp 0
214.0 105.0 183.0 24.0 209.0 14.0 241.0 95.0 Grasp 0
488.0 344.0 446.0 312.0 464.0 289.0 506.0 321.0 Grasp 0
419.0 249.0 354.0 217.0 368.0 190.0 432.0 222.0 Grasp 0
458.0 62.0 429.0 30.0 450.0 11.0 479.0 43.0 Grasp 0
564.0 259.0 508.0 243.0 516.0 214.0 572.0 230.0 Grasp 0
576.0 32.0 567.0 54.0 541.0 44.0 549.0 21.0 Grasp 0
453.0 182.0 407.0 131.0 430.0 110.0 476.0 161.0 Grasp 0
447.0 368.0 436.0 338.0 464.0 328.0 475.0 357.0 Grasp 0
409.0 269.0 355.0 228.0 373.0 204.0 427.0 245.0 Grasp 0
472.0 371.0 432.0 327.0 454.0 308.0 494.0 352.0 Grasp 0
484.0 325.0 457.0 281.0 481.0 266.0 508.0 310.0 Grasp 0
529.0 281.0 474.0 286.0 471.0 257.0 526.0 252.0 Grasp 0
525.0 49.0 515.0 24.0 542.0 14.0 551.0 38.0 Grasp 0
406.0 261.0 324.0 253.0 327.0 224.0 409.0 231.0 Grasp 0
443.0 322.0 443.0 351.0 413.0 351.0 413.0 322.0 Grasp 0
420.0 330.0 408.0 351.0 382.0 335.0 395.0 314.0 Grasp 0
456.0 310.0 456.0 338.0 427.0 338.0 427.0 310.0 Grasp 0
511.0 299.0 464.0 275.0 477.0 250.0 524.0 273.0 Grasp 0
502.0 141.0 497.0 164.0 468.0 159.0 473.0 136.0 Grasp 0
277.0 316.0 211.0 266.0 228.0 243.0 294.0 293.0 Grasp 0
546.0 230.0 518.0 238.0 510.0 209.0 538.0 201.0 Grasp 0
432.0 191.0 407.0 127.0 435.0 116.0 460.0 180.0 Grasp 0
538.0 284.0 489.0 260.0 502.0 233.0 552.0 258.0 Grasp 0
514.0 55.0 499.0 30.0 523.0 15.0 539.0 40.0 Grasp 0
477.0 361.0 439.0 319.0 461.0 299.0 499.0 341.0 Grasp 0
558.0 199.0 533.0 211.0 520.0 183.0 544.0 171.0 Grasp 0
463.0 325.0 463.0 353.0 432.0 353.0 432.0 325.0 Grasp 0
502.0 320.0 448.0 315.0 451.0 286.0 505.0 291.0 Grasp 0
484.0 339.0 456.0 293.0 481.0 277.0 509.0 323.0 Grasp 0
277.0 294.0 236.0 227.0 261.0 212.0 302.0 278.0 Grasp 0
454.0 205.0 397.0 162.0 415.0 138.0 472.0 181.0 Grasp 0
414.0 255.0 344.0 236.0 352.0 207.0 422.0 227.0 Grasp 0
276.0 306.0 225.0 250.0 246.0 231.0 297.0 287.0 Grasp 0
524.0 292.0 471.0 297.0 468.0 268.0 521.0 263.0 Grasp 0
429.0 322.0 419.0 349.0 391.0 339.0 402.0 311.0 Grasp 0
433.0 366.0 427.0 335.0 456.0 329.0 462.0 361.0 Grasp 0
496.0 316.0 449.0 292.0 462.0 266.0 509.0 290.0 Grasp 0
391.0 259.0 335.0 217.0 354.0 193.0 409.0 235.0 Grasp 0
528.0 276.0 473.0 271.0 476.0 241.0 530.0 246.0 Grasp 0
591.0 19.0 586.0 43.0 557.0 38.0 562.0 14.0 Grasp 0
386.0 288.0 328.0 293.0 325.0 263.0 383.0 258.0 Grasp 0
418.0 263.0 364.0 223.0 382.0 199.0 436.0 239.0 Grasp 0
562.0 24.0 552.0 49.0 526.0 39.0 535.0 13.0 Grasp 0
545.0 243.0 488.0 259.0 480.0 231.0 537.0 214.0 Grasp 0
468.0 314.0 468.0 341.0 438.0 341.0 438.0 314.0 Grasp 0
514.0 45.0 498.0 19.0 523.0 3.0 539.0 29.0 Grasp 0
558.0 219.0 530.0 227.0 522.0 198.0 550.0 190.0 Grasp 0
522.0 314.0 469.0 309.0 472.0 280.0 525.0 285.0 Grasp 0
501.0 50.0 489.0 18.0 516.0 8.0 528.0 40.0 Grasp 0
483.0 331.0 441.0 299.0 459.0 275.0 501.0 307.0 Grasp 0
394.0 325.0 378.0 336.0 360.0 313.0 376.0 301.0 Grasp 0
533.0 171.0 514.0 192.0 492.0 172.0 511.0 151.0 Grasp 0
430.0 227.0 362.0 208.0 371.0 179.0 438.0 198.0 Grasp 0
485.0 305.0 465.0 255.0 492.0 244.0 512.0 294.0 Grasp 0
423.0 260.0 349.0 267.0 346.0 236.0 420.0 229.0 Grasp 0
427.0 361.0 421.0 327.0 450.0 321.0 457.0 355.0 Grasp 0
445.0 216.0 376.0 196.0 384.0 167.0 453.0 187.0 Grasp 0
442.0 333.0 437.0 361.0 407.0 356.0 412.0 328.0 Grasp 0
270.0 332.0 200.0 297.0 213.0 271.0 283.0 306.0 Grasp 0
535.0 49.0 526.0 24.0 552.0 13.0 562.0 38.0 Grasp 0
255.0 320.0 191.0 272.0 208.0 249.0 272.0 297.0 Grasp 0
