342.0 371.0 329.0 303.0 360.0 297.0 373.0 365.0 Grasp 0
445.0 343.0 409.0 286.0 436.0 269.0 471.0 327.0 Grasp 0
442.0 55.0 404.0 27.0 422.0 4.0 459.0 32.0 Grasp 0
459.0 336.0 422.0 277.0 449.0 261.0 485.0 320.0 Grasp 0
471.0 145.0 437.0 183.0 412.0 160.0 446.0 123.0 Grasp 0
295.0 196.0 245.0 191.0 248.0 159.0 298.0 163.0 Grasp 0
292.0 260.0 254.0 271.0 245.0 240.0 283.0 229.0 Grasp 0
417.0 102.0 393.0 141.0 365.0 123.0 389.0 84.0 Grasp 0
444.0 123.0 413.0 156.0 389.0 134.0 420.0 100.0 Grasp 0
360.0 304.0 348.0 371.0 317.0 365.0 330.0 298.0 Grasp 0
429.0 349.0 403.0 282.0 432.0 271.0 458.0 338.0 Grasp 0
494.0 311.0 424.0 291.0 433.0 260.0 503.0 280.0 Grasp 0
330.0 297.0 317.0 367.0 286.0 361.0 299.0 291.0 Grasp 0
417.0 89.0 343.0 68.0 351.0 40.0 425.0 61.0 Grasp 0
303.0 274.0 259.0 297.0 244.0 268.0 289.0 246.0 Grasp 0
503.0 224.0 457.0 238.0 448.0 206.0 494.0 193.0 Grasp 0
479.0 154.0 443.0 194.0 418.0 171.0 455.0 132.0 Grasp 0
504.0 246.0 467.0 257.0 458.0 226.0 495.0 215.0 Grasp 0
399.0 90.0 382.0 132.0 351.0 120.0 368.0 78.0 Grasp 0
317.0 291.0 277.0 334.0 254.0 313.0 293.0 270.0 Grasp 0
358.0 366.0 347.0 304.0 377.0 298.0 389.0 360.0 Grasp 0
287.0 243.0 249.0 247.0 246.0 215.0 284.0 212.0 Grasp 0
397.0 297.0 397.0 368.0 366.0 368.0 366.0 297.0 Grasp 0
292.0 181.0 247.0 147.0 267.0 121.0 312.0 155.0 Grasp 0
357.0 308.0 320.0 368.0 294.0 351.0 330.0 292.0 Grasp 0
504.0 268.0 460.0 272.0 457.0 240.0 501.0 236.0 Grasp 0
301.0 153.0 265.0 114.0 290.0 92.0 326.0 131.0 Grasp 0
385.0 81.0 376.0 128.0 343.0 122.0 352.0 75.0 Grasp 0
437.0 47.0 415.0 23.0 436.0 4.0 458.0 28.0 Grasp 0
286.0 215.0 244.0 211.0 247.0 179.0 289.0 183.0 Grasp 0
375.0 298.0 360.0 376.0 330.0 370.0 344.0 293.0 Grasp 0
298.0 175.0 251.0 161.0 260.0 130.0 307.0 143.0 Grasp 0
295.0 270.0 254.0 281.0 246.0 251.0 286.0 239.0 Grasp 0
487.0 320.0 436.0 265.0 460.0 244.0 510.0 299.0 Grasp 0
310.0 281.0 266.0 314.0 247.0 289.0 290.0 256.0 Grasp 0
491.0 194.0 450.0 214.0 435.0 185.0 476.0 164.0 Grasp 0
291.0 187.0 248.0 175.0 257.0 144.0 300.0 156.0 Grasp 0
513.0 282.0 451.0 264.0 460.0 233.0 522.0 251.0 Grasp 0
485.0 185.0 447.0 204.0 432.0 174.0 470.0 156.0 Grasp 0
427.0 76.0 374.0 50.0 387.0 24.0 439.0 50.0 Grasp 0
296.0 164.0 257.0 135.0 277.0 109.0 316.0 138.0 Grasp 0
400.0 367.0 360.0 301.0 386.0 285.0 427.0 350.0 Grasp 0
254.0 346.0 206.0 294.0 228.0 274.0 275.0 326.0 Grasp 0
288.0 235.0 241.0 231.0 244.0 199.0 291.0 203.0 Grasp 0
440.0 63.0 392.0 39.0 404.0 14.0 453.0 38.0 Grasp 0
413.0 363.0 375.0 301.0 401.0 285.0 439.0 346.0 Grasp 0
311.0 376.0 294.0 286.0 325.0 280.0 342.0 370.0 Grasp 0
391.0 370.0 348.0 301.0 374.0 284.0 417.0 353.0 Grasp 0
320.0 306.0 286.0 344.0 263.0 322.0 297.0 285.0 Grasp 0
498.0 301.0 443.0 285.0 451.0 254.0 507.0 270.0 Grasp 0
388.0 297.0 374.0 375.0 343.0 370.0 358.0 291.0 Grasp 0
462.0 135.0 427.0 173.0 403.0 151.0 437.0 113.0 Grasp 0
291.0 206.0 243.0 202.0 246.0 169.0 294.0 174.0 Grasp 0
472.0 340.0 407.0 291.0 426.0 266.0 491.0 315.0 Grasp 0
416.0 353.0 394.0 296.0 423.0 285.0 445.0 341.0 Grasp 0
487.0 337.0 381.0 307.0 389.0 277.0 495.0 307.0 Grasp 0
343.0 310.0 311.0 361.0 285.0 345.0 316.0 294.0 Grasp 0
255.0 344.0 197.0 250.0 222.0 235.0 279.0 328.0 Grasp 0
438.0 114.0 401.0 154.0 376.0 132.0 413.0 91.0 Grasp 0
464.0 347.0 398.0 297.0 417.0 272.0 483.0 322.0 Grasp 0
426.0 71.0 388.0 42.0 405.0 19.0 443.0 48.0 Grasp 0
253.0 351.0 222.0 336.0 235.0 310.0 266.0 326.0 Grasp 0
289.0 203.0 239.0 178.0 253.0 149.0 303.0 174.0 Grasp 0
428.0 56.0 405.0 30.0 426.0 11.0 449.0 37.0 Grasp 0
