324.0 382.0 273.0 325.0 293.0 306.0 345.0 363.0 Grasp 0
262.0 379.0 228.0 325.0 252.0 310.0 286.0 364.0 Grasp 0
291.0 379.0 258.0 325.0 282.0 310.0 315.0 364.0 Grasp 0
519.0 201.0 507.0 268.0 477.0 262.0 490.0 196.0 Grasp 0
233.0 376.0 215.0 328.0 241.0 317.0 260.0 365.0 Grasp 0
314.0 383.0 262.0 326.0 283.0 306.0 335.0 363.0 Grasp 0
265.0 375.0 245.0 324.0 272.0 314.0 291.0 365.0 Grasp 0
259.0 209.0 227.0 157.0 251.0 142.0 283.0 194.0 Grasp 0
533.0 205.0 521.0 269.0 492.0 263.0 504.0 200.0 Grasp 0
238.0 203.0 208.0 155.0 232.0 140.0 262.0 188.0 Grasp 0
368.0 36.0 309.0 131.0 284.0 115.0 342.0 21.0 Grasp 0
493.0 279.0 458.0 188.0 486.0 178.0 521.0 268.0 Grasp 0
425.0 168.0 313.0 157.0 316.0 128.0 427.0 139.0 Grasp 0
504.0 276.0 473.0 196.0 501.0 185.0 532.0 265.0 Grasp 0
244.0 375.0 225.0 325.0 251.0 315.0 271.0 365.0 Grasp 0
346.0 17.0 304.0 126.0 276.0 115.0 318.0 6.0 Grasp 0
335.0 11.0 293.0 120.0 265.0 109.0 307.0 0.0 Grasp 0
356.0 385.0 277.0 326.0 295.0 303.0 373.0 363.0 Grasp 0
257.0 325.0 239.0 371.0 212.0 361.0 230.0 314.0 Grasp 0
