561.0 98.0 548.0 30.0 577.0 25.0 589.0 93.0 Grasp 0
374.0 331.0 221.0 375.0 211.0 339.0 364.0 296.0 Grasp 0
458.0 315.0 448.0 264.0 478.0 258.0 487.0 310.0 Grasp 0
575.0 30.0 548.0 102.0 521.0 91.0 548.0 20.0 Grasp 0
458.0 260.0 458.0 330.0 428.0 330.0 428.0 260.0 Grasp 0
582.0 33.0 570.0 101.0 541.0 95.0 554.0 28.0 Grasp 0
561.0 23.0 488.0 78.0 470.0 55.0 544.0 0.0 Grasp 0
482.0 333.0 441.0 268.0 467.0 252.0 507.0 317.0 Grasp 0
552.0 100.0 538.0 26.0 566.0 21.0 580.0 95.0 Grasp 0
346.0 219.0 222.0 255.0 212.0 221.0 337.0 186.0 Grasp 0
357.0 315.0 253.0 262.0 269.0 230.0 374.0 282.0 Grasp 0
577.0 33.0 522.0 93.0 501.0 73.0 555.0 14.0 Grasp 0
592.0 44.0 533.0 108.0 512.0 89.0 571.0 24.0 Grasp 0
494.0 321.0 461.0 236.0 489.0 226.0 521.0 310.0 Grasp 0
345.0 237.0 345.0 392.0 307.0 392.0 307.0 237.0 Grasp 0
566.0 28.0 540.0 97.0 512.0 86.0 539.0 18.0 Grasp 0
