528.0 287.0 507.0 343.0 479.0 332.0 500.0 277.0 Grasp 0
460.0 267.0 440.0 319.0 412.0 308.0 432.0 256.0 Grasp 0
563.0 292.0 550.0 360.0 521.0 355.0 534.0 286.0 Grasp 0
516.0 286.0 497.0 337.0 469.0 327.0 489.0 276.0 Grasp 0
378.0 250.0 365.0 283.0 336.0 272.0 349.0 239.0 Grasp 0
318.0 177.0 270.0 214.0 251.0 190.0 300.0 153.0 Grasp 0
589.0 306.0 566.0 367.0 538.0 356.0 562.0 295.0 Grasp 0
312.0 278.0 253.0 233.0 271.0 208.0 331.0 253.0 Grasp 0
302.0 298.0 247.0 270.0 260.0 243.0 316.0 271.0 Grasp 0
479.0 276.0 446.0 328.0 421.0 312.0 454.0 260.0 Grasp 0
303.0 305.0 242.0 288.0 250.0 259.0 311.0 277.0 Grasp 0
568.0 298.0 512.0 359.0 490.0 339.0 545.0 278.0 Grasp 0
578.0 302.0 554.0 363.0 527.0 353.0 551.0 291.0 Grasp 0
481.0 266.0 469.0 328.0 439.0 323.0 451.0 260.0 Grasp 0
493.0 277.0 459.0 333.0 433.0 317.0 468.0 261.0 Grasp 0
340.0 178.0 277.0 225.0 259.0 200.0 321.0 153.0 Grasp 0
544.0 291.0 521.0 351.0 494.0 340.0 517.0 281.0 Grasp 0
558.0 293.0 533.0 357.0 506.0 346.0 530.0 283.0 Grasp 0
358.0 202.0 259.0 211.0 257.0 181.0 356.0 172.0 Grasp 0
489.0 271.0 477.0 333.0 448.0 328.0 459.0 266.0 Grasp 0
322.0 171.0 322.0 267.0 292.0 267.0 292.0 171.0 Grasp 0
505.0 285.0 487.0 332.0 459.0 321.0 477.0 274.0 Grasp 0
358.0 196.0 276.0 259.0 257.0 234.0 340.0 172.0 Grasp 0
575.0 291.0 575.0 367.0 545.0 367.0 545.0 291.0 Grasp 0
334.0 185.0 290.0 233.0 268.0 213.0 311.0 165.0 Grasp 0
352.0 225.0 264.0 216.0 267.0 187.0 355.0 195.0 Grasp 0
350.0 253.0 249.0 262.0 247.0 232.0 348.0 223.0 Grasp 0
349.0 246.0 265.0 238.0 268.0 209.0 352.0 217.0 Grasp 0
598.0 310.0 575.0 368.0 548.0 358.0 570.0 299.0 Grasp 0
311.0 287.0 256.0 245.0 274.0 222.0 329.0 263.0 Grasp 0
