378.0 170.0 307.0 150.0 315.0 121.0 386.0 141.0 Grasp 0
507.0 203.0 410.0 175.0 418.0 147.0 515.0 175.0 Grasp 0
527.0 162.0 511.0 76.0 539.0 70.0 555.0 157.0 Grasp 0
542.0 329.0 526.0 244.0 555.0 238.0 571.0 324.0 Grasp 0
531.0 331.0 515.0 245.0 545.0 239.0 561.0 326.0 Grasp 0
491.0 192.0 455.0 132.0 479.0 117.0 516.0 176.0 Grasp 0
486.0 339.0 471.0 256.0 500.0 250.0 516.0 333.0 Grasp 0
450.0 345.0 435.0 263.0 464.0 258.0 479.0 339.0 Grasp 0
472.0 340.0 457.0 259.0 486.0 253.0 501.0 335.0 Grasp 0
491.0 202.0 432.0 158.0 450.0 135.0 508.0 179.0 Grasp 0
521.0 177.0 472.0 124.0 494.0 104.0 543.0 158.0 Grasp 0
552.0 153.0 510.0 86.0 535.0 71.0 576.0 137.0 Grasp 0
539.0 167.0 488.0 110.0 509.0 91.0 561.0 148.0 Grasp 0
565.0 325.0 549.0 239.0 579.0 233.0 595.0 320.0 Grasp 0
545.0 175.0 463.0 134.0 476.0 108.0 558.0 149.0 Grasp 0
376.0 162.0 317.0 133.0 330.0 106.0 390.0 136.0 Grasp 0
510.0 335.0 494.0 251.0 524.0 245.0 539.0 329.0 Grasp 0
542.0 158.0 503.0 94.0 527.0 79.0 567.0 143.0 Grasp 0
518.0 190.0 441.0 152.0 454.0 126.0 531.0 164.0 Grasp 0
470.0 206.0 436.0 150.0 461.0 135.0 495.0 191.0 Grasp 0
512.0 183.0 464.0 131.0 486.0 111.0 533.0 164.0 Grasp 0
455.0 221.0 410.0 173.0 432.0 153.0 476.0 202.0 Grasp 0
518.0 196.0 419.0 168.0 427.0 140.0 526.0 168.0 Grasp 0
467.0 213.0 423.0 164.0 444.0 145.0 489.0 193.0 Grasp 0
477.0 218.0 402.0 181.0 415.0 154.0 490.0 192.0 Grasp 0
554.0 328.0 538.0 241.0 568.0 235.0 584.0 322.0 Grasp 0
521.0 171.0 483.0 109.0 508.0 94.0 546.0 156.0 Grasp 0
480.0 200.0 444.0 142.0 469.0 127.0 504.0 184.0 Grasp 0
583.0 323.0 567.0 236.0 596.0 230.0 613.0 317.0 Grasp 0
