260.0 502.0 232.0 456.0 256.0 441.0 285.0 487.0 Grasp 0
274.0 460.0 243.0 425.0 264.0 406.0 295.0 440.0 Grasp 0
267.0 480.0 231.0 441.0 252.0 422.0 287.0 461.0 Grasp 0
459.0 303.0 448.0 364.0 418.0 359.0 430.0 298.0 Grasp 0
430.0 292.0 430.0 357.0 401.0 357.0 401.0 292.0 Grasp 0
233.0 254.0 181.0 269.0 173.0 241.0 225.0 226.0 Grasp 0
323.0 454.0 276.0 431.0 289.0 405.0 336.0 429.0 Grasp 0
293.0 302.0 250.0 335.0 232.0 312.0 276.0 279.0 Grasp 0
271.0 468.0 235.0 429.0 257.0 410.0 292.0 449.0 Grasp 0
255.0 281.0 211.0 314.0 193.0 291.0 238.0 257.0 Grasp 0
225.0 499.0 187.0 458.0 208.0 439.0 246.0 480.0 Grasp 0
543.0 144.0 512.0 63.0 541.0 52.0 573.0 133.0 Grasp 0
468.0 244.0 457.0 182.0 485.0 177.0 496.0 239.0 Grasp 0
345.0 436.0 292.0 421.0 300.0 393.0 353.0 408.0 Grasp 0
481.0 295.0 470.0 355.0 441.0 349.0 452.0 290.0 Grasp 0
272.0 297.0 227.0 330.0 210.0 307.0 254.0 274.0 Grasp 0
577.0 98.0 501.0 60.0 514.0 32.0 590.0 70.0 Grasp 0
334.0 451.0 287.0 428.0 300.0 403.0 347.0 426.0 Grasp 0
465.0 163.0 452.0 230.0 424.0 225.0 437.0 158.0 Grasp 0
239.0 238.0 187.0 253.0 179.0 225.0 231.0 210.0 Grasp 0
591.0 62.0 542.0 25.0 560.0 2.0 609.0 39.0 Grasp 0
297.0 307.0 261.0 348.0 239.0 328.0 276.0 288.0 Grasp 0
567.0 58.0 496.0 38.0 504.0 11.0 575.0 31.0 Grasp 0
387.0 402.0 347.0 372.0 364.0 349.0 404.0 379.0 Grasp 0
441.0 303.0 441.0 367.0 411.0 367.0 411.0 303.0 Grasp 0
234.0 243.0 190.0 276.0 172.0 253.0 217.0 219.0 Grasp 0
468.0 313.0 457.0 373.0 428.0 368.0 439.0 308.0 Grasp 0
497.0 324.0 481.0 368.0 453.0 357.0 470.0 314.0 Grasp 0
313.0 459.0 265.0 436.0 278.0 410.0 325.0 433.0 Grasp 0
261.0 254.0 218.0 286.0 200.0 263.0 243.0 230.0 Grasp 0
296.0 463.0 258.0 434.0 275.0 412.0 313.0 440.0 Grasp 0
559.0 45.0 529.0 121.0 500.0 109.0 529.0 34.0 Grasp 0
440.0 165.0 400.0 228.0 376.0 213.0 415.0 149.0 Grasp 0
295.0 325.0 266.0 372.0 240.0 356.0 269.0 310.0 Grasp 0
307.0 342.0 287.0 375.0 262.0 359.0 282.0 327.0 Grasp 0
245.0 264.0 201.0 297.0 184.0 274.0 227.0 241.0 Grasp 0
235.0 493.0 198.0 454.0 219.0 434.0 256.0 474.0 Grasp 0
286.0 309.0 250.0 348.0 228.0 328.0 264.0 289.0 Grasp 0
566.0 117.0 498.0 65.0 516.0 40.0 585.0 92.0 Grasp 0
276.0 491.0 248.0 446.0 272.0 430.0 301.0 476.0 Grasp 0
324.0 421.0 314.0 367.0 342.0 362.0 352.0 415.0 Grasp 0
373.0 411.0 336.0 370.0 358.0 350.0 395.0 391.0 Grasp 0
587.0 78.0 528.0 34.0 546.0 11.0 604.0 55.0 Grasp 0
277.0 286.0 234.0 319.0 216.0 296.0 259.0 263.0 Grasp 0
266.0 286.0 222.0 320.0 204.0 296.0 248.0 263.0 Grasp 0
576.0 69.0 508.0 50.0 516.0 22.0 584.0 41.0 Grasp 0
215.0 501.0 176.0 457.0 197.0 438.0 236.0 481.0 Grasp 0
302.0 463.0 268.0 426.0 290.0 407.0 323.0 444.0 Grasp 0
283.0 297.0 239.0 330.0 222.0 306.0 265.0 274.0 Grasp 0
273.0 105.0 273.0 181.0 245.0 181.0 245.0 105.0 Grasp 0
297.0 298.0 278.0 348.0 250.0 338.0 270.0 288.0 Grasp 0
571.0 119.0 527.0 48.0 553.0 32.0 597.0 103.0 Grasp 0
278.0 275.0 234.0 308.0 216.0 285.0 260.0 252.0 Grasp 0
285.0 475.0 254.0 441.0 275.0 422.0 306.0 456.0 Grasp 0
289.0 108.0 289.0 188.0 261.0 188.0 261.0 108.0 Grasp 0
286.0 293.0 266.0 345.0 238.0 334.0 258.0 283.0 Grasp 0
485.0 301.0 451.0 357.0 426.0 341.0 460.0 285.0 Grasp 0
330.0 431.0 279.0 406.0 293.0 380.0 343.0 405.0 Grasp 0
582.0 79.0 543.0 143.0 516.0 127.0 556.0 63.0 Grasp 0
311.0 314.0 282.0 360.0 257.0 345.0 286.0 299.0 Grasp 0
471.0 293.0 459.0 352.0 430.0 347.0 441.0 288.0 Grasp 0
585.0 85.0 523.0 54.0 536.0 28.0 599.0 59.0 Grasp 0
313.0 438.0 265.0 415.0 278.0 389.0 326.0 413.0 Grasp 0
293.0 325.0 250.0 358.0 232.0 334.0 275.0 302.0 Grasp 0
571.0 129.0 499.0 93.0 513.0 65.0 585.0 101.0 Grasp 0
416.0 295.0 372.0 343.0 350.0 323.0 394.0 275.0 Grasp 0
362.0 423.0 333.0 376.0 357.0 361.0 386.0 408.0 Grasp 0
444.0 167.0 419.0 231.0 392.0 221.0 417.0 157.0 Grasp 0
279.0 281.0 251.0 326.0 226.0 311.0 254.0 266.0 Grasp 0
243.0 248.0 206.0 288.0 185.0 269.0 221.0 229.0 Grasp 0
267.0 270.0 223.0 302.0 206.0 279.0 249.0 247.0 Grasp 0
396.0 282.0 361.0 339.0 336.0 323.0 371.0 266.0 Grasp 0
380.0 267.0 357.0 326.0 330.0 315.0 353.0 257.0 Grasp 0
507.0 323.0 490.0 367.0 463.0 356.0 480.0 313.0 Grasp 0
442.0 353.0 419.0 295.0 447.0 284.0 469.0 342.0 Grasp 0
449.0 168.0 436.0 237.0 408.0 231.0 421.0 162.0 Grasp 0
339.0 412.0 318.0 360.0 345.0 350.0 365.0 402.0 Grasp 0
450.0 312.0 387.0 344.0 373.0 317.0 436.0 286.0 Grasp 0
431.0 307.0 365.0 325.0 357.0 297.0 423.0 278.0 Grasp 0
234.0 253.0 189.0 287.0 172.0 264.0 216.0 230.0 Grasp 0
457.0 288.0 445.0 349.0 416.0 344.0 428.0 282.0 Grasp 0
304.0 449.0 262.0 418.0 279.0 395.0 321.0 427.0 Grasp 0
587.0 62.0 519.0 28.0 532.0 2.0 600.0 36.0 Grasp 0
393.0 355.0 359.0 299.0 384.0 284.0 418.0 339.0 Grasp 0
564.0 84.0 521.0 80.0 524.0 50.0 567.0 54.0 Grasp 0
245.0 503.0 218.0 458.0 242.0 443.0 269.0 488.0 Grasp 0
542.0 147.0 494.0 94.0 517.0 73.0 565.0 126.0 Grasp 0
280.0 290.0 248.0 341.0 223.0 325.0 255.0 275.0 Grasp 0
