380.0 96.0 326.0 137.0 308.0 113.0 362.0 72.0 Grasp 0
419.0 263.0 394.0 303.0 368.0 287.0 393.0 247.0 Grasp 0
337.0 91.0 297.0 135.0 274.0 115.0 315.0 70.0 Grasp 0
336.0 71.0 297.0 115.0 275.0 95.0 315.0 51.0 Grasp 0
254.0 227.0 221.0 312.0 194.0 301.0 227.0 216.0 Grasp 0
293.0 59.0 293.0 115.0 263.0 115.0 263.0 59.0 Grasp 0
302.0 59.0 281.0 113.0 253.0 102.0 274.0 48.0 Grasp 0
317.0 55.0 287.0 103.0 262.0 87.0 291.0 39.0 Grasp 0
349.0 91.0 307.0 137.0 285.0 117.0 327.0 71.0 Grasp 0
428.0 269.0 405.0 307.0 380.0 291.0 403.0 254.0 Grasp 0
429.0 254.0 404.0 295.0 379.0 279.0 404.0 238.0 Grasp 0
303.0 324.0 270.0 238.0 298.0 227.0 331.0 313.0 Grasp 0
308.0 69.0 286.0 125.0 258.0 114.0 280.0 58.0 Grasp 0
364.0 97.0 310.0 138.0 292.0 114.0 346.0 74.0 Grasp 0
363.0 114.0 310.0 154.0 292.0 130.0 345.0 90.0 Grasp 0
299.0 240.0 299.0 333.0 269.0 333.0 269.0 240.0 Grasp 0
392.0 126.0 327.0 145.0 319.0 116.0 383.0 98.0 Grasp 0
238.0 216.0 238.0 312.0 209.0 312.0 209.0 216.0 Grasp 0
314.0 77.0 275.0 120.0 253.0 100.0 292.0 57.0 Grasp 0
330.0 61.0 292.0 103.0 270.0 83.0 309.0 41.0 Grasp 0
323.0 81.0 292.0 131.0 266.0 115.0 297.0 65.0 Grasp 0
351.0 83.0 304.0 118.0 286.0 95.0 333.0 59.0 Grasp 0
375.0 84.0 321.0 125.0 303.0 101.0 357.0 60.0 Grasp 0
275.0 231.0 257.0 324.0 228.0 319.0 246.0 225.0 Grasp 0
381.0 115.0 320.0 146.0 306.0 119.0 368.0 89.0 Grasp 0
263.0 220.0 246.0 314.0 217.0 309.0 234.0 214.0 Grasp 0
236.0 222.0 220.0 311.0 191.0 306.0 207.0 217.0 Grasp 0
332.0 89.0 286.0 124.0 268.0 100.0 314.0 66.0 Grasp 0
352.0 111.0 299.0 151.0 281.0 128.0 334.0 88.0 Grasp 0
