591.0 317.0 574.0 360.0 547.0 350.0 564.0 307.0 Grasp 0
278.0 79.0 264.0 159.0 235.0 153.0 249.0 74.0 Grasp 0
514.0 360.0 490.0 321.0 514.0 306.0 539.0 345.0 Grasp 0
494.0 349.0 485.0 304.0 514.0 299.0 522.0 343.0 Grasp 0
291.0 372.0 248.0 339.0 266.0 316.0 309.0 349.0 Grasp 0
274.0 270.0 218.0 228.0 236.0 204.0 292.0 246.0 Grasp 0
583.0 345.0 566.0 302.0 594.0 291.0 611.0 335.0 Grasp 0
283.0 254.0 239.0 206.0 261.0 186.0 305.0 234.0 Grasp 0
470.0 317.0 454.0 357.0 428.0 347.0 443.0 306.0 Grasp 0
502.0 311.0 486.0 352.0 460.0 341.0 475.0 301.0 Grasp 0
268.0 259.0 224.0 210.0 246.0 190.0 290.0 239.0 Grasp 0
240.0 267.0 192.0 230.0 210.0 207.0 258.0 243.0 Grasp 0
547.0 360.0 530.0 317.0 557.0 307.0 574.0 349.0 Grasp 0
361.0 159.0 332.0 84.0 360.0 74.0 389.0 148.0 Grasp 0
533.0 302.0 524.0 348.0 496.0 342.0 504.0 297.0 Grasp 0
478.0 324.0 470.0 367.0 442.0 361.0 450.0 319.0 Grasp 0
250.0 264.0 209.0 219.0 231.0 199.0 272.0 244.0 Grasp 0
317.0 257.0 266.0 219.0 284.0 195.0 334.0 233.0 Grasp 0
256.0 373.0 225.0 340.0 247.0 320.0 277.0 354.0 Grasp 0
275.0 374.0 231.0 341.0 249.0 318.0 293.0 351.0 Grasp 0
532.0 350.0 515.0 306.0 542.0 296.0 559.0 339.0 Grasp 0
350.0 159.0 321.0 85.0 349.0 74.0 378.0 149.0 Grasp 0
574.0 344.0 558.0 301.0 585.0 291.0 601.0 333.0 Grasp 0
513.0 351.0 496.0 307.0 523.0 296.0 540.0 340.0 Grasp 0
553.0 341.0 545.0 296.0 573.0 290.0 582.0 336.0 Grasp 0
238.0 207.0 238.0 268.0 208.0 268.0 208.0 207.0 Grasp 0
501.0 318.0 493.0 364.0 464.0 359.0 473.0 313.0 Grasp 0
539.0 343.0 530.0 296.0 559.0 291.0 567.0 337.0 Grasp 0
262.0 264.0 205.0 236.0 218.0 209.0 275.0 238.0 Grasp 0
562.0 344.0 538.0 305.0 562.0 290.0 587.0 329.0 Grasp 0
490.0 309.0 482.0 353.0 454.0 347.0 462.0 303.0 Grasp 0
294.0 253.0 239.0 225.0 252.0 199.0 307.0 226.0 Grasp 0
232.0 268.0 210.0 210.0 237.0 199.0 260.0 257.0 Grasp 0
287.0 361.0 243.0 328.0 261.0 305.0 305.0 338.0 Grasp 0
518.0 319.0 502.0 361.0 474.0 350.0 491.0 308.0 Grasp 0
471.0 367.0 463.0 323.0 491.0 318.0 499.0 362.0 Grasp 0
511.0 306.0 503.0 350.0 474.0 345.0 483.0 300.0 Grasp 0
568.0 354.0 551.0 311.0 578.0 301.0 594.0 344.0 Grasp 0
482.0 359.0 466.0 317.0 493.0 306.0 509.0 349.0 Grasp 0
250.0 362.0 220.0 328.0 242.0 308.0 272.0 342.0 Grasp 0
580.0 317.0 563.0 360.0 536.0 349.0 553.0 306.0 Grasp 0
522.0 304.0 514.0 349.0 486.0 344.0 494.0 298.0 Grasp 0
260.0 276.0 227.0 224.0 252.0 208.0 285.0 261.0 Grasp 0
275.0 279.0 212.0 248.0 226.0 221.0 288.0 252.0 Grasp 0
367.0 137.0 328.0 75.0 353.0 59.0 392.0 122.0 Grasp 0
354.0 139.0 301.0 81.0 323.0 61.0 376.0 119.0 Grasp 0
