370.0 128.0 295.0 185.0 275.0 158.0 350.0 101.0 Grasp 0
361.0 107.0 297.0 139.0 283.0 111.0 347.0 79.0 Grasp 0
515.0 334.0 489.0 336.0 486.0 308.0 513.0 306.0 Grasp 0
343.0 107.0 285.0 151.0 265.0 125.0 324.0 81.0 Grasp 0
355.0 97.0 292.0 129.0 278.0 100.0 341.0 68.0 Grasp 0
520.0 294.0 490.0 302.0 483.0 275.0 513.0 266.0 Grasp 0
341.0 94.0 283.0 123.0 268.0 94.0 327.0 65.0 Grasp 0
351.0 121.0 290.0 167.0 271.0 142.0 332.0 96.0 Grasp 0
519.0 288.0 487.0 291.0 484.0 262.0 516.0 259.0 Grasp 0
326.0 99.0 275.0 137.0 256.0 112.0 307.0 73.0 Grasp 0
513.0 314.0 484.0 323.0 476.0 295.0 505.0 287.0 Grasp 0
514.0 308.0 484.0 311.0 481.0 282.0 512.0 280.0 Grasp 0
256.0 359.0 211.0 337.0 225.0 311.0 269.0 333.0 Grasp 0
371.0 134.0 294.0 156.0 286.0 125.0 362.0 104.0 Grasp 0
266.0 366.0 219.0 353.0 227.0 325.0 274.0 338.0 Grasp 0
509.0 328.0 483.0 331.0 481.0 303.0 507.0 300.0 Grasp 0
519.0 320.0 491.0 328.0 483.0 301.0 511.0 293.0 Grasp 0
