410.0 110.0 394.0 193.0 366.0 187.0 381.0 105.0 Grasp 0
375.0 266.0 375.0 358.0 346.0 358.0 346.0 266.0 Grasp 0
236.0 187.0 224.0 254.0 195.0 249.0 207.0 181.0 Grasp 0
245.0 266.0 196.0 187.0 222.0 172.0 270.0 250.0 Grasp 0
394.0 299.0 300.0 326.0 292.0 298.0 386.0 271.0 Grasp 0
428.0 122.0 399.0 197.0 372.0 186.0 401.0 112.0 Grasp 0
265.0 266.0 216.0 186.0 241.0 171.0 290.0 250.0 Grasp 0
271.0 75.0 241.0 151.0 214.0 141.0 243.0 65.0 Grasp 0
243.0 256.0 230.0 185.0 259.0 180.0 272.0 250.0 Grasp 0
386.0 268.0 386.0 353.0 358.0 353.0 358.0 268.0 Grasp 0
339.0 366.0 293.0 291.0 318.0 276.0 364.0 350.0 Grasp 0
360.0 197.0 340.0 90.0 368.0 84.0 389.0 192.0 Grasp 0
289.0 80.0 259.0 157.0 232.0 146.0 262.0 69.0 Grasp 0
220.0 259.0 193.0 189.0 221.0 178.0 248.0 248.0 Grasp 0
401.0 104.0 385.0 192.0 356.0 187.0 372.0 99.0 Grasp 0
407.0 313.0 312.0 360.0 299.0 334.0 394.0 287.0 Grasp 0
367.0 365.0 298.0 290.0 319.0 270.0 389.0 346.0 Grasp 0
418.0 110.0 418.0 192.0 389.0 192.0 389.0 110.0 Grasp 0
349.0 195.0 328.0 86.0 357.0 80.0 378.0 189.0 Grasp 0
400.0 301.0 305.0 348.0 293.0 322.0 387.0 275.0 Grasp 0
386.0 272.0 348.0 370.0 320.0 360.0 358.0 262.0 Grasp 0
311.0 81.0 238.0 161.0 217.0 141.0 290.0 61.0 Grasp 0
396.0 285.0 323.0 365.0 301.0 346.0 374.0 266.0 Grasp 0
201.0 252.0 189.0 190.0 218.0 185.0 230.0 247.0 Grasp 0
