445.0 254.0 430.0 175.0 461.0 169.0 476.0 248.0 Grasp 0
244.0 149.0 184.0 165.0 176.0 138.0 236.0 121.0 Grasp 0
343.0 256.0 330.0 330.0 300.0 324.0 314.0 251.0 Grasp 0
460.0 276.0 364.0 248.0 372.0 218.0 469.0 246.0 Grasp 0
240.0 215.0 165.0 271.0 148.0 248.0 222.0 192.0 Grasp 0
242.0 158.0 182.0 175.0 174.0 147.0 234.0 130.0 Grasp 0
442.0 258.0 413.0 183.0 443.0 172.0 472.0 246.0 Grasp 0
470.0 237.0 423.0 185.0 446.0 164.0 493.0 216.0 Grasp 0
434.0 184.0 368.0 235.0 350.0 211.0 416.0 161.0 Grasp 0
427.0 257.0 354.0 220.0 367.0 193.0 441.0 230.0 Grasp 0
242.0 183.0 175.0 217.0 162.0 191.0 229.0 157.0 Grasp 0
232.0 133.0 196.0 129.0 199.0 101.0 234.0 104.0 Grasp 0
433.0 292.0 356.0 254.0 370.0 227.0 447.0 266.0 Grasp 0
231.0 152.0 189.0 149.0 192.0 120.0 233.0 123.0 Grasp 0
341.0 301.0 331.0 251.0 361.0 245.0 371.0 295.0 Grasp 0
226.0 176.0 180.0 163.0 188.0 135.0 234.0 148.0 Grasp 0
323.0 218.0 295.0 146.0 322.0 135.0 349.0 208.0 Grasp 0
429.0 150.0 363.0 222.0 341.0 202.0 407.0 130.0 Grasp 0
243.0 187.0 169.0 243.0 152.0 220.0 226.0 164.0 Grasp 0
458.0 249.0 418.0 184.0 444.0 168.0 485.0 233.0 Grasp 0
354.0 250.0 354.0 311.0 324.0 311.0 324.0 250.0 Grasp 0
426.0 259.0 353.0 179.0 375.0 158.0 448.0 238.0 Grasp 0
343.0 257.0 307.0 348.0 280.0 337.0 315.0 246.0 Grasp 0
244.0 171.0 176.0 205.0 163.0 179.0 231.0 145.0 Grasp 0
467.0 183.0 345.0 275.0 326.0 251.0 448.0 158.0 Grasp 0
234.0 142.0 189.0 137.0 191.0 108.0 236.0 113.0 Grasp 0
437.0 286.0 346.0 217.0 364.0 193.0 455.0 262.0 Grasp 0
461.0 267.0 386.0 230.0 400.0 202.0 475.0 240.0 Grasp 0
242.0 201.0 167.0 258.0 150.0 235.0 225.0 179.0 Grasp 0
337.0 147.0 268.0 199.0 251.0 176.0 320.0 124.0 Grasp 0
383.0 299.0 348.0 210.0 376.0 199.0 411.0 289.0 Grasp 0
229.0 138.0 191.0 119.0 204.0 93.0 242.0 112.0 Grasp 0
482.0 256.0 371.0 245.0 374.0 214.0 485.0 225.0 Grasp 0
430.0 165.0 366.0 235.0 344.0 215.0 408.0 144.0 Grasp 0
416.0 298.0 354.0 231.0 376.0 211.0 438.0 278.0 Grasp 0
431.0 260.0 362.0 241.0 370.0 212.0 440.0 231.0 Grasp 0
226.0 166.0 183.0 154.0 191.0 126.0 234.0 138.0 Grasp 0
488.0 247.0 383.0 237.0 386.0 206.0 491.0 216.0 Grasp 0
244.0 133.0 186.0 149.0 179.0 121.0 236.0 105.0 Grasp 0
241.0 223.0 161.0 311.0 140.0 291.0 219.0 204.0 Grasp 0
416.0 287.0 393.0 164.0 423.0 158.0 447.0 281.0 Grasp 0
247.0 159.0 180.0 193.0 167.0 167.0 234.0 133.0 Grasp 0
234.0 181.0 182.0 186.0 179.0 157.0 231.0 152.0 Grasp 0
