463.0 81.0 437.0 123.0 413.0 108.0 439.0 66.0 Grasp 0
306.0 301.0 246.0 331.0 232.0 303.0 292.0 273.0 Grasp 0
380.0 159.0 310.0 139.0 318.0 111.0 388.0 131.0 Grasp 0
282.0 278.0 220.0 295.0 212.0 265.0 273.0 248.0 Grasp 0
524.0 253.0 457.0 272.0 448.0 243.0 516.0 224.0 Grasp 0
516.0 266.0 449.0 285.0 441.0 256.0 508.0 237.0 Grasp 0
282.0 260.0 227.0 287.0 213.0 259.0 268.0 232.0 Grasp 0
528.0 223.0 474.0 264.0 456.0 239.0 510.0 199.0 Grasp 0
343.0 307.0 331.0 370.0 302.0 365.0 314.0 302.0 Grasp 0
267.0 202.0 218.0 239.0 200.0 215.0 249.0 178.0 Grasp 0
374.0 112.0 349.0 46.0 375.0 36.0 401.0 102.0 Grasp 0
266.0 237.0 211.0 264.0 197.0 237.0 252.0 209.0 Grasp 0
356.0 233.0 282.0 177.0 300.0 153.0 374.0 209.0 Grasp 0
266.0 219.0 218.0 255.0 199.0 231.0 248.0 195.0 Grasp 0
354.0 310.0 354.0 372.0 324.0 372.0 324.0 310.0 Grasp 0
263.0 185.0 212.0 224.0 194.0 200.0 245.0 162.0 Grasp 0
219.0 352.0 202.0 306.0 229.0 296.0 247.0 341.0 Grasp 0
381.0 313.0 369.0 374.0 340.0 368.0 352.0 308.0 Grasp 0
305.0 271.0 253.0 310.0 234.0 285.0 286.0 245.0 Grasp 0
429.0 129.0 421.0 85.0 449.0 80.0 457.0 124.0 Grasp 0
418.0 125.0 402.0 83.0 428.0 73.0 444.0 115.0 Grasp 0
424.0 112.0 416.0 67.0 444.0 62.0 453.0 107.0 Grasp 0
383.0 116.0 370.0 46.0 398.0 41.0 411.0 111.0 Grasp 0
421.0 61.0 421.0 116.0 393.0 116.0 393.0 61.0 Grasp 0
362.0 312.0 330.0 365.0 304.0 350.0 337.0 297.0 Grasp 0
521.0 261.0 456.0 242.0 464.0 213.0 529.0 231.0 Grasp 0
236.0 363.0 210.0 321.0 235.0 305.0 261.0 347.0 Grasp 0
387.0 137.0 326.0 91.0 343.0 68.0 404.0 114.0 Grasp 0
365.0 133.0 305.0 88.0 322.0 65.0 382.0 110.0 Grasp 0
282.0 265.0 231.0 302.0 213.0 277.0 263.0 240.0 Grasp 0
520.0 278.0 455.0 259.0 463.0 230.0 529.0 248.0 Grasp 0
311.0 319.0 265.0 342.0 251.0 313.0 297.0 291.0 Grasp 0
250.0 185.0 200.0 223.0 181.0 199.0 232.0 161.0 Grasp 0
280.0 249.0 226.0 276.0 212.0 248.0 266.0 221.0 Grasp 0
498.0 292.0 443.0 250.0 461.0 226.0 517.0 268.0 Grasp 0
301.0 289.0 241.0 318.0 227.0 290.0 287.0 260.0 Grasp 0
376.0 312.0 352.0 372.0 325.0 361.0 348.0 301.0 Grasp 0
299.0 266.0 243.0 294.0 229.0 266.0 285.0 238.0 Grasp 0
358.0 251.0 280.0 192.0 297.0 169.0 375.0 228.0 Grasp 0
442.0 65.0 432.0 117.0 404.0 111.0 414.0 60.0 Grasp 0
395.0 132.0 353.0 63.0 377.0 48.0 420.0 116.0 Grasp 0
210.0 363.0 192.0 315.0 219.0 305.0 237.0 352.0 Grasp 0
320.0 318.0 298.0 374.0 270.0 363.0 292.0 307.0 Grasp 0
266.0 220.0 235.0 269.0 209.0 253.0 240.0 204.0 Grasp 0
462.0 73.0 453.0 122.0 425.0 116.0 434.0 68.0 Grasp 0
390.0 155.0 326.0 123.0 339.0 97.0 403.0 129.0 Grasp 0
488.0 101.0 451.0 129.0 433.0 106.0 471.0 78.0 Grasp 0
379.0 129.0 337.0 60.0 361.0 45.0 404.0 114.0 Grasp 0
345.0 267.0 278.0 194.0 299.0 175.0 366.0 248.0 Grasp 0
387.0 168.0 313.0 175.0 310.0 147.0 384.0 140.0 Grasp 0
386.0 293.0 362.0 354.0 335.0 344.0 358.0 283.0 Grasp 0
471.0 88.0 453.0 133.0 426.0 123.0 444.0 77.0 Grasp 0
254.0 202.0 205.0 239.0 186.0 215.0 236.0 177.0 Grasp 0
268.0 190.0 235.0 243.0 210.0 227.0 243.0 175.0 Grasp 0
326.0 312.0 315.0 374.0 286.0 369.0 297.0 307.0 Grasp 0
464.0 93.0 464.0 137.0 435.0 137.0 435.0 93.0 Grasp 0
368.0 320.0 334.0 375.0 309.0 360.0 343.0 305.0 Grasp 0
364.0 309.0 364.0 372.0 335.0 372.0 335.0 309.0 Grasp 0
414.0 169.0 405.0 216.0 377.0 211.0 386.0 163.0 Grasp 0
543.0 238.0 495.0 290.0 473.0 269.0 520.0 217.0 Grasp 0
410.0 183.0 401.0 232.0 373.0 226.0 382.0 178.0 Grasp 0
425.0 165.0 425.0 210.0 395.0 210.0 395.0 165.0 Grasp 0
407.0 122.0 390.0 77.0 416.0 67.0 434.0 112.0 Grasp 0
305.0 311.0 259.0 334.0 245.0 305.0 290.0 282.0 Grasp 0
310.0 297.0 276.0 334.0 253.0 312.0 286.0 275.0 Grasp 0
225.0 368.0 200.0 326.0 225.0 311.0 250.0 352.0 Grasp 0
267.0 380.0 222.0 330.0 244.0 310.0 289.0 359.0 Grasp 0
370.0 150.0 298.0 130.0 306.0 102.0 378.0 122.0 Grasp 0
399.0 143.0 347.0 86.0 368.0 66.0 420.0 124.0 Grasp 0
368.0 138.0 306.0 107.0 318.0 82.0 381.0 113.0 Grasp 0
283.0 228.0 233.0 266.0 214.0 241.0 264.0 203.0 Grasp 0
294.0 271.0 241.0 310.0 222.0 285.0 274.0 245.0 Grasp 0
374.0 162.0 300.0 155.0 303.0 126.0 377.0 133.0 Grasp 0
478.0 85.0 470.0 129.0 442.0 124.0 450.0 80.0 Grasp 0
