503.0 320.0 471.0 269.0 496.0 253.0 528.0 304.0 Grasp 0
501.0 336.0 469.0 284.0 494.0 269.0 526.0 320.0 Grasp 0
390.0 249.0 338.0 264.0 330.0 236.0 382.0 221.0 Grasp 0
395.0 195.0 344.0 209.0 336.0 181.0 387.0 166.0 Grasp 0
263.0 261.0 224.0 281.0 211.0 255.0 251.0 235.0 Grasp 0
279.0 321.0 227.0 336.0 219.0 309.0 271.0 294.0 Grasp 0
277.0 270.0 232.0 274.0 229.0 246.0 275.0 242.0 Grasp 0
380.0 189.0 327.0 204.0 319.0 176.0 372.0 161.0 Grasp 0
374.0 162.0 322.0 177.0 314.0 149.0 366.0 134.0 Grasp 0
474.0 353.0 441.0 300.0 466.0 285.0 499.0 338.0 Grasp 0
409.0 249.0 359.0 273.0 346.0 247.0 395.0 222.0 Grasp 0
304.0 327.0 248.0 332.0 246.0 304.0 302.0 299.0 Grasp 0
396.0 233.0 343.0 247.0 335.0 219.0 388.0 204.0 Grasp 0
265.0 270.0 223.0 290.0 210.0 265.0 252.0 244.0 Grasp 0
390.0 260.0 338.0 274.0 330.0 246.0 382.0 232.0 Grasp 0
272.0 312.0 222.0 326.0 214.0 299.0 265.0 284.0 Grasp 0
274.0 318.0 231.0 297.0 243.0 271.0 287.0 293.0 Grasp 0
379.0 140.0 328.0 154.0 320.0 126.0 371.0 111.0 Grasp 0
360.0 128.0 325.0 138.0 317.0 110.0 352.0 100.0 Grasp 0
271.0 245.0 233.0 256.0 225.0 228.0 263.0 218.0 Grasp 0
275.0 286.0 230.0 299.0 222.0 272.0 268.0 259.0 Grasp 0
283.0 299.0 238.0 286.0 246.0 259.0 291.0 272.0 Grasp 0
483.0 330.0 462.0 275.0 490.0 264.0 511.0 319.0 Grasp 0
285.0 296.0 237.0 300.0 234.0 272.0 282.0 268.0 Grasp 0
397.0 271.0 344.0 286.0 335.0 258.0 389.0 242.0 Grasp 0
385.0 227.0 332.0 242.0 324.0 214.0 377.0 199.0 Grasp 0
273.0 337.0 217.0 342.0 215.0 314.0 271.0 309.0 Grasp 0
375.0 167.0 326.0 192.0 313.0 166.0 362.0 141.0 Grasp 0
452.0 359.0 429.0 301.0 457.0 291.0 479.0 348.0 Grasp 0
489.0 345.0 457.0 292.0 482.0 277.0 514.0 330.0 Grasp 0
474.0 326.0 441.0 272.0 466.0 257.0 499.0 311.0 Grasp 0
435.0 354.0 412.0 295.0 440.0 284.0 462.0 343.0 Grasp 0
441.0 340.0 418.0 281.0 446.0 270.0 468.0 329.0 Grasp 0
272.0 255.0 231.0 267.0 223.0 240.0 264.0 228.0 Grasp 0
370.0 127.0 336.0 137.0 328.0 108.0 362.0 99.0 Grasp 0
388.0 173.0 335.0 178.0 332.0 149.0 386.0 144.0 Grasp 0
295.0 311.0 242.0 326.0 234.0 299.0 287.0 284.0 Grasp 0
413.0 265.0 364.0 289.0 351.0 263.0 400.0 238.0 Grasp 0
288.0 342.0 232.0 347.0 230.0 319.0 286.0 314.0 Grasp 0
360.0 138.0 324.0 149.0 316.0 121.0 353.0 110.0 Grasp 0
456.0 331.0 434.0 273.0 461.0 263.0 483.0 321.0 Grasp 0
276.0 292.0 233.0 313.0 221.0 288.0 264.0 266.0 Grasp 0
292.0 302.0 243.0 316.0 236.0 288.0 284.0 275.0 Grasp 0
539.0 297.0 514.0 257.0 539.0 242.0 564.0 281.0 Grasp 0
530.0 263.0 519.0 326.0 489.0 321.0 501.0 258.0 Grasp 0
403.0 276.0 353.0 300.0 340.0 274.0 390.0 249.0 Grasp 0
384.0 211.0 333.0 226.0 325.0 198.0 376.0 183.0 Grasp 0
385.0 179.0 333.0 193.0 325.0 165.0 377.0 151.0 Grasp 0
496.0 318.0 454.0 271.0 476.0 252.0 518.0 298.0 Grasp 0
503.0 328.0 454.0 291.0 472.0 267.0 521.0 304.0 Grasp 0
260.0 251.0 222.0 261.0 215.0 234.0 252.0 223.0 Grasp 0
418.0 347.0 406.0 286.0 435.0 280.0 447.0 342.0 Grasp 0
533.0 300.0 496.0 259.0 518.0 239.0 555.0 280.0 Grasp 0
275.0 277.0 230.0 290.0 222.0 263.0 268.0 250.0 Grasp 0
497.0 322.0 485.0 257.0 515.0 252.0 527.0 316.0 Grasp 0
459.0 284.0 459.0 356.0 429.0 356.0 429.0 284.0 Grasp 0
463.0 347.0 431.0 296.0 456.0 280.0 488.0 331.0 Grasp 0
388.0 200.0 330.0 194.0 333.0 165.0 391.0 170.0 Grasp 0
528.0 307.0 512.0 264.0 539.0 254.0 555.0 296.0 Grasp 0
512.0 314.0 481.0 263.0 506.0 247.0 538.0 299.0 Grasp 0
389.0 162.0 334.0 167.0 331.0 138.0 386.0 133.0 Grasp 0
306.0 331.0 253.0 346.0 245.0 319.0 298.0 304.0 Grasp 0
289.0 295.0 247.0 327.0 230.0 304.0 271.0 273.0 Grasp 0
396.0 184.0 343.0 199.0 335.0 170.0 388.0 155.0 Grasp 0
407.0 371.0 407.0 302.0 437.0 302.0 437.0 371.0 Grasp 0
430.0 286.0 430.0 350.0 401.0 350.0 401.0 286.0 Grasp 0
295.0 321.0 242.0 316.0 245.0 288.0 298.0 293.0 Grasp 0
401.0 211.0 349.0 226.0 341.0 198.0 393.0 183.0 Grasp 0
286.0 276.0 252.0 313.0 230.0 294.0 264.0 257.0 Grasp 0
302.0 342.0 246.0 337.0 248.0 309.0 305.0 314.0 Grasp 0
281.0 326.0 234.0 361.0 217.0 338.0 264.0 303.0 Grasp 0
272.0 242.0 245.0 272.0 223.0 253.0 251.0 223.0 Grasp 0
406.0 238.0 354.0 253.0 346.0 225.0 398.0 210.0 Grasp 0
290.0 326.0 237.0 341.0 229.0 314.0 282.0 299.0 Grasp 0
457.0 280.0 446.0 341.0 417.0 335.0 428.0 274.0 Grasp 0
401.0 222.0 349.0 237.0 341.0 209.0 393.0 194.0 Grasp 0
278.0 288.0 233.0 276.0 240.0 248.0 286.0 261.0 Grasp 0
518.0 331.0 486.0 279.0 511.0 263.0 543.0 315.0 Grasp 0
