345.0 283.0 315.0 362.0 285.0 350.0 315.0 271.0 Grasp 0
262.0 354.0 243.0 256.0 273.0 251.0 291.0 348.0 Grasp 0
385.0 288.0 355.0 364.0 325.0 352.0 354.0 276.0 Grasp 0
360.0 352.0 348.0 289.0 380.0 282.0 392.0 346.0 Grasp 0
309.0 273.0 259.0 354.0 232.0 338.0 283.0 256.0 Grasp 0
369.0 284.0 338.0 363.0 308.0 351.0 339.0 272.0 Grasp 0
236.0 265.0 236.0 354.0 206.0 354.0 206.0 265.0 Grasp 0
331.0 281.0 331.0 351.0 299.0 351.0 299.0 281.0 Grasp 0
393.0 291.0 381.0 354.0 349.0 348.0 361.0 285.0 Grasp 0
232.0 359.0 183.0 280.0 209.0 264.0 258.0 344.0 Grasp 0
351.0 283.0 337.0 357.0 305.0 351.0 319.0 277.0 Grasp 0
250.0 259.0 250.0 356.0 219.0 356.0 219.0 259.0 Grasp 0
313.0 273.0 282.0 351.0 253.0 340.0 283.0 261.0 Grasp 0
355.0 360.0 327.0 288.0 357.0 276.0 385.0 348.0 Grasp 0
246.0 357.0 210.0 266.0 239.0 254.0 274.0 346.0 Grasp 0
359.0 284.0 359.0 353.0 327.0 353.0 327.0 284.0 Grasp 0
297.0 259.0 297.0 344.0 266.0 344.0 266.0 259.0 Grasp 0
316.0 275.0 302.0 348.0 271.0 342.0 285.0 269.0 Grasp 0
294.0 260.0 277.0 349.0 246.0 344.0 263.0 254.0 Grasp 0
336.0 284.0 284.0 367.0 257.0 350.0 308.0 267.0 Grasp 0
371.0 285.0 371.0 350.0 338.0 350.0 338.0 285.0 Grasp 0
378.0 353.0 328.0 299.0 353.0 277.0 403.0 331.0 Grasp 0
236.0 359.0 200.0 268.0 228.0 257.0 264.0 348.0 Grasp 0
294.0 361.0 254.0 258.0 284.0 247.0 323.0 349.0 Grasp 0
322.0 355.0 310.0 290.0 342.0 284.0 354.0 349.0 Grasp 0
283.0 257.0 240.0 367.0 211.0 356.0 254.0 246.0 Grasp 0
