467.0 268.0 451.0 227.0 478.0 216.0 494.0 258.0 Grasp 0
485.0 242.0 476.0 286.0 448.0 280.0 456.0 236.0 Grasp 0
274.0 279.0 226.0 226.0 248.0 206.0 296.0 259.0 Grasp 0
491.0 269.0 467.0 230.0 492.0 215.0 516.0 254.0 Grasp 0
237.0 305.0 196.0 239.0 221.0 224.0 262.0 289.0 Grasp 0
474.0 240.0 466.0 282.0 438.0 277.0 445.0 235.0 Grasp 0
271.0 303.0 220.0 246.0 241.0 226.0 293.0 283.0 Grasp 0
254.0 286.0 229.0 221.0 257.0 210.0 282.0 275.0 Grasp 0
454.0 251.0 454.0 287.0 425.0 287.0 425.0 251.0 Grasp 0
455.0 274.0 439.0 232.0 466.0 221.0 482.0 263.0 Grasp 0
292.0 256.0 245.0 205.0 267.0 185.0 313.0 236.0 Grasp 0
333.0 209.0 281.0 195.0 289.0 166.0 341.0 181.0 Grasp 0
261.0 313.0 210.0 256.0 232.0 237.0 283.0 293.0 Grasp 0
307.0 250.0 260.0 199.0 282.0 179.0 329.0 230.0 Grasp 0
228.0 299.0 214.0 224.0 243.0 218.0 257.0 293.0 Grasp 0
481.0 274.0 458.0 236.0 482.0 221.0 506.0 259.0 Grasp 0
266.0 277.0 254.0 212.0 282.0 207.0 294.0 272.0 Grasp 0
272.0 256.0 249.0 196.0 276.0 185.0 299.0 246.0 Grasp 0
279.0 265.0 279.0 197.0 309.0 197.0 309.0 265.0 Grasp 0
459.0 238.0 459.0 279.0 430.0 279.0 430.0 238.0 Grasp 0
292.0 268.0 243.0 214.0 265.0 194.0 314.0 248.0 Grasp 0
482.0 264.0 458.0 225.0 483.0 210.0 506.0 248.0 Grasp 0
446.0 261.0 440.0 293.0 411.0 288.0 418.0 255.0 Grasp 0
261.0 296.0 249.0 228.0 278.0 222.0 291.0 290.0 Grasp 0
432.0 266.0 420.0 298.0 393.0 288.0 405.0 256.0 Grasp 0
328.0 218.0 276.0 203.0 284.0 175.0 336.0 190.0 Grasp 0
273.0 255.0 228.0 205.0 250.0 185.0 295.0 235.0 Grasp 0
245.0 318.0 194.0 262.0 215.0 242.0 266.0 298.0 Grasp 0
281.0 249.0 269.0 186.0 298.0 181.0 310.0 244.0 Grasp 0
298.0 204.0 298.0 270.0 268.0 270.0 268.0 204.0 Grasp 0
253.0 295.0 204.0 241.0 226.0 222.0 275.0 275.0 Grasp 0
467.0 279.0 450.0 237.0 477.0 226.0 493.0 269.0 Grasp 0
260.0 266.0 237.0 207.0 264.0 196.0 287.0 256.0 Grasp 0
442.0 277.0 434.0 234.0 462.0 229.0 471.0 272.0 Grasp 0
261.0 275.0 219.0 229.0 241.0 209.0 283.0 255.0 Grasp 0
317.0 238.0 274.0 191.0 295.0 171.0 338.0 218.0 Grasp 0
