271.0 289.0 208.0 320.0 195.0 295.0 258.0 263.0 Grasp 0
591.0 248.0 566.0 310.0 540.0 300.0 564.0 237.0 Grasp 0
272.0 209.0 229.0 162.0 250.0 143.0 293.0 190.0 Grasp 0
340.0 378.0 310.0 302.0 338.0 291.0 367.0 367.0 Grasp 0
333.0 302.0 333.0 366.0 303.0 366.0 303.0 302.0 Grasp 0
276.0 305.0 265.0 367.0 235.0 361.0 247.0 299.0 Grasp 0
306.0 300.0 306.0 366.0 277.0 366.0 277.0 300.0 Grasp 0
328.0 379.0 298.0 303.0 326.0 292.0 355.0 368.0 Grasp 0
306.0 379.0 277.0 302.0 304.0 291.0 334.0 368.0 Grasp 0
405.0 389.0 327.0 304.0 349.0 284.0 427.0 369.0 Grasp 0
306.0 303.0 277.0 376.0 250.0 366.0 278.0 292.0 Grasp 0
272.0 272.0 212.0 289.0 205.0 262.0 264.0 245.0 Grasp 0
294.0 304.0 267.0 373.0 240.0 363.0 266.0 293.0 Grasp 0
345.0 301.0 345.0 368.0 316.0 368.0 316.0 301.0 Grasp 0
261.0 259.0 218.0 238.0 231.0 212.0 274.0 234.0 Grasp 0
274.0 277.0 208.0 309.0 196.0 284.0 261.0 251.0 Grasp 0
369.0 379.0 339.0 302.0 366.0 291.0 396.0 368.0 Grasp 0
264.0 247.0 221.0 226.0 234.0 200.0 276.0 222.0 Grasp 0
369.0 303.0 369.0 366.0 339.0 366.0 339.0 303.0 Grasp 0
266.0 234.0 222.0 186.0 243.0 167.0 287.0 215.0 Grasp 0
350.0 379.0 320.0 302.0 348.0 291.0 378.0 368.0 Grasp 0
269.0 222.0 225.0 174.0 247.0 155.0 290.0 203.0 Grasp 0
569.0 222.0 557.0 286.0 528.0 280.0 540.0 216.0 Grasp 0
423.0 219.0 361.0 266.0 343.0 242.0 405.0 195.0 Grasp 0
412.0 124.0 307.0 115.0 310.0 83.0 415.0 93.0 Grasp 0
265.0 264.0 219.0 260.0 221.0 232.0 267.0 236.0 Grasp 0
383.0 389.0 306.0 304.0 328.0 283.0 405.0 368.0 Grasp 0
600.0 263.0 569.0 312.0 545.0 297.0 576.0 247.0 Grasp 0
518.0 294.0 518.0 194.0 547.0 194.0 547.0 294.0 Grasp 0
326.0 301.0 297.0 376.0 270.0 365.0 299.0 290.0 Grasp 0
427.0 385.0 354.0 305.0 376.0 285.0 449.0 365.0 Grasp 0
288.0 301.0 288.0 365.0 259.0 365.0 259.0 301.0 Grasp 0
580.0 230.0 569.0 291.0 539.0 285.0 551.0 225.0 Grasp 0
594.0 256.0 551.0 304.0 530.0 285.0 573.0 237.0 Grasp 0
