260.0 122.0 231.0 49.0 259.0 38.0 288.0 111.0 Grasp 0
603.0 306.0 570.0 360.0 545.0 344.0 578.0 291.0 Grasp 0
504.0 158.0 438.0 208.0 420.0 184.0 486.0 134.0 Grasp 0
441.0 369.0 423.0 272.0 453.0 266.0 471.0 363.0 Grasp 0
472.0 378.0 424.0 302.0 450.0 286.0 498.0 362.0 Grasp 0
240.0 127.0 214.0 60.0 242.0 50.0 268.0 117.0 Grasp 0
596.0 270.0 554.0 339.0 529.0 323.0 572.0 255.0 Grasp 0
305.0 104.0 266.0 41.0 291.0 26.0 330.0 88.0 Grasp 0
278.0 115.0 249.0 41.0 277.0 30.0 306.0 104.0 Grasp 0
595.0 319.0 560.0 345.0 543.0 322.0 577.0 296.0 Grasp 0
313.0 98.0 284.0 25.0 312.0 14.0 341.0 87.0 Grasp 0
339.0 330.0 264.0 337.0 261.0 308.0 336.0 301.0 Grasp 0
494.0 142.0 427.0 192.0 409.0 168.0 476.0 118.0 Grasp 0
486.0 296.0 443.0 367.0 417.0 351.0 461.0 281.0 Grasp 0
320.0 95.0 305.0 11.0 334.0 5.0 350.0 89.0 Grasp 0
607.0 326.0 574.0 362.0 552.0 343.0 586.0 306.0 Grasp 0
326.0 9.0 326.0 105.0 296.0 105.0 296.0 9.0 Grasp 0
300.0 175.0 226.0 256.0 205.0 236.0 278.0 155.0 Grasp 0
289.0 118.0 218.0 65.0 236.0 40.0 307.0 94.0 Grasp 0
324.0 10.0 304.0 120.0 274.0 115.0 295.0 5.0 Grasp 0
499.0 345.0 415.0 337.0 417.0 307.0 502.0 315.0 Grasp 0
296.0 109.0 255.0 41.0 280.0 26.0 322.0 93.0 Grasp 0
436.0 58.0 366.0 111.0 348.0 87.0 418.0 34.0 Grasp 0
339.0 332.0 225.0 300.0 233.0 272.0 347.0 304.0 Grasp 0
584.0 242.0 550.0 330.0 522.0 319.0 556.0 231.0 Grasp 0
282.0 112.0 266.0 29.0 296.0 24.0 311.0 107.0 Grasp 0
493.0 346.0 412.0 286.0 431.0 262.0 511.0 322.0 Grasp 0
480.0 291.0 465.0 370.0 435.0 364.0 450.0 285.0 Grasp 0
475.0 285.0 428.0 359.0 403.0 344.0 449.0 269.0 Grasp 0
291.0 118.0 229.0 51.0 252.0 31.0 313.0 98.0 Grasp 0
346.0 347.0 305.0 359.0 297.0 331.0 338.0 319.0 Grasp 0
478.0 372.0 414.0 268.0 440.0 253.0 504.0 356.0 Grasp 0
585.0 270.0 539.0 321.0 517.0 301.0 564.0 250.0 Grasp 0
563.0 225.0 527.0 316.0 500.0 306.0 535.0 214.0 Grasp 0
318.0 105.0 218.0 77.0 226.0 48.0 327.0 76.0 Grasp 0
484.0 375.0 412.0 321.0 430.0 297.0 502.0 351.0 Grasp 0
577.0 253.0 536.0 319.0 511.0 304.0 552.0 238.0 Grasp 0
599.0 292.0 555.0 341.0 533.0 321.0 578.0 272.0 Grasp 0
344.0 340.0 275.0 346.0 272.0 317.0 341.0 311.0 Grasp 0
457.0 372.0 441.0 290.0 471.0 285.0 487.0 366.0 Grasp 0
