437.0 227.0 424.0 299.0 395.0 293.0 408.0 221.0 Grasp 0
364.0 152.0 309.0 124.0 322.0 98.0 378.0 126.0 Grasp 0
479.0 232.0 452.0 301.0 425.0 290.0 451.0 221.0 Grasp 0
382.0 218.0 365.0 309.0 337.0 304.0 354.0 212.0 Grasp 0
261.0 223.0 216.0 295.0 190.0 279.0 235.0 207.0 Grasp 0
316.0 234.0 280.0 141.0 307.0 130.0 343.0 224.0 Grasp 0
249.0 301.0 195.0 242.0 218.0 222.0 271.0 280.0 Grasp 0
407.0 221.0 407.0 295.0 378.0 295.0 378.0 221.0 Grasp 0
272.0 168.0 216.0 229.0 195.0 209.0 251.0 148.0 Grasp 0
444.0 299.0 415.0 224.0 442.0 214.0 472.0 289.0 Grasp 0
233.0 298.0 214.0 196.0 243.0 190.0 262.0 292.0 Grasp 0
384.0 218.0 384.0 297.0 356.0 297.0 356.0 218.0 Grasp 0
382.0 120.0 336.0 85.0 354.0 62.0 399.0 97.0 Grasp 0
352.0 172.0 299.0 145.0 312.0 119.0 365.0 146.0 Grasp 0
374.0 219.0 338.0 312.0 311.0 302.0 347.0 209.0 Grasp 0
344.0 188.0 290.0 161.0 303.0 135.0 357.0 162.0 Grasp 0
454.0 296.0 428.0 230.0 456.0 220.0 481.0 285.0 Grasp 0
364.0 146.0 316.0 109.0 333.0 86.0 382.0 123.0 Grasp 0
451.0 227.0 451.0 291.0 422.0 291.0 422.0 227.0 Grasp 0
364.0 216.0 364.0 299.0 336.0 299.0 336.0 216.0 Grasp 0
243.0 182.0 243.0 301.0 213.0 301.0 213.0 182.0 Grasp 0
427.0 223.0 412.0 304.0 384.0 299.0 399.0 217.0 Grasp 0
306.0 243.0 273.0 159.0 301.0 148.0 334.0 233.0 Grasp 0
263.0 226.0 233.0 304.0 205.0 293.0 235.0 215.0 Grasp 0
372.0 132.0 323.0 108.0 336.0 82.0 385.0 106.0 Grasp 0
357.0 163.0 304.0 137.0 317.0 111.0 370.0 137.0 Grasp 0
411.0 296.0 397.0 223.0 426.0 218.0 440.0 291.0 Grasp 0
271.0 174.0 201.0 209.0 189.0 183.0 258.0 148.0 Grasp 0
248.0 295.0 204.0 225.0 230.0 209.0 273.0 279.0 Grasp 0
262.0 294.0 189.0 257.0 203.0 230.0 276.0 266.0 Grasp 0
397.0 299.0 382.0 218.0 411.0 213.0 426.0 294.0 Grasp 0
434.0 300.0 404.0 223.0 432.0 212.0 462.0 289.0 Grasp 0
402.0 220.0 386.0 307.0 358.0 302.0 374.0 215.0 Grasp 0
423.0 223.0 389.0 312.0 362.0 301.0 396.0 213.0 Grasp 0
371.0 120.0 331.0 101.0 344.0 74.0 384.0 94.0 Grasp 0
375.0 138.0 316.0 121.0 324.0 93.0 383.0 110.0 Grasp 0
464.0 228.0 435.0 304.0 407.0 294.0 437.0 218.0 Grasp 0
375.0 107.0 342.0 81.0 359.0 58.0 393.0 83.0 Grasp 0
334.0 204.0 283.0 165.0 300.0 141.0 351.0 180.0 Grasp 0
383.0 110.0 327.0 94.0 335.0 66.0 391.0 82.0 Grasp 0
