581.0 54.0 529.0 29.0 542.0 3.0 594.0 28.0 Grasp 0
532.0 133.0 494.0 114.0 507.0 88.0 545.0 107.0 Grasp 0
571.0 80.0 518.0 22.0 540.0 3.0 593.0 61.0 Grasp 0
547.0 118.0 500.0 94.0 513.0 68.0 560.0 91.0 Grasp 0
364.0 234.0 308.0 173.0 329.0 154.0 385.0 215.0 Grasp 0
565.0 88.0 515.0 63.0 528.0 37.0 578.0 61.0 Grasp 0
272.0 125.0 227.0 51.0 252.0 36.0 297.0 109.0 Grasp 0
472.0 272.0 425.0 348.0 401.0 332.0 448.0 257.0 Grasp 0
474.0 432.0 416.0 403.0 428.0 378.0 487.0 407.0 Grasp 0
446.0 444.0 386.0 414.0 398.0 388.0 459.0 418.0 Grasp 0
558.0 107.0 501.0 91.0 509.0 63.0 566.0 79.0 Grasp 0
258.0 40.0 258.0 140.0 229.0 140.0 229.0 40.0 Grasp 0
343.0 269.0 254.0 224.0 267.0 199.0 356.0 243.0 Grasp 0
574.0 71.0 523.0 46.0 536.0 20.0 587.0 45.0 Grasp 0
391.0 462.0 365.0 433.0 387.0 414.0 413.0 443.0 Grasp 0
271.0 133.0 205.0 62.0 227.0 42.0 292.0 114.0 Grasp 0
586.0 337.0 571.0 418.0 542.0 412.0 557.0 331.0 Grasp 0
493.0 196.0 466.0 152.0 491.0 137.0 518.0 181.0 Grasp 0
387.0 471.0 356.0 455.0 368.0 430.0 399.0 445.0 Grasp 0
392.0 214.0 308.0 172.0 321.0 146.0 405.0 188.0 Grasp 0
351.0 254.0 280.0 201.0 297.0 178.0 368.0 231.0 Grasp 0
520.0 141.0 496.0 129.0 509.0 103.0 533.0 115.0 Grasp 0
584.0 335.0 554.0 414.0 527.0 403.0 557.0 324.0 Grasp 0
307.0 105.0 259.0 28.0 283.0 13.0 331.0 90.0 Grasp 0
515.0 203.0 450.0 221.0 442.0 193.0 507.0 174.0 Grasp 0
392.0 203.0 357.0 115.0 384.0 104.0 418.0 193.0 Grasp 0
419.0 450.0 378.0 420.0 395.0 397.0 436.0 427.0 Grasp 0
266.0 137.0 191.0 80.0 209.0 57.0 284.0 113.0 Grasp 0
330.0 273.0 270.0 207.0 291.0 188.0 351.0 254.0 Grasp 0
248.0 144.0 200.0 66.0 224.0 51.0 272.0 128.0 Grasp 0
476.0 436.0 396.0 414.0 403.0 386.0 484.0 409.0 Grasp 0
384.0 212.0 330.0 153.0 351.0 133.0 405.0 192.0 Grasp 0
618.0 365.0 566.0 422.0 544.0 402.0 596.0 345.0 Grasp 0
422.0 173.0 352.0 138.0 365.0 112.0 434.0 147.0 Grasp 0
360.0 301.0 334.0 366.0 307.0 356.0 333.0 291.0 Grasp 0
560.0 97.0 510.0 72.0 523.0 46.0 573.0 71.0 Grasp 0
503.0 183.0 472.0 149.0 494.0 129.0 525.0 163.0 Grasp 0
257.0 346.0 207.0 265.0 232.0 250.0 282.0 331.0 Grasp 0
395.0 297.0 386.0 347.0 357.0 342.0 367.0 291.0 Grasp 0
460.0 443.0 405.0 402.0 422.0 379.0 477.0 420.0 Grasp 0
606.0 352.0 563.0 422.0 539.0 406.0 582.0 337.0 Grasp 0
484.0 214.0 462.0 156.0 489.0 145.0 512.0 203.0 Grasp 0
503.0 276.0 453.0 358.0 428.0 342.0 478.0 261.0 Grasp 0
332.0 282.0 242.0 237.0 255.0 211.0 345.0 256.0 Grasp 0
490.0 248.0 427.0 266.0 419.0 237.0 482.0 219.0 Grasp 0
571.0 304.0 532.0 404.0 505.0 394.0 544.0 294.0 Grasp 0
296.0 112.0 248.0 35.0 273.0 20.0 321.0 96.0 Grasp 0
409.0 295.0 400.0 344.0 372.0 338.0 381.0 290.0 Grasp 0
409.0 201.0 309.0 172.0 317.0 144.0 417.0 173.0 Grasp 0
553.0 110.0 502.0 72.0 519.0 48.0 571.0 87.0 Grasp 0
491.0 424.0 409.0 401.0 417.0 373.0 499.0 396.0 Grasp 0
486.0 419.0 424.0 388.0 437.0 363.0 499.0 394.0 Grasp 0
370.0 228.0 333.0 135.0 360.0 125.0 396.0 218.0 Grasp 0
382.0 297.0 372.0 348.0 344.0 343.0 354.0 291.0 Grasp 0
386.0 474.0 362.0 435.0 387.0 420.0 411.0 459.0 Grasp 0
430.0 182.0 311.0 171.0 313.0 142.0 432.0 153.0 Grasp 0
425.0 180.0 330.0 153.0 338.0 126.0 433.0 153.0 Grasp 0
408.0 347.0 408.0 250.0 438.0 250.0 438.0 347.0 Grasp 0
293.0 120.0 228.0 48.0 249.0 28.0 315.0 100.0 Grasp 0
374.0 223.0 319.0 163.0 340.0 144.0 395.0 204.0 Grasp 0
490.0 279.0 442.0 356.0 418.0 341.0 465.0 264.0 Grasp 0
370.0 299.0 345.0 363.0 318.0 352.0 343.0 289.0 Grasp 0
482.0 266.0 421.0 283.0 413.0 254.0 474.0 237.0 Grasp 0
401.0 349.0 393.0 304.0 422.0 299.0 431.0 343.0 Grasp 0
391.0 204.0 338.0 145.0 359.0 125.0 413.0 184.0 Grasp 0
377.0 351.0 357.0 299.0 384.0 289.0 404.0 340.0 Grasp 0
