247.0 93.0 195.0 79.0 204.0 49.0 255.0 64.0 Grasp 0
587.0 83.0 513.0 63.0 521.0 35.0 594.0 55.0 Grasp 0
584.0 174.0 500.0 132.0 513.0 106.0 597.0 148.0 Grasp 0
553.0 328.0 542.0 384.0 513.0 378.0 523.0 322.0 Grasp 0
238.0 112.0 183.0 96.0 191.0 67.0 246.0 82.0 Grasp 0
254.0 78.0 208.0 64.0 216.0 36.0 262.0 49.0 Grasp 0
404.0 137.0 320.0 113.0 329.0 84.0 412.0 108.0 Grasp 0
213.0 177.0 145.0 158.0 153.0 129.0 221.0 148.0 Grasp 0
548.0 332.0 517.0 382.0 492.0 367.0 524.0 316.0 Grasp 0
237.0 72.0 194.0 51.0 208.0 24.0 251.0 45.0 Grasp 0
544.0 311.0 523.0 366.0 496.0 355.0 517.0 301.0 Grasp 0
64.0 243.0 7.0 226.0 15.0 198.0 72.0 214.0 Grasp 0
593.0 128.0 527.0 78.0 545.0 55.0 611.0 104.0 Grasp 0
537.0 316.0 500.0 374.0 475.0 358.0 511.0 300.0 Grasp 0
230.0 96.0 174.0 91.0 177.0 60.0 233.0 65.0 Grasp 0
218.0 155.0 153.0 137.0 161.0 108.0 226.0 127.0 Grasp 0
598.0 140.0 520.0 101.0 533.0 75.0 611.0 114.0 Grasp 0
594.0 94.0 518.0 72.0 526.0 44.0 602.0 66.0 Grasp 0
584.0 150.0 495.0 125.0 503.0 97.0 592.0 122.0 Grasp 0
236.0 80.0 189.0 66.0 197.0 37.0 244.0 51.0 Grasp 0
231.0 60.0 191.0 30.0 210.0 5.0 249.0 35.0 Grasp 0
254.0 107.0 197.0 112.0 194.0 83.0 251.0 77.0 Grasp 0
559.0 213.0 470.0 169.0 483.0 143.0 572.0 187.0 Grasp 0
548.0 218.0 459.0 174.0 472.0 148.0 561.0 192.0 Grasp 0
55.0 226.0 3.0 211.0 11.0 182.0 63.0 197.0 Grasp 0
253.0 57.0 208.0 35.0 222.0 7.0 266.0 30.0 Grasp 0
570.0 317.0 560.0 368.0 531.0 363.0 541.0 312.0 Grasp 0
229.0 105.0 174.0 110.0 171.0 80.0 226.0 75.0 Grasp 0
247.0 69.0 203.0 47.0 216.0 20.0 261.0 42.0 Grasp 0
588.0 99.0 505.0 91.0 508.0 62.0 590.0 69.0 Grasp 0
566.0 189.0 470.0 162.0 478.0 134.0 573.0 161.0 Grasp 0
591.0 117.0 509.0 94.0 517.0 66.0 599.0 89.0 Grasp 0
237.0 141.0 170.0 160.0 162.0 131.0 229.0 112.0 Grasp 0
552.0 239.0 467.0 196.0 480.0 170.0 565.0 213.0 Grasp 0
587.0 131.0 497.0 123.0 500.0 94.0 590.0 102.0 Grasp 0
241.0 127.0 173.0 108.0 181.0 79.0 249.0 98.0 Grasp 0
393.0 147.0 310.0 124.0 318.0 95.0 401.0 119.0 Grasp 0
251.0 126.0 175.0 133.0 172.0 104.0 248.0 97.0 Grasp 0
554.0 302.0 554.0 357.0 525.0 357.0 525.0 302.0 Grasp 0
227.0 182.0 156.0 189.0 153.0 159.0 224.0 153.0 Grasp 0
568.0 299.0 547.0 352.0 519.0 341.0 540.0 288.0 Grasp 0
231.0 171.0 161.0 177.0 158.0 147.0 228.0 141.0 Grasp 0
225.0 134.0 152.0 127.0 155.0 97.0 228.0 104.0 Grasp 0
257.0 134.0 201.0 195.0 179.0 175.0 235.0 114.0 Grasp 0
226.0 167.0 159.0 148.0 167.0 120.0 234.0 139.0 Grasp 0
