319.0 334.0 255.0 230.0 280.0 215.0 344.0 318.0 Grasp 0
413.0 120.0 336.0 62.0 354.0 38.0 431.0 97.0 Grasp 0
220.0 230.0 197.0 173.0 224.0 162.0 246.0 220.0 Grasp 0
195.0 356.0 175.0 305.0 203.0 294.0 222.0 345.0 Grasp 0
215.0 357.0 183.0 305.0 208.0 289.0 240.0 341.0 Grasp 0
408.0 130.0 324.0 66.0 341.0 43.0 426.0 107.0 Grasp 0
290.0 324.0 275.0 283.0 302.0 272.0 318.0 313.0 Grasp 0
271.0 339.0 244.0 294.0 269.0 279.0 297.0 323.0 Grasp 0
246.0 349.0 217.0 302.0 242.0 286.0 271.0 333.0 Grasp 0
296.0 340.0 263.0 287.0 288.0 272.0 321.0 324.0 Grasp 0
436.0 320.0 400.0 379.0 375.0 364.0 412.0 304.0 Grasp 0
233.0 175.0 225.0 217.0 197.0 212.0 205.0 170.0 Grasp 0
442.0 321.0 421.0 374.0 394.0 364.0 415.0 311.0 Grasp 0
254.0 293.0 205.0 165.0 232.0 154.0 282.0 283.0 Grasp 0
241.0 240.0 200.0 173.0 224.0 157.0 266.0 225.0 Grasp 0
232.0 353.0 201.0 303.0 227.0 288.0 257.0 337.0 Grasp 0
261.0 343.0 233.0 298.0 258.0 282.0 286.0 328.0 Grasp 0
431.0 319.0 373.0 383.0 352.0 363.0 410.0 300.0 Grasp 0
