250.0 194.0 238.0 259.0 206.0 253.0 218.0 189.0 Grasp 0
234.0 304.0 220.0 377.0 189.0 371.0 203.0 298.0 Grasp 0
222.0 87.0 196.0 21.0 224.0 10.0 250.0 76.0 Grasp 0
207.0 95.0 182.0 30.0 209.0 19.0 234.0 84.0 Grasp 0
286.0 200.0 220.0 272.0 196.0 251.0 262.0 178.0 Grasp 0
378.0 217.0 366.0 284.0 335.0 279.0 347.0 211.0 Grasp 0
443.0 123.0 381.0 93.0 395.0 65.0 456.0 96.0 Grasp 0
541.0 202.0 475.0 153.0 494.0 128.0 560.0 178.0 Grasp 0
545.0 193.0 490.0 132.0 513.0 111.0 568.0 172.0 Grasp 0
578.0 139.0 516.0 92.0 535.0 68.0 596.0 115.0 Grasp 0
410.0 220.0 410.0 291.0 378.0 291.0 378.0 220.0 Grasp 0
311.0 297.0 247.0 193.0 274.0 176.0 338.0 280.0 Grasp 0
272.0 385.0 222.0 303.0 248.0 287.0 298.0 369.0 Grasp 0
236.0 192.0 224.0 256.0 193.0 250.0 205.0 186.0 Grasp 0
211.0 262.0 197.0 188.0 228.0 182.0 242.0 256.0 Grasp 0
355.0 212.0 286.0 287.0 263.0 265.0 331.0 191.0 Grasp 0
458.0 91.0 416.0 23.0 442.0 7.0 484.0 75.0 Grasp 0
231.0 384.0 186.0 311.0 212.0 294.0 258.0 368.0 Grasp 0
315.0 288.0 298.0 201.0 330.0 195.0 346.0 282.0 Grasp 0
243.0 75.0 209.0 20.0 234.0 5.0 268.0 59.0 Grasp 0
617.0 67.0 475.0 80.0 472.0 51.0 614.0 37.0 Grasp 0
459.0 114.0 406.0 154.0 386.0 128.0 439.0 88.0 Grasp 0
616.0 113.0 497.0 124.0 494.0 93.0 614.0 82.0 Grasp 0
299.0 203.0 287.0 269.0 255.0 263.0 268.0 197.0 Grasp 0
333.0 290.0 317.0 205.0 348.0 199.0 364.0 285.0 Grasp 0
315.0 204.0 269.0 278.0 242.0 261.0 288.0 188.0 Grasp 0
614.0 88.0 513.0 98.0 510.0 68.0 611.0 58.0 Grasp 0
571.0 148.0 511.0 102.0 529.0 78.0 590.0 124.0 Grasp 0
522.0 221.0 475.0 146.0 502.0 130.0 548.0 205.0 Grasp 0
462.0 103.0 372.0 129.0 364.0 100.0 454.0 74.0 Grasp 0
246.0 386.0 197.0 307.0 224.0 291.0 273.0 370.0 Grasp 0
550.0 179.0 459.0 79.0 481.0 58.0 572.0 158.0 Grasp 0
438.0 136.0 365.0 115.0 374.0 86.0 446.0 106.0 Grasp 0
498.0 60.0 419.0 38.0 428.0 9.0 506.0 31.0 Grasp 0
364.0 297.0 348.0 211.0 379.0 205.0 395.0 291.0 Grasp 0
392.0 220.0 379.0 286.0 348.0 280.0 361.0 214.0 Grasp 0
569.0 164.0 494.0 127.0 507.0 99.0 582.0 137.0 Grasp 0
456.0 103.0 396.0 73.0 409.0 46.0 469.0 76.0 Grasp 0
479.0 87.0 392.0 79.0 395.0 49.0 482.0 57.0 Grasp 0
455.0 97.0 404.0 58.0 422.0 34.0 473.0 73.0 Grasp 0
477.0 67.0 434.0 20.0 456.0 0.0 499.0 47.0 Grasp 0
598.0 52.0 542.0 80.0 529.0 54.0 585.0 26.0 Grasp 0
263.0 301.0 263.0 370.0 232.0 370.0 232.0 301.0 Grasp 0
244.0 82.0 194.0 27.0 216.0 7.0 266.0 62.0 Grasp 0
442.0 128.0 377.0 134.0 374.0 103.0 440.0 97.0 Grasp 0
576.0 156.0 500.0 118.0 513.0 90.0 590.0 129.0 Grasp 0
494.0 156.0 494.0 229.0 463.0 229.0 463.0 156.0 Grasp 0
297.0 62.0 185.0 30.0 193.0 2.0 306.0 34.0 Grasp 0
501.0 238.0 465.0 147.0 495.0 135.0 530.0 226.0 Grasp 0
292.0 200.0 247.0 274.0 220.0 257.0 265.0 183.0 Grasp 0
273.0 74.0 186.0 30.0 199.0 4.0 286.0 47.0 Grasp 0
612.0 103.0 514.0 112.0 511.0 82.0 609.0 73.0 Grasp 0
335.0 210.0 323.0 276.0 292.0 270.0 304.0 204.0 Grasp 0
510.0 129.0 390.0 95.0 398.0 65.0 518.0 99.0 Grasp 0
448.0 114.0 388.0 84.0 402.0 57.0 462.0 87.0 Grasp 0
511.0 120.0 403.0 66.0 417.0 39.0 524.0 92.0 Grasp 0
224.0 19.0 224.0 92.0 194.0 92.0 194.0 19.0 Grasp 0
595.0 120.0 522.0 84.0 536.0 58.0 608.0 93.0 Grasp 0
461.0 246.0 445.0 160.0 476.0 154.0 492.0 240.0 Grasp 0
215.0 378.0 201.0 304.0 232.0 299.0 245.0 372.0 Grasp 0
532.0 82.0 433.0 33.0 446.0 6.0 546.0 55.0 Grasp 0
468.0 78.0 417.0 40.0 435.0 16.0 486.0 54.0 Grasp 0
615.0 68.0 528.0 93.0 520.0 65.0 607.0 40.0 Grasp 0
420.0 226.0 394.0 295.0 364.0 283.0 391.0 215.0 Grasp 0
327.0 300.0 263.0 195.0 290.0 179.0 354.0 283.0 Grasp 0
248.0 382.0 217.0 304.0 246.0 293.0 276.0 371.0 Grasp 0
586.0 33.0 534.0 89.0 512.0 69.0 564.0 13.0 Grasp 0
230.0 90.0 180.0 35.0 202.0 15.0 252.0 70.0 Grasp 0
357.0 215.0 345.0 280.0 314.0 274.0 326.0 209.0 Grasp 0
286.0 202.0 274.0 265.0 243.0 259.0 255.0 196.0 Grasp 0
274.0 199.0 262.0 263.0 231.0 257.0 243.0 194.0 Grasp 0
465.0 82.0 424.0 16.0 450.0 1.0 490.0 66.0 Grasp 0
270.0 75.0 173.0 48.0 181.0 19.0 278.0 47.0 Grasp 0
340.0 209.0 273.0 283.0 249.0 261.0 316.0 187.0 Grasp 0
511.0 104.0 423.0 37.0 441.0 13.0 530.0 80.0 Grasp 0
482.0 92.0 373.0 102.0 370.0 71.0 479.0 61.0 Grasp 0
227.0 91.0 171.0 48.0 188.0 25.0 245.0 67.0 Grasp 0
277.0 390.0 195.0 301.0 218.0 280.0 300.0 369.0 Grasp 0
560.0 184.0 475.0 159.0 484.0 130.0 569.0 154.0 Grasp 0
451.0 134.0 412.0 163.0 393.0 137.0 431.0 108.0 Grasp 0
349.0 293.0 333.0 208.0 364.0 202.0 380.0 287.0 Grasp 0
590.0 32.0 532.0 61.0 519.0 35.0 577.0 6.0 Grasp 0
597.0 111.0 531.0 78.0 544.0 52.0 610.0 84.0 Grasp 0
209.0 379.0 183.0 312.0 212.0 301.0 238.0 368.0 Grasp 0
