493.0 212.0 424.0 288.0 401.0 267.0 470.0 191.0 Grasp 0
355.0 176.0 355.0 268.0 324.0 268.0 324.0 176.0 Grasp 0
366.0 179.0 366.0 268.0 336.0 268.0 336.0 179.0 Grasp 0
361.0 156.0 258.0 185.0 250.0 158.0 353.0 128.0 Grasp 0
417.0 195.0 386.0 277.0 357.0 265.0 388.0 184.0 Grasp 0
262.0 294.0 172.0 320.0 163.0 291.0 254.0 265.0 Grasp 0
260.0 323.0 180.0 330.0 178.0 301.0 257.0 294.0 Grasp 0
254.0 315.0 157.0 288.0 165.0 259.0 262.0 286.0 Grasp 0
251.0 277.0 160.0 268.0 163.0 238.0 254.0 246.0 Grasp 0
349.0 184.0 334.0 265.0 304.0 259.0 319.0 179.0 Grasp 0
455.0 206.0 428.0 277.0 398.0 265.0 425.0 195.0 Grasp 0
335.0 182.0 320.0 265.0 290.0 259.0 306.0 176.0 Grasp 0
244.0 286.0 146.0 238.0 160.0 210.0 258.0 258.0 Grasp 0
253.0 349.0 177.0 342.0 180.0 313.0 256.0 320.0 Grasp 0
396.0 193.0 381.0 269.0 351.0 263.0 365.0 187.0 Grasp 0
215.0 204.0 197.0 297.0 167.0 291.0 184.0 198.0 Grasp 0
436.0 199.0 406.0 278.0 376.0 267.0 407.0 188.0 Grasp 0
251.0 290.0 166.0 298.0 163.0 267.0 248.0 259.0 Grasp 0
262.0 338.0 190.0 358.0 182.0 330.0 254.0 310.0 Grasp 0
507.0 329.0 419.0 321.0 422.0 290.0 510.0 298.0 Grasp 0
247.0 254.0 164.0 262.0 161.0 231.0 244.0 223.0 Grasp 0
446.0 202.0 416.0 280.0 387.0 268.0 417.0 190.0 Grasp 0
287.0 277.0 242.0 163.0 270.0 153.0 314.0 267.0 Grasp 0
245.0 281.0 167.0 221.0 186.0 197.0 264.0 256.0 Grasp 0
218.0 295.0 183.0 205.0 212.0 194.0 247.0 283.0 Grasp 0
374.0 160.0 268.0 191.0 260.0 163.0 366.0 133.0 Grasp 0
230.0 209.0 230.0 295.0 198.0 295.0 198.0 209.0 Grasp 0
515.0 305.0 449.0 378.0 426.0 357.0 492.0 284.0 Grasp 0
493.0 348.0 382.0 317.0 391.0 287.0 501.0 319.0 Grasp 0
305.0 141.0 305.0 269.0 276.0 269.0 276.0 141.0 Grasp 0
265.0 312.0 198.0 363.0 180.0 340.0 247.0 289.0 Grasp 0
323.0 146.0 257.0 179.0 245.0 153.0 310.0 120.0 Grasp 0
401.0 187.0 401.0 271.0 370.0 271.0 370.0 187.0 Grasp 0
384.0 190.0 369.0 271.0 339.0 265.0 354.0 185.0 Grasp 0
500.0 220.0 441.0 285.0 417.0 263.0 477.0 198.0 Grasp 0
465.0 207.0 437.0 281.0 407.0 270.0 436.0 196.0 Grasp 0
513.0 231.0 446.0 180.0 464.0 157.0 530.0 208.0 Grasp 0
255.0 210.0 231.0 339.0 201.0 334.0 225.0 204.0 Grasp 0
