500.0 20.0 475.0 85.0 449.0 75.0 474.0 10.0 Grasp 0
440.0 95.0 428.0 28.0 456.0 23.0 468.0 89.0 Grasp 0
432.0 274.0 418.0 310.0 390.0 300.0 404.0 263.0 Grasp 0
499.0 194.0 470.0 162.0 491.0 143.0 520.0 175.0 Grasp 0
525.0 34.0 497.0 107.0 471.0 97.0 499.0 23.0 Grasp 0
573.0 108.0 565.0 149.0 537.0 144.0 545.0 102.0 Grasp 0
204.0 306.0 195.0 260.0 224.0 255.0 233.0 300.0 Grasp 0
497.0 40.0 472.0 104.0 445.0 93.0 470.0 29.0 Grasp 0
445.0 287.0 423.0 323.0 398.0 307.0 420.0 272.0 Grasp 0
483.0 19.0 471.0 84.0 443.0 79.0 455.0 14.0 Grasp 0
458.0 210.0 443.0 169.0 469.0 159.0 485.0 200.0 Grasp 0
429.0 82.0 419.0 27.0 447.0 21.0 458.0 77.0 Grasp 0
568.0 123.0 560.0 166.0 532.0 160.0 540.0 118.0 Grasp 0
428.0 253.0 411.0 297.0 383.0 287.0 400.0 242.0 Grasp 0
581.0 99.0 581.0 141.0 552.0 141.0 552.0 99.0 Grasp 0
467.0 15.0 456.0 77.0 428.0 72.0 439.0 10.0 Grasp 0
532.0 174.0 493.0 155.0 506.0 129.0 545.0 148.0 Grasp 0
480.0 200.0 456.0 162.0 481.0 148.0 504.0 185.0 Grasp 0
511.0 36.0 486.0 101.0 459.0 91.0 485.0 25.0 Grasp 0
594.0 125.0 587.0 164.0 559.0 158.0 566.0 119.0 Grasp 0
225.0 323.0 208.0 280.0 235.0 269.0 252.0 313.0 Grasp 0
587.0 116.0 579.0 159.0 551.0 153.0 559.0 111.0 Grasp 0
460.0 194.0 444.0 152.0 471.0 142.0 487.0 183.0 Grasp 0
414.0 76.0 394.0 27.0 421.0 17.0 440.0 66.0 Grasp 0
579.0 123.0 571.0 165.0 543.0 160.0 550.0 118.0 Grasp 0
438.0 188.0 430.0 145.0 457.0 140.0 465.0 183.0 Grasp 0
591.0 105.0 591.0 147.0 562.0 147.0 562.0 105.0 Grasp 0
472.0 158.0 472.0 201.0 444.0 201.0 444.0 158.0 Grasp 0
582.0 161.0 566.0 121.0 593.0 111.0 608.0 151.0 Grasp 0
511.0 176.0 477.0 150.0 494.0 128.0 528.0 154.0 Grasp 0
537.0 163.0 499.0 144.0 512.0 119.0 550.0 138.0 Grasp 0
521.0 187.0 486.0 161.0 503.0 138.0 538.0 165.0 Grasp 0
462.0 285.0 424.0 313.0 406.0 289.0 444.0 261.0 Grasp 0
487.0 177.0 457.0 145.0 479.0 125.0 508.0 158.0 Grasp 0
470.0 184.0 447.0 146.0 471.0 131.0 494.0 169.0 Grasp 0
413.0 248.0 406.0 286.0 376.0 281.0 384.0 243.0 Grasp 0
406.0 200.0 364.0 267.0 338.0 251.0 380.0 184.0 Grasp 0
457.0 157.0 457.0 201.0 428.0 201.0 428.0 157.0 Grasp 0
561.0 132.0 545.0 172.0 518.0 162.0 534.0 121.0 Grasp 0
559.0 122.0 544.0 162.0 517.0 151.0 533.0 112.0 Grasp 0
485.0 199.0 469.0 159.0 496.0 148.0 512.0 189.0 Grasp 0
554.0 166.0 546.0 124.0 574.0 119.0 582.0 161.0 Grasp 0
452.0 275.0 424.0 306.0 402.0 286.0 430.0 255.0 Grasp 0
