526.0 175.0 475.0 257.0 450.0 242.0 501.0 160.0 Grasp 0
276.0 102.0 228.0 155.0 207.0 135.0 255.0 83.0 Grasp 0
407.0 198.0 333.0 280.0 310.0 259.0 384.0 178.0 Grasp 0
232.0 113.0 227.0 140.0 199.0 135.0 204.0 108.0 Grasp 0
586.0 215.0 538.0 294.0 512.0 278.0 561.0 199.0 Grasp 0
556.0 194.0 505.0 275.0 480.0 260.0 530.0 178.0 Grasp 0
407.0 297.0 360.0 373.0 335.0 357.0 382.0 282.0 Grasp 0
425.0 313.0 362.0 382.0 341.0 363.0 404.0 294.0 Grasp 0
567.0 202.0 518.0 282.0 492.0 266.0 542.0 187.0 Grasp 0
295.0 102.0 240.0 162.0 219.0 143.0 274.0 82.0 Grasp 0
412.0 204.0 364.0 282.0 338.0 266.0 386.0 188.0 Grasp 0
255.0 109.0 239.0 149.0 212.0 139.0 228.0 99.0 Grasp 0
541.0 185.0 490.0 267.0 465.0 251.0 516.0 169.0 Grasp 0
572.0 197.0 553.0 295.0 524.0 289.0 542.0 191.0 Grasp 0
