586.0 114.0 522.0 162.0 504.0 138.0 568.0 90.0 Grasp 0
346.0 193.0 296.0 168.0 309.0 143.0 359.0 168.0 Grasp 0
374.0 232.0 362.0 294.0 331.0 288.0 342.0 226.0 Grasp 0
592.0 194.0 548.0 228.0 530.0 205.0 575.0 171.0 Grasp 0
301.0 283.0 289.0 219.0 320.0 213.0 332.0 277.0 Grasp 0
542.0 140.0 516.0 72.0 545.0 61.0 571.0 129.0 Grasp 0
595.0 112.0 542.0 170.0 520.0 149.0 573.0 91.0 Grasp 0
292.0 200.0 248.0 248.0 225.0 227.0 269.0 179.0 Grasp 0
391.0 127.0 362.0 50.0 390.0 39.0 420.0 116.0 Grasp 0
394.0 237.0 383.0 301.0 351.0 295.0 363.0 231.0 Grasp 0
356.0 172.0 312.0 160.0 320.0 133.0 363.0 145.0 Grasp 0
343.0 214.0 273.0 194.0 280.0 166.0 350.0 186.0 Grasp 0
383.0 109.0 339.0 37.0 365.0 21.0 409.0 93.0 Grasp 0
340.0 51.0 331.0 101.0 301.0 96.0 310.0 46.0 Grasp 0
371.0 108.0 327.0 37.0 354.0 21.0 398.0 92.0 Grasp 0
407.0 251.0 371.0 309.0 344.0 293.0 380.0 234.0 Grasp 0
427.0 84.0 356.0 49.0 370.0 21.0 441.0 56.0 Grasp 0
303.0 206.0 260.0 253.0 236.0 232.0 280.0 185.0 Grasp 0
576.0 87.0 534.0 155.0 508.0 139.0 550.0 71.0 Grasp 0
582.0 171.0 512.0 191.0 504.0 163.0 574.0 143.0 Grasp 0
594.0 176.0 526.0 210.0 513.0 184.0 581.0 150.0 Grasp 0
351.0 218.0 351.0 284.0 318.0 284.0 318.0 218.0 Grasp 0
582.0 138.0 504.0 146.0 501.0 115.0 580.0 108.0 Grasp 0
413.0 247.0 390.0 308.0 360.0 296.0 384.0 236.0 Grasp 0
521.0 156.0 491.0 80.0 520.0 69.0 549.0 145.0 Grasp 0
580.0 88.0 551.0 162.0 523.0 151.0 552.0 77.0 Grasp 0
408.0 22.0 408.0 102.0 377.0 102.0 377.0 22.0 Grasp 0
432.0 266.0 397.0 241.0 415.0 218.0 449.0 244.0 Grasp 0
293.0 230.0 241.0 269.0 222.0 244.0 274.0 204.0 Grasp 0
265.0 345.0 215.0 321.0 230.0 290.0 280.0 315.0 Grasp 0
383.0 21.0 383.0 98.0 353.0 98.0 353.0 21.0 Grasp 0
390.0 250.0 367.0 309.0 337.0 298.0 360.0 239.0 Grasp 0
277.0 95.0 262.0 56.0 290.0 45.0 305.0 85.0 Grasp 0
576.0 161.0 499.0 139.0 507.0 110.0 584.0 132.0 Grasp 0
410.0 42.0 350.0 108.0 327.0 87.0 387.0 21.0 Grasp 0
587.0 140.0 513.0 161.0 505.0 132.0 579.0 111.0 Grasp 0
238.0 216.0 221.0 258.0 195.0 247.0 211.0 205.0 Grasp 0
560.0 156.0 503.0 93.0 526.0 73.0 583.0 135.0 Grasp 0
562.0 224.0 493.0 204.0 500.0 177.0 570.0 197.0 Grasp 0
373.0 181.0 332.0 160.0 345.0 135.0 386.0 155.0 Grasp 0
593.0 125.0 514.0 132.0 512.0 102.0 590.0 95.0 Grasp 0
366.0 129.0 351.0 51.0 382.0 45.0 397.0 124.0 Grasp 0
310.0 101.0 301.0 50.0 331.0 45.0 340.0 96.0 Grasp 0
560.0 227.0 506.0 222.0 509.0 194.0 562.0 199.0 Grasp 0
548.0 145.0 535.0 74.0 565.0 68.0 578.0 139.0 Grasp 0
406.0 270.0 372.0 326.0 345.0 309.0 379.0 254.0 Grasp 0
356.0 183.0 312.0 170.0 320.0 143.0 364.0 156.0 Grasp 0
451.0 324.0 358.0 370.0 345.0 344.0 438.0 298.0 Grasp 0
445.0 298.0 377.0 373.0 356.0 354.0 424.0 279.0 Grasp 0
553.0 155.0 490.0 107.0 508.0 83.0 571.0 130.0 Grasp 0
409.0 95.0 344.0 46.0 363.0 21.0 427.0 70.0 Grasp 0
558.0 81.0 544.0 157.0 514.0 152.0 528.0 76.0 Grasp 0
616.0 170.0 538.0 177.0 535.0 147.0 613.0 140.0 Grasp 0
570.0 150.0 492.0 128.0 500.0 99.0 578.0 121.0 Grasp 0
396.0 95.0 369.0 24.0 397.0 13.0 425.0 83.0 Grasp 0
594.0 183.0 518.0 190.0 516.0 161.0 591.0 154.0 Grasp 0
313.0 280.0 301.0 217.0 332.0 211.0 344.0 274.0 Grasp 0
374.0 172.0 334.0 152.0 347.0 125.0 388.0 146.0 Grasp 0
557.0 161.0 482.0 140.0 490.0 111.0 566.0 132.0 Grasp 0
535.0 149.0 505.0 71.0 534.0 60.0 564.0 138.0 Grasp 0
377.0 90.0 363.0 14.0 393.0 8.0 407.0 84.0 Grasp 0
335.0 104.0 306.0 58.0 332.0 42.0 361.0 88.0 Grasp 0
338.0 234.0 338.0 298.0 307.0 298.0 307.0 234.0 Grasp 0
571.0 149.0 515.0 88.0 538.0 67.0 594.0 129.0 Grasp 0
358.0 188.0 305.0 184.0 308.0 154.0 361.0 159.0 Grasp 0
312.0 229.0 258.0 269.0 239.0 244.0 293.0 204.0 Grasp 0
