383.0 250.0 316.0 217.0 329.0 191.0 396.0 224.0 Grasp 0
250.0 118.0 201.0 122.0 198.0 93.0 247.0 89.0 Grasp 0
262.0 217.0 194.0 237.0 186.0 208.0 254.0 189.0 Grasp 0
253.0 155.0 194.0 149.0 197.0 120.0 256.0 126.0 Grasp 0
262.0 196.0 194.0 215.0 186.0 187.0 254.0 167.0 Grasp 0
443.0 275.0 443.0 362.0 414.0 362.0 414.0 275.0 Grasp 0
431.0 275.0 431.0 361.0 402.0 361.0 402.0 275.0 Grasp 0
248.0 134.0 200.0 139.0 197.0 110.0 245.0 105.0 Grasp 0
420.0 190.0 402.0 171.0 423.0 152.0 441.0 171.0 Grasp 0
361.0 384.0 284.0 300.0 306.0 281.0 382.0 364.0 Grasp 0
262.0 233.0 205.0 277.0 187.0 253.0 245.0 210.0 Grasp 0
270.0 216.0 198.0 270.0 180.0 247.0 252.0 193.0 Grasp 0
392.0 239.0 323.0 204.0 336.0 179.0 405.0 213.0 Grasp 0
257.0 189.0 195.0 195.0 193.0 166.0 254.0 160.0 Grasp 0
253.0 178.0 194.0 173.0 197.0 144.0 256.0 149.0 Grasp 0
387.0 257.0 293.0 231.0 301.0 203.0 394.0 229.0 Grasp 0
404.0 224.0 339.0 192.0 352.0 167.0 417.0 199.0 Grasp 0
250.0 273.0 186.0 241.0 199.0 215.0 263.0 247.0 Grasp 0
478.0 276.0 461.0 367.0 432.0 362.0 449.0 270.0 Grasp 0
464.0 272.0 447.0 366.0 418.0 361.0 436.0 267.0 Grasp 0
450.0 369.0 414.0 278.0 442.0 268.0 477.0 358.0 Grasp 0
407.0 274.0 369.0 375.0 341.0 364.0 380.0 264.0 Grasp 0
412.0 275.0 393.0 372.0 365.0 367.0 383.0 269.0 Grasp 0
404.0 205.0 382.0 181.0 403.0 162.0 425.0 186.0 Grasp 0
395.0 220.0 366.0 189.0 388.0 169.0 416.0 201.0 Grasp 0
417.0 205.0 377.0 175.0 394.0 152.0 434.0 182.0 Grasp 0
262.0 163.0 195.0 182.0 187.0 154.0 254.0 135.0 Grasp 0
308.0 367.0 283.0 301.0 310.0 291.0 335.0 356.0 Grasp 0
437.0 376.0 399.0 275.0 426.0 265.0 465.0 365.0 Grasp 0
459.0 365.0 426.0 278.0 453.0 268.0 487.0 354.0 Grasp 0
423.0 273.0 405.0 371.0 376.0 365.0 394.0 268.0 Grasp 0
285.0 345.0 277.0 303.0 306.0 297.0 314.0 340.0 Grasp 0
256.0 161.0 196.0 166.0 193.0 137.0 253.0 132.0 Grasp 0
382.0 238.0 343.0 195.0 364.0 176.0 403.0 219.0 Grasp 0
258.0 259.0 195.0 264.0 192.0 235.0 255.0 230.0 Grasp 0
372.0 252.0 328.0 204.0 350.0 185.0 393.0 233.0 Grasp 0
411.0 217.0 348.0 186.0 360.0 160.0 423.0 192.0 Grasp 0
298.0 303.0 298.0 340.0 269.0 340.0 269.0 303.0 Grasp 0
395.0 244.0 288.0 254.0 286.0 225.0 393.0 215.0 Grasp 0
285.0 300.0 276.0 345.0 248.0 340.0 256.0 295.0 Grasp 0
257.0 246.0 195.0 252.0 193.0 223.0 254.0 217.0 Grasp 0
410.0 213.0 369.0 182.0 386.0 159.0 427.0 190.0 Grasp 0
