624.0 118.0 564.0 101.0 572.0 72.0 632.0 89.0 Grasp 0
425.0 74.0 411.0 112.0 379.0 100.0 394.0 62.0 Grasp 0
492.0 123.0 462.0 171.0 434.0 154.0 464.0 106.0 Grasp 0
504.0 146.0 463.0 177.0 444.0 151.0 484.0 121.0 Grasp 0
353.0 111.0 308.0 39.0 339.0 19.0 384.0 92.0 Grasp 0
436.0 294.0 410.0 250.0 437.0 233.0 464.0 276.0 Grasp 0
479.0 105.0 458.0 160.0 427.0 148.0 449.0 93.0 Grasp 0
621.0 142.0 562.0 112.0 575.0 85.0 635.0 115.0 Grasp 0
574.0 89.0 574.0 180.0 544.0 180.0 544.0 89.0 Grasp 0
601.0 124.0 558.0 103.0 571.0 77.0 613.0 98.0 Grasp 0
297.0 164.0 211.0 156.0 214.0 119.0 300.0 127.0 Grasp 0
627.0 105.0 568.0 88.0 576.0 60.0 635.0 77.0 Grasp 0
422.0 303.0 395.0 259.0 423.0 242.0 450.0 285.0 Grasp 0
466.0 90.0 446.0 143.0 414.0 131.0 435.0 78.0 Grasp 0
384.0 273.0 374.0 325.0 341.0 319.0 350.0 266.0 Grasp 0
287.0 217.0 208.0 210.0 211.0 172.0 291.0 180.0 Grasp 0
297.0 262.0 220.0 284.0 210.0 248.0 287.0 226.0 Grasp 0
621.0 99.0 577.0 77.0 590.0 50.0 634.0 72.0 Grasp 0
509.0 168.0 460.0 192.0 446.0 163.0 495.0 139.0 Grasp 0
296.0 121.0 241.0 62.0 269.0 36.0 324.0 96.0 Grasp 0
371.0 339.0 319.0 344.0 316.0 315.0 368.0 310.0 Grasp 0
455.0 283.0 421.0 246.0 445.0 224.0 478.0 261.0 Grasp 0
287.0 205.0 208.0 197.0 211.0 160.0 290.0 167.0 Grasp 0
630.0 140.0 573.0 184.0 554.0 160.0 612.0 116.0 Grasp 0
313.0 287.0 214.0 297.0 210.0 260.0 310.0 251.0 Grasp 0
325.0 279.0 259.0 329.0 238.0 300.0 304.0 250.0 Grasp 0
315.0 269.0 284.0 319.0 253.0 300.0 284.0 250.0 Grasp 0
644.0 155.0 582.0 202.0 564.0 178.0 626.0 131.0 Grasp 0
568.0 225.0 540.0 299.0 512.0 288.0 541.0 215.0 Grasp 0
326.0 112.0 247.0 53.0 270.0 22.0 348.0 82.0 Grasp 0
355.0 108.0 329.0 41.0 363.0 28.0 389.0 95.0 Grasp 0
303.0 139.0 215.0 114.0 225.0 78.0 313.0 103.0 Grasp 0
632.0 144.0 541.0 213.0 523.0 189.0 614.0 120.0 Grasp 0
559.0 216.0 520.0 279.0 495.0 264.0 534.0 201.0 Grasp 0
318.0 114.0 232.0 71.0 249.0 37.0 335.0 80.0 Grasp 0
287.0 183.0 211.0 176.0 214.0 139.0 291.0 146.0 Grasp 0
612.0 281.0 561.0 225.0 584.0 205.0 634.0 260.0 Grasp 0
381.0 311.0 373.0 270.0 406.0 263.0 414.0 305.0 Grasp 0
647.0 177.0 580.0 211.0 566.0 184.0 634.0 150.0 Grasp 0
629.0 82.0 588.0 62.0 601.0 35.0 642.0 56.0 Grasp 0
335.0 282.0 285.0 337.0 258.0 312.0 308.0 257.0 Grasp 0
590.0 317.0 557.0 231.0 585.0 220.0 618.0 306.0 Grasp 0
485.0 259.0 430.0 231.0 444.0 203.0 499.0 231.0 Grasp 0
297.0 132.0 228.0 80.0 250.0 50.0 319.0 102.0 Grasp 0
317.0 132.0 209.0 142.0 206.0 104.0 314.0 94.0 Grasp 0
393.0 125.0 364.0 50.0 396.0 37.0 426.0 113.0 Grasp 0
566.0 224.0 529.0 283.0 503.0 268.0 540.0 208.0 Grasp 0
646.0 67.0 589.0 51.0 598.0 22.0 654.0 38.0 Grasp 0
378.0 276.0 356.0 331.0 324.0 319.0 345.0 263.0 Grasp 0
395.0 306.0 381.0 270.0 412.0 258.0 426.0 294.0 Grasp 0
604.0 298.0 558.0 225.0 584.0 209.0 629.0 282.0 Grasp 0
416.0 62.0 397.0 109.0 365.0 96.0 383.0 49.0 Grasp 0
287.0 238.0 205.0 230.0 209.0 193.0 291.0 200.0 Grasp 0
353.0 283.0 301.0 340.0 274.0 316.0 326.0 259.0 Grasp 0
314.0 254.0 275.0 316.0 244.0 297.0 283.0 234.0 Grasp 0
316.0 117.0 217.0 89.0 227.0 52.0 326.0 80.0 Grasp 0
