282.0 189.0 270.0 253.0 241.0 247.0 253.0 184.0 Grasp 0
337.0 173.0 337.0 236.0 307.0 236.0 307.0 173.0 Grasp 0
265.0 173.0 254.0 234.0 225.0 228.0 236.0 168.0 Grasp 0
274.0 53.0 261.0 32.0 285.0 16.0 299.0 38.0 Grasp 0
255.0 195.0 245.0 251.0 216.0 246.0 227.0 190.0 Grasp 0
304.0 172.0 292.0 234.0 263.0 229.0 275.0 167.0 Grasp 0
290.0 255.0 268.0 196.0 295.0 186.0 318.0 244.0 Grasp 0
233.0 180.0 233.0 239.0 204.0 239.0 204.0 180.0 Grasp 0
321.0 184.0 321.0 246.0 291.0 246.0 291.0 184.0 Grasp 0
458.0 311.0 358.0 301.0 361.0 272.0 461.0 281.0 Grasp 0
242.0 237.0 220.0 181.0 248.0 170.0 270.0 227.0 Grasp 0
321.0 10.0 321.0 36.0 292.0 36.0 292.0 10.0 Grasp 0
343.0 190.0 343.0 253.0 313.0 253.0 313.0 190.0 Grasp 0
265.0 244.0 242.0 185.0 269.0 174.0 292.0 234.0 Grasp 0
469.0 334.0 374.0 343.0 371.0 314.0 466.0 305.0 Grasp 0
310.0 186.0 298.0 249.0 269.0 243.0 281.0 181.0 Grasp 0
271.0 193.0 260.0 253.0 230.0 248.0 242.0 187.0 Grasp 0
216.0 253.0 195.0 199.0 223.0 188.0 244.0 242.0 Grasp 0
255.0 177.0 244.0 236.0 215.0 231.0 226.0 172.0 Grasp 0
303.0 238.0 291.0 175.0 320.0 169.0 332.0 233.0 Grasp 0
293.0 193.0 282.0 254.0 253.0 248.0 265.0 187.0 Grasp 0
203.0 247.0 183.0 194.0 210.0 183.0 231.0 236.0 Grasp 0
293.0 171.0 282.0 232.0 253.0 227.0 264.0 165.0 Grasp 0
231.0 359.0 215.0 342.0 236.0 323.0 252.0 340.0 Grasp 0
237.0 248.0 215.0 193.0 243.0 182.0 264.0 237.0 Grasp 0
348.0 178.0 348.0 241.0 318.0 241.0 318.0 178.0 Grasp 0
290.0 305.0 267.0 312.0 259.0 284.0 282.0 278.0 Grasp 0
222.0 181.0 222.0 238.0 193.0 238.0 193.0 181.0 Grasp 0
282.0 171.0 271.0 232.0 242.0 226.0 253.0 165.0 Grasp 0
321.0 170.0 309.0 232.0 280.0 227.0 292.0 165.0 Grasp 0
264.0 65.0 250.0 43.0 275.0 28.0 288.0 50.0 Grasp 0
474.0 316.0 390.0 358.0 377.0 332.0 461.0 290.0 Grasp 0
332.0 190.0 332.0 251.0 302.0 251.0 302.0 190.0 Grasp 0
283.0 311.0 264.0 316.0 257.0 289.0 275.0 284.0 Grasp 0
227.0 254.0 206.0 198.0 233.0 187.0 255.0 243.0 Grasp 0
553.0 228.0 518.0 284.0 492.0 268.0 527.0 212.0 Grasp 0
218.0 366.0 203.0 350.0 224.0 331.0 239.0 347.0 Grasp 0
