454.0 260.0 402.0 255.0 405.0 225.0 456.0 230.0 Grasp 0
303.0 210.0 256.0 261.0 235.0 242.0 282.0 191.0 Grasp 0
456.0 271.0 408.0 266.0 411.0 236.0 459.0 241.0 Grasp 0
345.0 274.0 299.0 325.0 278.0 306.0 324.0 255.0 Grasp 0
154.0 273.0 105.0 236.0 123.0 212.0 172.0 249.0 Grasp 0
410.0 337.0 357.0 311.0 370.0 283.0 424.0 310.0 Grasp 0
436.0 227.0 374.0 209.0 382.0 181.0 445.0 199.0 Grasp 0
357.0 279.0 322.0 336.0 297.0 321.0 333.0 264.0 Grasp 0
442.0 292.0 396.0 279.0 405.0 249.0 451.0 262.0 Grasp 0
143.0 275.0 94.0 238.0 112.0 214.0 161.0 251.0 Grasp 0
333.0 268.0 267.0 286.0 259.0 259.0 325.0 240.0 Grasp 0
363.0 288.0 340.0 345.0 314.0 335.0 336.0 277.0 Grasp 0
422.0 298.0 373.0 284.0 381.0 255.0 430.0 269.0 Grasp 0
345.0 285.0 299.0 336.0 278.0 317.0 324.0 266.0 Grasp 0
333.0 271.0 272.0 302.0 259.0 276.0 320.0 246.0 Grasp 0
297.0 75.0 276.0 68.0 284.0 41.0 305.0 47.0 Grasp 0
433.0 312.0 389.0 290.0 403.0 263.0 447.0 285.0 Grasp 0
485.0 222.0 412.0 215.0 414.0 185.0 487.0 192.0 Grasp 0
466.0 249.0 409.0 243.0 412.0 214.0 468.0 219.0 Grasp 0
387.0 348.0 356.0 298.0 381.0 282.0 412.0 332.0 Grasp 0
287.0 216.0 240.0 267.0 219.0 247.0 266.0 196.0 Grasp 0
436.0 343.0 377.0 349.0 375.0 319.0 434.0 313.0 Grasp 0
295.0 56.0 272.0 54.0 275.0 26.0 298.0 28.0 Grasp 0
423.0 279.0 377.0 266.0 386.0 238.0 431.0 251.0 Grasp 0
485.0 178.0 417.0 158.0 425.0 129.0 494.0 149.0 Grasp 0
411.0 349.0 356.0 321.0 369.0 294.0 424.0 321.0 Grasp 0
356.0 123.0 343.0 143.0 319.0 128.0 332.0 107.0 Grasp 0
148.0 255.0 106.0 209.0 129.0 189.0 171.0 235.0 Grasp 0
437.0 243.0 380.0 226.0 388.0 197.0 446.0 213.0 Grasp 0
440.0 70.0 418.0 63.0 425.0 36.0 447.0 42.0 Grasp 0
342.0 270.0 287.0 312.0 270.0 289.0 325.0 247.0 Grasp 0
458.0 238.0 390.0 219.0 399.0 190.0 466.0 210.0 Grasp 0
430.0 330.0 382.0 306.0 396.0 279.0 443.0 303.0 Grasp 0
284.0 33.0 263.0 31.0 266.0 2.0 287.0 4.0 Grasp 0
452.0 35.0 430.0 29.0 438.0 1.0 460.0 7.0 Grasp 0
299.0 226.0 264.0 284.0 240.0 269.0 275.0 211.0 Grasp 0
305.0 221.0 281.0 284.0 254.0 274.0 279.0 211.0 Grasp 0
469.0 159.0 404.0 141.0 413.0 111.0 477.0 130.0 Grasp 0
467.0 200.0 401.0 181.0 409.0 152.0 475.0 171.0 Grasp 0
416.0 309.0 367.0 295.0 376.0 266.0 425.0 280.0 Grasp 0
306.0 92.0 284.0 81.0 297.0 56.0 318.0 67.0 Grasp 0
436.0 269.0 390.0 256.0 398.0 227.0 445.0 240.0 Grasp 0
357.0 295.0 322.0 351.0 298.0 336.0 333.0 280.0 Grasp 0
379.0 127.0 379.0 199.0 350.0 199.0 350.0 127.0 Grasp 0
437.0 281.0 391.0 267.0 399.0 238.0 446.0 251.0 Grasp 0
466.0 172.0 396.0 166.0 399.0 136.0 469.0 142.0 Grasp 0
447.0 227.0 384.0 196.0 398.0 169.0 461.0 200.0 Grasp 0
479.0 211.0 413.0 192.0 421.0 163.0 488.0 182.0 Grasp 0
290.0 43.0 268.0 41.0 271.0 13.0 292.0 15.0 Grasp 0
496.0 199.0 429.0 181.0 438.0 152.0 504.0 171.0 Grasp 0
421.0 345.0 374.0 310.0 392.0 286.0 440.0 321.0 Grasp 0
413.0 117.0 391.0 111.0 399.0 84.0 421.0 90.0 Grasp 0
468.0 216.0 402.0 197.0 410.0 168.0 477.0 187.0 Grasp 0
133.0 264.0 91.0 218.0 113.0 197.0 156.0 244.0 Grasp 0
419.0 112.0 396.0 106.0 404.0 79.0 426.0 85.0 Grasp 0
165.0 281.0 110.0 253.0 124.0 226.0 179.0 254.0 Grasp 0
432.0 339.0 374.0 322.0 382.0 293.0 440.0 309.0 Grasp 0
424.0 102.0 401.0 96.0 409.0 69.0 431.0 75.0 Grasp 0
150.0 262.0 100.0 224.0 118.0 200.0 168.0 238.0 Grasp 0
338.0 97.0 334.0 120.0 306.0 115.0 310.0 91.0 Grasp 0
475.0 194.0 412.0 162.0 425.0 135.0 489.0 167.0 Grasp 0
445.0 53.0 423.0 47.0 431.0 20.0 453.0 26.0 Grasp 0
473.0 232.0 418.0 238.0 416.0 208.0 471.0 203.0 Grasp 0
345.0 111.0 336.0 133.0 310.0 123.0 318.0 100.0 Grasp 0
317.0 268.0 250.0 287.0 242.0 259.0 309.0 240.0 Grasp 0
434.0 87.0 411.0 80.0 419.0 53.0 442.0 60.0 Grasp 0
414.0 325.0 364.0 300.0 378.0 273.0 427.0 298.0 Grasp 0
