344.0 308.0 277.0 327.0 269.0 299.0 336.0 280.0 Grasp 0
243.0 263.0 230.0 197.0 258.0 192.0 271.0 258.0 Grasp 0
318.0 366.0 266.0 308.0 287.0 289.0 340.0 346.0 Grasp 0
459.0 290.0 459.0 362.0 430.0 362.0 430.0 290.0 Grasp 0
250.0 264.0 234.0 178.0 262.0 173.0 278.0 259.0 Grasp 0
532.0 281.0 532.0 360.0 503.0 360.0 503.0 281.0 Grasp 0
322.0 190.0 234.0 215.0 227.0 188.0 314.0 163.0 Grasp 0
411.0 374.0 383.0 299.0 410.0 289.0 439.0 363.0 Grasp 0
468.0 371.0 438.0 293.0 465.0 283.0 495.0 360.0 Grasp 0
406.0 301.0 406.0 364.0 377.0 364.0 377.0 301.0 Grasp 0
398.0 298.0 384.0 371.0 355.0 365.0 369.0 293.0 Grasp 0
317.0 368.0 268.0 331.0 286.0 308.0 334.0 345.0 Grasp 0
388.0 303.0 376.0 367.0 347.0 362.0 359.0 298.0 Grasp 0
356.0 257.0 282.0 294.0 269.0 269.0 343.0 232.0 Grasp 0
439.0 294.0 425.0 370.0 396.0 365.0 411.0 288.0 Grasp 0
499.0 285.0 483.0 367.0 455.0 362.0 470.0 280.0 Grasp 0
314.0 190.0 251.0 185.0 254.0 156.0 316.0 162.0 Grasp 0
419.0 367.0 406.0 297.0 434.0 292.0 447.0 362.0 Grasp 0
456.0 371.0 427.0 295.0 453.0 284.0 483.0 360.0 Grasp 0
439.0 371.0 410.0 296.0 436.0 286.0 466.0 361.0 Grasp 0
416.0 298.0 416.0 365.0 387.0 365.0 387.0 298.0 Grasp 0
509.0 367.0 479.0 291.0 506.0 280.0 535.0 356.0 Grasp 0
479.0 288.0 465.0 367.0 436.0 362.0 451.0 283.0 Grasp 0
423.0 296.0 392.0 376.0 365.0 366.0 396.0 286.0 Grasp 0
353.0 300.0 276.0 358.0 259.0 335.0 335.0 277.0 Grasp 0
346.0 296.0 279.0 315.0 271.0 287.0 338.0 268.0 Grasp 0
318.0 167.0 271.0 162.0 274.0 134.0 321.0 138.0 Grasp 0
469.0 363.0 456.0 291.0 484.0 286.0 497.0 358.0 Grasp 0
526.0 281.0 511.0 361.0 484.0 356.0 499.0 276.0 Grasp 0
348.0 281.0 281.0 300.0 273.0 272.0 341.0 253.0 Grasp 0
315.0 201.0 228.0 226.0 220.0 199.0 307.0 174.0 Grasp 0
359.0 228.0 287.0 283.0 269.0 260.0 342.0 205.0 Grasp 0
321.0 175.0 262.0 169.0 264.0 141.0 323.0 146.0 Grasp 0
536.0 289.0 489.0 365.0 465.0 350.0 512.0 274.0 Grasp 0
501.0 284.0 501.0 361.0 472.0 361.0 472.0 284.0 Grasp 0
497.0 372.0 465.0 289.0 492.0 279.0 524.0 362.0 Grasp 0
450.0 292.0 435.0 370.0 407.0 364.0 421.0 287.0 Grasp 0
388.0 375.0 360.0 302.0 387.0 292.0 415.0 364.0 Grasp 0
362.0 371.0 349.0 303.0 378.0 298.0 390.0 365.0 Grasp 0
345.0 276.0 283.0 282.0 280.0 253.0 342.0 247.0 Grasp 0
317.0 201.0 222.0 248.0 209.0 222.0 304.0 175.0 Grasp 0
519.0 280.0 484.0 371.0 458.0 360.0 493.0 269.0 Grasp 0
356.0 288.0 275.0 348.0 258.0 325.0 338.0 264.0 Grasp 0
