356.0 89.0 302.0 130.0 284.0 107.0 339.0 65.0 Grasp 0
572.0 226.0 534.0 287.0 509.0 271.0 547.0 210.0 Grasp 0
562.0 218.0 522.0 282.0 497.0 267.0 537.0 202.0 Grasp 0
333.0 79.0 268.0 98.0 260.0 70.0 325.0 51.0 Grasp 0
352.0 85.0 284.0 118.0 271.0 92.0 339.0 59.0 Grasp 0
265.0 207.0 221.0 256.0 199.0 236.0 243.0 188.0 Grasp 0
393.0 136.0 332.0 235.0 304.0 218.0 365.0 119.0 Grasp 0
399.0 318.0 341.0 289.0 356.0 259.0 414.0 288.0 Grasp 0
365.0 98.0 311.0 139.0 294.0 116.0 348.0 75.0 Grasp 0
380.0 194.0 356.0 131.0 387.0 119.0 412.0 182.0 Grasp 0
401.0 255.0 378.0 134.0 410.0 128.0 433.0 249.0 Grasp 0
413.0 233.0 367.0 307.0 339.0 289.0 385.0 215.0 Grasp 0
344.0 78.0 275.0 113.0 263.0 87.0 331.0 53.0 Grasp 0
400.0 318.0 324.0 260.0 345.0 233.0 420.0 290.0 Grasp 0
429.0 134.0 429.0 203.0 395.0 203.0 395.0 134.0 Grasp 0
306.0 249.0 306.0 141.0 338.0 141.0 338.0 249.0 Grasp 0
446.0 177.0 332.0 210.0 323.0 178.0 437.0 145.0 Grasp 0
577.0 239.0 519.0 283.0 501.0 259.0 560.0 215.0 Grasp 0
420.0 301.0 399.0 245.0 429.0 233.0 451.0 289.0 Grasp 0
417.0 241.0 386.0 322.0 354.0 310.0 385.0 229.0 Grasp 0
277.0 205.0 242.0 295.0 214.0 284.0 249.0 194.0 Grasp 0
583.0 241.0 535.0 293.0 513.0 273.0 561.0 221.0 Grasp 0
391.0 198.0 378.0 129.0 411.0 123.0 424.0 192.0 Grasp 0
346.0 76.0 301.0 124.0 280.0 105.0 324.0 56.0 Grasp 0
410.0 138.0 358.0 195.0 334.0 172.0 386.0 115.0 Grasp 0
574.0 229.0 548.0 298.0 521.0 287.0 547.0 219.0 Grasp 0
376.0 191.0 340.0 133.0 368.0 116.0 404.0 174.0 Grasp 0
