376.0 68.0 301.0 75.0 297.0 39.0 372.0 32.0 Grasp 0
575.0 321.0 553.0 380.0 525.0 369.0 548.0 311.0 Grasp 0
376.0 50.0 307.0 43.0 310.0 7.0 379.0 14.0 Grasp 0
480.0 376.0 463.0 288.0 492.0 283.0 508.0 371.0 Grasp 0
339.0 217.0 290.0 212.0 293.0 176.0 343.0 181.0 Grasp 0
349.0 129.0 279.0 123.0 283.0 86.0 353.0 93.0 Grasp 0
597.0 368.0 586.0 307.0 615.0 302.0 626.0 362.0 Grasp 0
204.0 331.0 172.0 280.0 198.0 264.0 229.0 315.0 Grasp 0
566.0 226.0 512.0 252.0 499.0 226.0 553.0 199.0 Grasp 0
549.0 208.0 499.0 245.0 481.0 222.0 531.0 184.0 Grasp 0
553.0 204.0 498.0 231.0 485.0 204.0 539.0 177.0 Grasp 0
576.0 247.0 521.0 275.0 507.0 248.0 563.0 221.0 Grasp 0
346.0 102.0 269.0 95.0 273.0 58.0 349.0 65.0 Grasp 0
380.0 99.0 303.0 92.0 306.0 56.0 383.0 63.0 Grasp 0
340.0 201.0 276.0 195.0 279.0 159.0 343.0 165.0 Grasp 0
353.0 162.0 289.0 156.0 292.0 119.0 357.0 125.0 Grasp 0
381.0 114.0 308.0 121.0 304.0 84.0 378.0 77.0 Grasp 0
575.0 202.0 535.0 247.0 512.0 227.0 553.0 182.0 Grasp 0
365.0 170.0 298.0 176.0 295.0 139.0 361.0 133.0 Grasp 0
307.0 443.0 231.0 385.0 249.0 361.0 325.0 419.0 Grasp 0
505.0 386.0 491.0 310.0 520.0 305.0 534.0 380.0 Grasp 0
446.0 383.0 431.0 303.0 460.0 298.0 475.0 378.0 Grasp 0
341.0 188.0 281.0 171.0 291.0 135.0 351.0 152.0 Grasp 0
346.0 72.0 269.0 65.0 273.0 29.0 350.0 36.0 Grasp 0
574.0 225.0 527.0 261.0 509.0 237.0 556.0 202.0 Grasp 0
280.0 455.0 202.0 397.0 220.0 373.0 298.0 431.0 Grasp 0
356.0 51.0 282.0 44.0 286.0 8.0 360.0 15.0 Grasp 0
364.0 80.0 286.0 87.0 282.0 50.0 360.0 43.0 Grasp 0
349.0 116.0 279.0 109.0 282.0 73.0 353.0 79.0 Grasp 0
197.0 330.0 186.0 270.0 215.0 265.0 227.0 325.0 Grasp 0
348.0 148.0 281.0 142.0 285.0 106.0 351.0 112.0 Grasp 0
604.0 302.0 593.0 362.0 564.0 357.0 575.0 297.0 Grasp 0
337.0 174.0 272.0 156.0 282.0 120.0 347.0 139.0 Grasp 0
371.0 129.0 306.0 136.0 302.0 99.0 367.0 93.0 Grasp 0
538.0 136.0 491.0 212.0 466.0 196.0 513.0 121.0 Grasp 0
281.0 464.0 196.0 422.0 209.0 395.0 294.0 437.0 Grasp 0
588.0 225.0 540.0 261.0 522.0 237.0 570.0 201.0 Grasp 0
595.0 248.0 536.0 265.0 528.0 237.0 587.0 220.0 Grasp 0
598.0 300.0 575.0 360.0 547.0 349.0 571.0 289.0 Grasp 0
511.0 364.0 483.0 292.0 511.0 282.0 538.0 354.0 Grasp 0
337.0 230.0 292.0 226.0 296.0 190.0 340.0 195.0 Grasp 0
261.0 463.0 197.0 393.0 219.0 373.0 283.0 443.0 Grasp 0
602.0 351.0 591.0 292.0 620.0 286.0 631.0 345.0 Grasp 0
