345.0 97.0 296.0 112.0 288.0 84.0 338.0 70.0 Grasp 0
228.0 160.0 205.0 185.0 184.0 166.0 207.0 141.0 Grasp 0
204.0 335.0 168.0 325.0 176.0 298.0 211.0 308.0 Grasp 0
535.0 308.0 491.0 321.0 483.0 293.0 527.0 281.0 Grasp 0
500.0 107.0 440.0 101.0 443.0 70.0 502.0 76.0 Grasp 0
497.0 121.0 436.0 115.0 438.0 86.0 500.0 91.0 Grasp 0
537.0 330.0 498.0 341.0 491.0 314.0 530.0 303.0 Grasp 0
195.0 319.0 156.0 299.0 169.0 273.0 208.0 293.0 Grasp 0
217.0 303.0 186.0 279.0 203.0 256.0 234.0 280.0 Grasp 0
232.0 138.0 204.0 151.0 192.0 126.0 219.0 112.0 Grasp 0
192.0 288.0 166.0 259.0 187.0 239.0 213.0 268.0 Grasp 0
351.0 46.0 301.0 61.0 293.0 33.0 343.0 19.0 Grasp 0
482.0 109.0 422.0 115.0 419.0 85.0 479.0 79.0 Grasp 0
540.0 320.0 498.0 332.0 490.0 304.0 533.0 292.0 Grasp 0
265.0 194.0 252.0 263.0 222.0 257.0 235.0 188.0 Grasp 0
373.0 105.0 322.0 120.0 314.0 92.0 365.0 78.0 Grasp 0
228.0 149.0 201.0 168.0 184.0 146.0 210.0 126.0 Grasp 0
374.0 81.0 327.0 105.0 314.0 79.0 361.0 55.0 Grasp 0
354.0 107.0 304.0 111.0 301.0 83.0 351.0 78.0 Grasp 0
335.0 48.0 285.0 62.0 277.0 35.0 328.0 21.0 Grasp 0
356.0 79.0 307.0 93.0 299.0 66.0 348.0 52.0 Grasp 0
556.0 294.0 514.0 315.0 501.0 289.0 543.0 268.0 Grasp 0
346.0 76.0 296.0 90.0 288.0 62.0 338.0 48.0 Grasp 0
192.0 309.0 159.0 283.0 176.0 261.0 210.0 286.0 Grasp 0
254.0 196.0 242.0 261.0 212.0 255.0 224.0 191.0 Grasp 0
234.0 129.0 205.0 138.0 197.0 110.0 227.0 102.0 Grasp 0
341.0 30.0 290.0 45.0 283.0 18.0 333.0 3.0 Grasp 0
201.0 304.0 168.0 279.0 186.0 256.0 219.0 281.0 Grasp 0
486.0 132.0 424.0 126.0 427.0 96.0 488.0 102.0 Grasp 0
547.0 304.0 506.0 324.0 493.0 298.0 534.0 278.0 Grasp 0
344.0 65.0 293.0 69.0 290.0 41.0 341.0 37.0 Grasp 0
238.0 153.0 209.0 167.0 196.0 142.0 225.0 128.0 Grasp 0
351.0 67.0 301.0 81.0 293.0 54.0 343.0 40.0 Grasp 0
543.0 287.0 505.0 316.0 488.0 293.0 525.0 264.0 Grasp 0
367.0 62.0 317.0 76.0 309.0 49.0 359.0 35.0 Grasp 0
350.0 41.0 297.0 46.0 295.0 17.0 347.0 13.0 Grasp 0
344.0 123.0 293.0 128.0 290.0 100.0 341.0 95.0 Grasp 0
362.0 53.0 311.0 67.0 304.0 40.0 354.0 26.0 Grasp 0
275.0 201.0 275.0 272.0 245.0 272.0 245.0 201.0 Grasp 0
366.0 124.0 313.0 129.0 310.0 100.0 364.0 95.0 Grasp 0
244.0 287.0 206.0 225.0 232.0 209.0 270.0 271.0 Grasp 0
196.0 328.0 159.0 309.0 172.0 284.0 209.0 302.0 Grasp 0
365.0 35.0 312.0 40.0 309.0 12.0 363.0 7.0 Grasp 0
490.0 95.0 431.0 101.0 428.0 70.0 488.0 65.0 Grasp 0
