457.0 57.0 437.0 35.0 458.0 15.0 479.0 37.0 Grasp 0
449.0 187.0 441.0 210.0 409.0 198.0 418.0 175.0 Grasp 0
251.0 349.0 189.0 344.0 192.0 314.0 254.0 319.0 Grasp 0
272.0 337.0 212.0 354.0 204.0 325.0 264.0 308.0 Grasp 0
461.0 59.0 447.0 35.0 471.0 20.0 486.0 44.0 Grasp 0
502.0 45.0 487.0 20.0 512.0 5.0 527.0 30.0 Grasp 0
451.0 328.0 433.0 314.0 452.0 288.0 470.0 302.0 Grasp 0
494.0 334.0 470.0 373.0 445.0 358.0 469.0 318.0 Grasp 0
495.0 295.0 471.0 293.0 474.0 258.0 498.0 261.0 Grasp 0
266.0 320.0 197.0 300.0 205.0 272.0 274.0 292.0 Grasp 0
493.0 224.0 475.0 237.0 454.0 209.0 472.0 195.0 Grasp 0
145.0 253.0 136.0 231.0 163.0 221.0 171.0 243.0 Grasp 0
250.0 323.0 185.0 317.0 188.0 288.0 252.0 294.0 Grasp 0
236.0 362.0 177.0 345.0 185.0 316.0 244.0 333.0 Grasp 0
437.0 180.0 428.0 202.0 397.0 190.0 405.0 168.0 Grasp 0
543.0 170.0 530.0 244.0 501.0 239.0 515.0 165.0 Grasp 0
463.0 316.0 444.0 306.0 458.0 277.0 478.0 287.0 Grasp 0
478.0 52.0 458.0 30.0 480.0 10.0 500.0 32.0 Grasp 0
349.0 293.0 322.0 296.0 320.0 264.0 346.0 261.0 Grasp 0
420.0 337.0 406.0 314.0 432.0 298.0 446.0 320.0 Grasp 0
153.0 233.0 147.0 204.0 175.0 198.0 181.0 228.0 Grasp 0
211.0 195.0 183.0 203.0 175.0 175.0 203.0 167.0 Grasp 0
224.0 158.0 210.0 135.0 235.0 119.0 249.0 142.0 Grasp 0
344.0 275.0 316.0 277.0 313.0 245.0 341.0 242.0 Grasp 0
511.0 42.0 496.0 18.0 520.0 2.0 535.0 27.0 Grasp 0
260.0 331.0 197.0 325.0 199.0 296.0 262.0 301.0 Grasp 0
438.0 334.0 421.0 316.0 445.0 294.0 461.0 312.0 Grasp 0
189.0 190.0 189.0 220.0 161.0 220.0 161.0 190.0 Grasp 0
146.0 240.0 140.0 207.0 168.0 202.0 174.0 235.0 Grasp 0
249.0 354.0 187.0 360.0 185.0 330.0 246.0 324.0 Grasp 0
153.0 241.0 148.0 217.0 176.0 211.0 180.0 236.0 Grasp 0
475.0 196.0 463.0 216.0 432.0 198.0 445.0 178.0 Grasp 0
410.0 347.0 400.0 296.0 431.0 290.0 440.0 341.0 Grasp 0
369.0 201.0 361.0 179.0 394.0 167.0 402.0 189.0 Grasp 0
448.0 62.0 429.0 40.0 450.0 21.0 469.0 42.0 Grasp 0
496.0 45.0 476.0 23.0 498.0 3.0 518.0 25.0 Grasp 0
482.0 214.0 466.0 231.0 441.0 208.0 456.0 191.0 Grasp 0
337.0 264.0 311.0 256.0 320.0 225.0 346.0 232.0 Grasp 0
346.0 217.0 334.0 198.0 363.0 180.0 375.0 199.0 Grasp 0
341.0 232.0 322.0 217.0 342.0 190.0 362.0 205.0 Grasp 0
194.0 196.0 194.0 226.0 166.0 226.0 166.0 196.0 Grasp 0
263.0 325.0 202.0 343.0 194.0 314.0 255.0 297.0 Grasp 0
462.0 190.0 450.0 210.0 419.0 191.0 432.0 171.0 Grasp 0
