487.0 131.0 428.0 160.0 415.0 135.0 474.0 105.0 Grasp 0
516.0 169.0 460.0 211.0 443.0 187.0 498.0 146.0 Grasp 0
539.0 225.0 472.0 244.0 464.0 216.0 531.0 197.0 Grasp 0
453.0 70.0 390.0 101.0 377.0 76.0 440.0 44.0 Grasp 0
498.0 148.0 437.0 179.0 424.0 153.0 485.0 122.0 Grasp 0
473.0 89.0 411.0 135.0 394.0 112.0 455.0 66.0 Grasp 0
419.0 311.0 409.0 261.0 438.0 256.0 447.0 306.0 Grasp 0
448.0 42.0 383.0 92.0 365.0 69.0 431.0 19.0 Grasp 0
481.0 105.0 421.0 150.0 403.0 127.0 464.0 82.0 Grasp 0
507.0 168.0 450.0 197.0 438.0 171.0 494.0 142.0 Grasp 0
506.0 150.0 449.0 194.0 432.0 170.0 489.0 127.0 Grasp 0
410.0 321.0 388.0 265.0 416.0 255.0 437.0 310.0 Grasp 0
524.0 197.0 456.0 217.0 448.0 189.0 516.0 169.0 Grasp 0
467.0 79.0 405.0 126.0 388.0 103.0 450.0 57.0 Grasp 0
436.0 35.0 367.0 69.0 355.0 43.0 423.0 9.0 Grasp 0
451.0 308.0 441.0 256.0 470.0 250.0 480.0 303.0 Grasp 0
451.0 328.0 406.0 256.0 431.0 241.0 475.0 312.0 Grasp 0
464.0 69.0 400.0 117.0 383.0 94.0 447.0 46.0 Grasp 0
529.0 206.0 460.0 226.0 452.0 198.0 521.0 178.0 Grasp 0
444.0 34.0 378.0 83.0 361.0 60.0 426.0 11.0 Grasp 0
540.0 244.0 466.0 237.0 469.0 208.0 542.0 215.0 Grasp 0
432.0 314.0 398.0 260.0 423.0 244.0 456.0 299.0 Grasp 0
461.0 321.0 425.0 262.0 450.0 247.0 486.0 306.0 Grasp 0
523.0 183.0 469.0 224.0 451.0 201.0 505.0 160.0 Grasp 0
491.0 140.0 434.0 169.0 421.0 143.0 478.0 114.0 Grasp 0
484.0 122.0 420.0 154.0 407.0 128.0 471.0 96.0 Grasp 0
542.0 232.0 449.0 223.0 452.0 194.0 545.0 203.0 Grasp 0
