361.0 75.0 298.0 28.0 316.0 4.0 379.0 52.0 Grasp 0
495.0 103.0 490.0 94.0 514.0 79.0 519.0 88.0 Grasp 0
394.0 131.0 353.0 162.0 334.0 138.0 375.0 107.0 Grasp 0
466.0 160.0 423.0 127.0 440.0 105.0 483.0 137.0 Grasp 0
404.0 114.0 360.0 147.0 342.0 123.0 386.0 90.0 Grasp 0
501.0 98.0 501.0 121.0 472.0 121.0 472.0 98.0 Grasp 0
251.0 200.0 198.0 141.0 219.0 121.0 273.0 180.0 Grasp 0
448.0 146.0 414.0 91.0 438.0 76.0 472.0 131.0 Grasp 0
250.0 205.0 191.0 161.0 209.0 137.0 268.0 182.0 Grasp 0
457.0 156.0 428.0 110.0 452.0 95.0 481.0 141.0 Grasp 0
372.0 88.0 303.0 53.0 316.0 27.0 385.0 62.0 Grasp 0
488.0 148.0 430.0 119.0 442.0 93.0 501.0 122.0 Grasp 0
456.0 124.0 410.0 73.0 431.0 54.0 477.0 105.0 Grasp 0
445.0 178.0 416.0 132.0 440.0 117.0 469.0 163.0 Grasp 0
365.0 55.0 293.0 35.0 301.0 7.0 373.0 27.0 Grasp 0
508.0 138.0 449.0 109.0 462.0 84.0 520.0 113.0 Grasp 0
392.0 115.0 349.0 147.0 331.0 123.0 374.0 91.0 Grasp 0
386.0 99.0 349.0 140.0 326.0 119.0 363.0 78.0 Grasp 0
450.0 162.0 414.0 122.0 434.0 103.0 471.0 143.0 Grasp 0
499.0 143.0 439.0 113.0 452.0 88.0 512.0 117.0 Grasp 0
375.0 89.0 324.0 33.0 345.0 13.0 396.0 70.0 Grasp 0
492.0 144.0 448.0 95.0 469.0 76.0 514.0 125.0 Grasp 0
263.0 185.0 208.0 124.0 229.0 104.0 285.0 165.0 Grasp 0
