468.0 317.0 412.0 359.0 391.0 330.0 446.0 288.0 Grasp 0
244.0 352.0 180.0 248.0 210.0 230.0 274.0 334.0 Grasp 0
470.0 331.0 419.0 370.0 397.0 341.0 448.0 302.0 Grasp 0
384.0 103.0 312.0 24.0 337.0 1.0 409.0 80.0 Grasp 0
263.0 346.0 168.0 274.0 189.0 246.0 284.0 318.0 Grasp 0
271.0 338.0 174.0 264.0 195.0 236.0 293.0 310.0 Grasp 0
470.0 341.0 388.0 333.0 391.0 297.0 474.0 305.0 Grasp 0
461.0 312.0 394.0 331.0 385.0 296.0 451.0 277.0 Grasp 0
486.0 354.0 434.0 393.0 412.0 365.0 465.0 325.0 Grasp 0
205.0 350.0 184.0 238.0 218.0 232.0 239.0 343.0 Grasp 0
476.0 336.0 433.0 383.0 407.0 359.0 450.0 312.0 Grasp 0
