461.0 278.0 395.0 228.0 413.0 204.0 479.0 254.0 Grasp 0
367.0 142.0 295.0 122.0 303.0 94.0 375.0 115.0 Grasp 0
454.0 261.0 402.0 222.0 420.0 198.0 472.0 238.0 Grasp 0
462.0 268.0 404.0 262.0 407.0 233.0 465.0 238.0 Grasp 0
463.0 257.0 404.0 252.0 407.0 222.0 466.0 228.0 Grasp 0
360.0 194.0 294.0 244.0 276.0 220.0 342.0 171.0 Grasp 0
374.0 125.0 297.0 118.0 300.0 90.0 377.0 97.0 Grasp 0
288.0 7.0 288.0 61.0 259.0 61.0 259.0 7.0 Grasp 0
351.0 174.0 284.0 193.0 276.0 164.0 343.0 145.0 Grasp 0
237.0 339.0 197.0 319.0 210.0 294.0 250.0 314.0 Grasp 0
248.0 313.0 222.0 246.0 249.0 235.0 275.0 303.0 Grasp 0
343.0 215.0 281.0 210.0 284.0 180.0 346.0 186.0 Grasp 0
263.0 18.0 255.0 63.0 227.0 58.0 235.0 12.0 Grasp 0
468.0 300.0 399.0 307.0 396.0 276.0 465.0 270.0 Grasp 0
283.0 9.0 272.0 67.0 243.0 62.0 254.0 4.0 Grasp 0
239.0 334.0 201.0 305.0 218.0 282.0 256.0 311.0 Grasp 0
344.0 185.0 282.0 179.0 284.0 149.0 347.0 155.0 Grasp 0
461.0 303.0 397.0 284.0 405.0 255.0 469.0 273.0 Grasp 0
259.0 294.0 228.0 243.0 252.0 228.0 283.0 279.0 Grasp 0
260.0 290.0 235.0 224.0 261.0 214.0 287.0 280.0 Grasp 0
456.0 320.0 397.0 303.0 406.0 274.0 464.0 290.0 Grasp 0
461.0 287.0 403.0 281.0 405.0 251.0 464.0 256.0 Grasp 0
346.0 195.0 285.0 201.0 282.0 171.0 343.0 165.0 Grasp 0
248.0 70.0 228.0 17.0 255.0 6.0 275.0 60.0 Grasp 0
242.0 326.0 207.0 287.0 228.0 268.0 263.0 307.0 Grasp 0
356.0 184.0 285.0 220.0 272.0 193.0 343.0 158.0 Grasp 0
483.0 232.0 407.0 290.0 388.0 266.0 464.0 208.0 Grasp 0
247.0 317.0 214.0 265.0 239.0 250.0 271.0 302.0 Grasp 0
346.0 167.0 284.0 173.0 281.0 143.0 343.0 137.0 Grasp 0
349.0 156.0 290.0 185.0 277.0 158.0 336.0 129.0 Grasp 0
264.0 283.0 248.0 200.0 276.0 195.0 291.0 277.0 Grasp 0
232.0 346.0 194.0 328.0 207.0 302.0 244.0 321.0 Grasp 0
482.0 264.0 398.0 306.0 385.0 279.0 469.0 237.0 Grasp 0
255.0 303.0 220.0 264.0 241.0 245.0 276.0 284.0 Grasp 0
351.0 206.0 285.0 225.0 277.0 196.0 343.0 177.0 Grasp 0
469.0 290.0 399.0 296.0 396.0 266.0 466.0 260.0 Grasp 0
340.0 232.0 276.0 213.0 285.0 185.0 348.0 203.0 Grasp 0
273.0 11.0 262.0 67.0 234.0 62.0 244.0 5.0 Grasp 0
