263.0 311.0 252.0 372.0 223.0 367.0 235.0 306.0 Grasp 0
460.0 316.0 378.0 340.0 370.0 312.0 452.0 289.0 Grasp 0
325.0 348.0 296.0 395.0 272.0 379.0 300.0 333.0 Grasp 0
319.0 115.0 238.0 123.0 235.0 95.0 317.0 87.0 Grasp 0
390.0 179.0 334.0 221.0 316.0 198.0 373.0 155.0 Grasp 0
232.0 306.0 204.0 352.0 179.0 337.0 208.0 291.0 Grasp 0
334.0 348.0 324.0 401.0 296.0 396.0 306.0 342.0 Grasp 0
387.0 147.0 353.0 236.0 325.0 225.0 360.0 137.0 Grasp 0
230.0 291.0 230.0 360.0 201.0 360.0 201.0 291.0 Grasp 0
224.0 376.0 194.0 298.0 221.0 287.0 251.0 366.0 Grasp 0
457.0 319.0 385.0 355.0 372.0 329.0 444.0 294.0 Grasp 0
272.0 310.0 272.0 380.0 243.0 380.0 243.0 310.0 Grasp 0
316.0 100.0 223.0 109.0 220.0 80.0 313.0 72.0 Grasp 0
309.0 341.0 250.0 386.0 233.0 363.0 292.0 318.0 Grasp 0
310.0 328.0 310.0 398.0 281.0 398.0 281.0 328.0 Grasp 0
442.0 305.0 371.0 326.0 363.0 298.0 435.0 278.0 Grasp 0
441.0 261.0 427.0 185.0 455.0 180.0 469.0 256.0 Grasp 0
397.0 186.0 351.0 236.0 330.0 217.0 375.0 166.0 Grasp 0
246.0 304.0 234.0 364.0 206.0 359.0 217.0 299.0 Grasp 0
338.0 353.0 307.0 402.0 282.0 387.0 313.0 337.0 Grasp 0
277.0 326.0 218.0 371.0 200.0 348.0 260.0 303.0 Grasp 0
322.0 346.0 262.0 391.0 244.0 368.0 304.0 323.0 Grasp 0
226.0 298.0 216.0 354.0 187.0 349.0 198.0 293.0 Grasp 0
374.0 155.0 312.0 202.0 294.0 179.0 356.0 132.0 Grasp 0
398.0 160.0 366.0 242.0 338.0 232.0 370.0 149.0 Grasp 0
471.0 201.0 461.0 257.0 433.0 252.0 443.0 196.0 Grasp 0
448.0 306.0 390.0 350.0 373.0 327.0 431.0 283.0 Grasp 0
479.0 219.0 464.0 256.0 438.0 245.0 452.0 209.0 Grasp 0
352.0 115.0 352.0 196.0 323.0 196.0 323.0 115.0 Grasp 0
374.0 140.0 341.0 224.0 313.0 213.0 346.0 129.0 Grasp 0
367.0 148.0 307.0 193.0 290.0 170.0 350.0 124.0 Grasp 0
438.0 267.0 398.0 165.0 425.0 154.0 464.0 257.0 Grasp 0
237.0 383.0 222.0 302.0 250.0 297.0 265.0 377.0 Grasp 0
298.0 336.0 238.0 382.0 221.0 358.0 280.0 313.0 Grasp 0
296.0 79.0 222.0 100.0 214.0 73.0 289.0 52.0 Grasp 0
241.0 307.0 220.0 359.0 193.0 348.0 214.0 296.0 Grasp 0
411.0 176.0 391.0 280.0 362.0 274.0 381.0 170.0 Grasp 0
370.0 127.0 370.0 243.0 340.0 243.0 340.0 127.0 Grasp 0
262.0 319.0 219.0 367.0 198.0 347.0 241.0 300.0 Grasp 0
309.0 338.0 290.0 388.0 263.0 378.0 282.0 328.0 Grasp 0
338.0 353.0 278.0 397.0 261.0 374.0 320.0 330.0 Grasp 0
428.0 317.0 361.0 337.0 353.0 309.0 420.0 290.0 Grasp 0
444.0 294.0 405.0 356.0 381.0 341.0 419.0 278.0 Grasp 0
299.0 323.0 299.0 392.0 270.0 392.0 270.0 323.0 Grasp 0
410.0 174.0 379.0 252.0 352.0 241.0 382.0 163.0 Grasp 0
423.0 320.0 365.0 364.0 347.0 342.0 406.0 297.0 Grasp 0
288.0 318.0 288.0 389.0 260.0 389.0 260.0 318.0 Grasp 0
266.0 400.0 230.0 306.0 257.0 296.0 293.0 390.0 Grasp 0
