289.0 41.0 243.0 76.0 225.0 52.0 271.0 18.0 Grasp 0
288.0 45.0 247.0 89.0 226.0 69.0 266.0 25.0 Grasp 0
313.0 71.0 262.0 110.0 244.0 86.0 295.0 48.0 Grasp 0
402.0 310.0 341.0 340.0 328.0 314.0 389.0 284.0 Grasp 0
295.0 67.0 247.0 104.0 230.0 80.0 278.0 44.0 Grasp 0
447.0 192.0 399.0 114.0 423.0 99.0 472.0 177.0 Grasp 0
420.0 321.0 371.0 358.0 353.0 335.0 402.0 298.0 Grasp 0
273.0 41.0 244.0 88.0 219.0 73.0 248.0 25.0 Grasp 0
282.0 62.0 241.0 106.0 219.0 87.0 260.0 42.0 Grasp 0
416.0 315.0 358.0 344.0 345.0 318.0 403.0 289.0 Grasp 0
324.0 89.0 268.0 117.0 255.0 91.0 311.0 63.0 Grasp 0
404.0 333.0 353.0 371.0 336.0 348.0 387.0 310.0 Grasp 0
397.0 306.0 331.0 325.0 323.0 297.0 389.0 278.0 Grasp 0
401.0 314.0 347.0 354.0 329.0 331.0 383.0 291.0 Grasp 0
336.0 73.0 277.0 102.0 264.0 75.0 322.0 46.0 Grasp 0
301.0 57.0 248.0 83.0 235.0 57.0 288.0 31.0 Grasp 0
