347.0 237.0 309.0 248.0 301.0 220.0 339.0 209.0 Grasp 0
370.0 164.0 303.0 236.0 282.0 217.0 348.0 144.0 Grasp 0
352.0 205.0 263.0 197.0 265.0 168.0 354.0 176.0 Grasp 0
355.0 151.0 291.0 222.0 269.0 202.0 334.0 131.0 Grasp 0
356.0 178.0 269.0 202.0 261.0 175.0 348.0 150.0 Grasp 0
360.0 179.0 277.0 220.0 264.0 194.0 346.0 153.0 Grasp 0
348.0 247.0 313.0 257.0 305.0 229.0 340.0 219.0 Grasp 0
336.0 107.0 247.0 133.0 239.0 104.0 328.0 79.0 Grasp 0
362.0 260.0 322.0 280.0 309.0 254.0 349.0 234.0 Grasp 0
339.0 117.0 249.0 142.0 241.0 114.0 331.0 89.0 Grasp 0
344.0 218.0 299.0 231.0 291.0 203.0 336.0 190.0 Grasp 0
345.0 136.0 255.0 161.0 247.0 134.0 337.0 108.0 Grasp 0
351.0 155.0 261.0 181.0 253.0 153.0 343.0 127.0 Grasp 0
367.0 242.0 327.0 286.0 305.0 267.0 345.0 223.0 Grasp 0
360.0 202.0 279.0 225.0 271.0 197.0 352.0 174.0 Grasp 0
352.0 276.0 326.0 283.0 318.0 255.0 344.0 248.0 Grasp 0
352.0 164.0 266.0 189.0 258.0 161.0 344.0 137.0 Grasp 0
336.0 94.0 259.0 152.0 242.0 128.0 319.0 70.0 Grasp 0
346.0 228.0 251.0 202.0 259.0 174.0 354.0 201.0 Grasp 0
370.0 210.0 306.0 242.0 293.0 216.0 357.0 184.0 Grasp 0
347.0 230.0 273.0 237.0 271.0 208.0 344.0 201.0 Grasp 0
350.0 135.0 261.0 180.0 248.0 154.0 337.0 109.0 Grasp 0
351.0 260.0 319.0 269.0 311.0 241.0 343.0 232.0 Grasp 0
356.0 196.0 260.0 187.0 262.0 158.0 359.0 167.0 Grasp 0
