607.0 210.0 545.0 216.0 542.0 186.0 605.0 181.0 Grasp 0
403.0 306.0 394.0 259.0 423.0 254.0 432.0 300.0 Grasp 0
606.0 309.0 560.0 313.0 557.0 284.0 604.0 280.0 Grasp 0
601.0 325.0 553.0 320.0 556.0 291.0 604.0 295.0 Grasp 0
611.0 243.0 552.0 238.0 555.0 208.0 613.0 213.0 Grasp 0
431.0 301.0 414.0 258.0 441.0 247.0 457.0 291.0 Grasp 0
385.0 204.0 365.0 225.0 344.0 206.0 364.0 185.0 Grasp 0
274.0 176.0 207.0 183.0 204.0 153.0 271.0 147.0 Grasp 0
436.0 270.0 427.0 317.0 399.0 311.0 408.0 265.0 Grasp 0
247.0 158.0 189.0 187.0 175.0 160.0 234.0 131.0 Grasp 0
619.0 254.0 558.0 249.0 561.0 219.0 622.0 225.0 Grasp 0
390.0 251.0 357.0 261.0 349.0 233.0 382.0 224.0 Grasp 0
346.0 324.0 328.0 295.0 353.0 279.0 371.0 309.0 Grasp 0
414.0 304.0 405.0 258.0 434.0 252.0 443.0 298.0 Grasp 0
416.0 256.0 416.0 303.0 387.0 303.0 387.0 256.0 Grasp 0
623.0 180.0 572.0 218.0 554.0 194.0 605.0 156.0 Grasp 0
391.0 70.0 340.0 75.0 337.0 47.0 389.0 42.0 Grasp 0
339.0 345.0 324.0 322.0 350.0 306.0 365.0 330.0 Grasp 0
601.0 292.0 540.0 287.0 543.0 257.0 604.0 263.0 Grasp 0
309.0 330.0 306.0 312.0 336.0 307.0 339.0 324.0 Grasp 0
262.0 160.0 203.0 177.0 194.0 148.0 254.0 131.0 Grasp 0
298.0 304.0 284.0 327.0 259.0 311.0 273.0 289.0 Grasp 0
289.0 265.0 203.0 289.0 196.0 262.0 281.0 237.0 Grasp 0
278.0 215.0 203.0 222.0 200.0 192.0 275.0 185.0 Grasp 0
401.0 35.0 331.0 41.0 328.0 13.0 399.0 6.0 Grasp 0
420.0 274.0 411.0 321.0 383.0 316.0 392.0 269.0 Grasp 0
376.0 168.0 349.0 166.0 352.0 138.0 379.0 140.0 Grasp 0
411.0 274.0 401.0 323.0 373.0 318.0 382.0 268.0 Grasp 0
625.0 227.0 563.0 232.0 560.0 203.0 623.0 197.0 Grasp 0
204.0 320.0 190.0 304.0 212.0 285.0 226.0 300.0 Grasp 0
370.0 338.0 337.0 301.0 357.0 282.0 391.0 319.0 Grasp 0
619.0 192.0 559.0 209.0 550.0 181.0 610.0 163.0 Grasp 0
271.0 204.0 199.0 211.0 196.0 181.0 269.0 174.0 Grasp 0
604.0 182.0 545.0 199.0 537.0 171.0 596.0 154.0 Grasp 0
284.0 225.0 200.0 233.0 197.0 201.0 281.0 193.0 Grasp 0
608.0 276.0 548.0 271.0 551.0 241.0 611.0 247.0 Grasp 0
287.0 267.0 276.0 294.0 249.0 283.0 259.0 256.0 Grasp 0
373.0 77.0 357.0 79.0 355.0 51.0 371.0 49.0 Grasp 0
187.0 223.0 177.0 212.0 200.0 191.0 210.0 202.0 Grasp 0
380.0 135.0 351.0 138.0 348.0 106.0 377.0 103.0 Grasp 0
202.0 247.0 188.0 246.0 191.0 215.0 205.0 216.0 Grasp 0
229.0 155.0 190.0 198.0 167.0 178.0 207.0 134.0 Grasp 0
330.0 327.0 320.0 301.0 348.0 290.0 358.0 317.0 Grasp 0
600.0 260.0 540.0 265.0 537.0 236.0 598.0 230.0 Grasp 0
449.0 256.0 440.0 301.0 411.0 296.0 420.0 250.0 Grasp 0
257.0 184.0 187.0 204.0 178.0 173.0 249.0 153.0 Grasp 0
359.0 318.0 330.0 287.0 352.0 266.0 381.0 298.0 Grasp 0
403.0 282.0 385.0 330.0 358.0 319.0 376.0 271.0 Grasp 0
189.0 229.0 179.0 219.0 202.0 197.0 212.0 208.0 Grasp 0
448.0 269.0 439.0 316.0 411.0 311.0 419.0 264.0 Grasp 0
293.0 292.0 278.0 317.0 253.0 302.0 268.0 277.0 Grasp 0
409.0 48.0 360.0 73.0 347.0 47.0 396.0 23.0 Grasp 0
376.0 125.0 354.0 127.0 352.0 98.0 374.0 96.0 Grasp 0
252.0 168.0 192.0 198.0 178.0 170.0 239.0 141.0 Grasp 0
204.0 220.0 185.0 215.0 194.0 185.0 212.0 191.0 Grasp 0
605.0 227.0 546.0 232.0 543.0 203.0 602.0 197.0 Grasp 0
369.0 322.0 342.0 292.0 364.0 272.0 391.0 301.0 Grasp 0
274.0 200.0 203.0 193.0 206.0 164.0 277.0 170.0 Grasp 0
446.0 307.0 422.0 269.0 447.0 253.0 471.0 291.0 Grasp 0
371.0 214.0 344.0 201.0 357.0 175.0 384.0 189.0 Grasp 0
282.0 244.0 201.0 267.0 193.0 240.0 274.0 217.0 Grasp 0
197.0 253.0 181.0 252.0 184.0 220.0 200.0 221.0 Grasp 0
625.0 205.0 562.0 199.0 565.0 169.0 627.0 175.0 Grasp 0
621.0 281.0 561.0 287.0 558.0 258.0 618.0 252.0 Grasp 0
382.0 66.0 365.0 71.0 357.0 44.0 374.0 39.0 Grasp 0
258.0 167.0 198.0 150.0 206.0 120.0 266.0 137.0 Grasp 0
381.0 149.0 351.0 152.0 348.0 120.0 378.0 117.0 Grasp 0
188.0 219.0 175.0 204.0 198.0 183.0 212.0 198.0 Grasp 0
306.0 339.0 306.0 324.0 339.0 324.0 339.0 339.0 Grasp 0
394.0 54.0 379.0 65.0 362.0 42.0 377.0 31.0 Grasp 0
365.0 167.0 340.0 154.0 352.0 129.0 378.0 142.0 Grasp 0
371.0 198.0 345.0 185.0 357.0 160.0 384.0 173.0 Grasp 0
252.0 203.0 181.0 223.0 173.0 194.0 244.0 174.0 Grasp 0
372.0 140.0 348.0 142.0 345.0 114.0 369.0 112.0 Grasp 0
347.0 335.0 328.0 304.0 353.0 288.0 373.0 320.0 Grasp 0
431.0 317.0 414.0 274.0 441.0 263.0 458.0 307.0 Grasp 0
377.0 179.0 349.0 176.0 352.0 148.0 379.0 151.0 Grasp 0
340.0 355.0 320.0 302.0 347.0 291.0 368.0 344.0 Grasp 0
373.0 114.0 357.0 116.0 355.0 88.0 371.0 86.0 Grasp 0
197.0 241.0 181.0 240.0 184.0 208.0 200.0 209.0 Grasp 0
364.0 75.0 346.0 70.0 354.0 43.0 372.0 48.0 Grasp 0
626.0 183.0 562.0 189.0 559.0 159.0 623.0 153.0 Grasp 0
387.0 311.0 349.0 282.0 366.0 259.0 404.0 288.0 Grasp 0
324.0 312.0 315.0 289.0 342.0 278.0 351.0 302.0 Grasp 0
267.0 150.0 211.0 166.0 203.0 138.0 259.0 122.0 Grasp 0
422.0 41.0 356.0 59.0 349.0 32.0 415.0 13.0 Grasp 0
258.0 172.0 196.0 166.0 199.0 136.0 261.0 142.0 Grasp 0
235.0 155.0 182.0 181.0 169.0 155.0 222.0 128.0 Grasp 0
623.0 221.0 560.0 216.0 563.0 186.0 626.0 192.0 Grasp 0
380.0 242.0 351.0 257.0 338.0 231.0 368.0 217.0 Grasp 0
383.0 56.0 316.0 37.0 324.0 9.0 391.0 28.0 Grasp 0
336.0 310.0 324.0 281.0 351.0 270.0 363.0 299.0 Grasp 0
386.0 218.0 361.0 236.0 344.0 213.0 369.0 195.0 Grasp 0
193.0 236.0 182.0 227.0 201.0 203.0 212.0 211.0 Grasp 0
622.0 260.0 561.0 265.0 559.0 236.0 619.0 230.0 Grasp 0
606.0 205.0 543.0 199.0 546.0 169.0 608.0 175.0 Grasp 0
630.0 274.0 570.0 304.0 557.0 277.0 617.0 247.0 Grasp 0
385.0 262.0 353.0 271.0 345.0 243.0 377.0 234.0 Grasp 0
448.0 293.0 427.0 258.0 451.0 243.0 473.0 278.0 Grasp 0
389.0 241.0 357.0 250.0 349.0 223.0 382.0 213.0 Grasp 0
207.0 332.0 190.0 319.0 208.0 295.0 224.0 308.0 Grasp 0
365.0 177.0 340.0 165.0 353.0 140.0 377.0 152.0 Grasp 0
458.0 271.0 450.0 315.0 422.0 310.0 430.0 265.0 Grasp 0
599.0 308.0 539.0 303.0 542.0 273.0 602.0 279.0 Grasp 0
599.0 282.0 537.0 276.0 540.0 247.0 602.0 252.0 Grasp 0
298.0 283.0 287.0 309.0 260.0 299.0 270.0 273.0 Grasp 0
365.0 188.0 340.0 175.0 352.0 150.0 378.0 162.0 Grasp 0
407.0 321.0 399.0 274.0 427.0 269.0 435.0 315.0 Grasp 0
308.0 343.0 308.0 283.0 337.0 283.0 337.0 343.0 Grasp 0
344.0 315.0 344.0 331.0 313.0 331.0 313.0 315.0 Grasp 0
