261.0 95.0 199.0 126.0 187.0 101.0 248.0 70.0 Grasp 0
569.0 198.0 488.0 175.0 496.0 147.0 577.0 170.0 Grasp 0
530.0 95.0 460.0 148.0 443.0 124.0 512.0 72.0 Grasp 0
576.0 140.0 501.0 177.0 489.0 151.0 563.0 114.0 Grasp 0
260.0 69.0 200.0 99.0 187.0 74.0 247.0 44.0 Grasp 0
546.0 100.0 494.0 156.0 473.0 137.0 524.0 80.0 Grasp 0
569.0 173.0 488.0 165.0 491.0 137.0 572.0 144.0 Grasp 0
532.0 292.0 429.0 282.0 432.0 253.0 535.0 263.0 Grasp 0
488.0 85.0 468.0 137.0 441.0 126.0 461.0 74.0 Grasp 0
393.0 285.0 317.0 343.0 300.0 320.0 376.0 262.0 Grasp 0
506.0 93.0 462.0 141.0 441.0 121.0 484.0 74.0 Grasp 0
249.0 68.0 205.0 72.0 203.0 44.0 247.0 40.0 Grasp 0
537.0 238.0 471.0 188.0 488.0 166.0 554.0 216.0 Grasp 0
387.0 310.0 314.0 331.0 306.0 303.0 379.0 283.0 Grasp 0
573.0 150.0 491.0 157.0 488.0 129.0 570.0 121.0 Grasp 0
524.0 313.0 424.0 284.0 432.0 257.0 531.0 285.0 Grasp 0
253.0 60.0 206.0 83.0 193.0 58.0 241.0 34.0 Grasp 0
387.0 274.0 308.0 313.0 295.0 288.0 374.0 248.0 Grasp 0
266.0 93.0 198.0 145.0 180.0 122.0 249.0 70.0 Grasp 0
526.0 91.0 489.0 149.0 465.0 134.0 501.0 76.0 Grasp 0
393.0 310.0 319.0 347.0 306.0 321.0 380.0 285.0 Grasp 0
261.0 82.0 199.0 113.0 186.0 88.0 249.0 57.0 Grasp 0
571.0 190.0 436.0 178.0 439.0 149.0 574.0 162.0 Grasp 0
550.0 103.0 514.0 162.0 489.0 147.0 525.0 88.0 Grasp 0
575.0 127.0 461.0 160.0 453.0 132.0 567.0 100.0 Grasp 0
533.0 97.0 511.0 152.0 484.0 142.0 505.0 86.0 Grasp 0
488.0 81.0 488.0 140.0 459.0 140.0 459.0 81.0 Grasp 0
551.0 223.0 481.0 188.0 494.0 162.0 564.0 197.0 Grasp 0
244.0 76.0 200.0 64.0 208.0 37.0 251.0 49.0 Grasp 0
387.0 331.0 310.0 338.0 307.0 310.0 384.0 303.0 Grasp 0
