505.0 184.0 441.0 202.0 432.0 172.0 497.0 154.0 Grasp 0
452.0 78.0 424.0 150.0 394.0 138.0 422.0 67.0 Grasp 0
633.0 109.0 572.0 139.0 558.0 112.0 620.0 81.0 Grasp 0
353.0 364.0 318.0 306.0 345.0 289.0 381.0 347.0 Grasp 0
493.0 166.0 419.0 172.0 416.0 141.0 490.0 134.0 Grasp 0
309.0 46.0 229.0 54.0 227.0 25.0 306.0 18.0 Grasp 0
303.0 71.0 225.0 78.0 222.0 50.0 300.0 43.0 Grasp 0
305.0 79.0 220.0 103.0 212.0 76.0 297.0 51.0 Grasp 0
521.0 202.0 477.0 235.0 458.0 210.0 502.0 177.0 Grasp 0
439.0 85.0 412.0 115.0 388.0 93.0 415.0 63.0 Grasp 0
452.0 64.0 452.0 197.0 420.0 197.0 420.0 64.0 Grasp 0
303.0 86.0 225.0 145.0 207.0 122.0 285.0 63.0 Grasp 0
642.0 156.0 590.0 171.0 581.0 142.0 634.0 127.0 Grasp 0
437.0 350.0 360.0 293.0 380.0 267.0 456.0 325.0 Grasp 0
413.0 281.0 382.0 361.0 352.0 349.0 382.0 270.0 Grasp 0
314.0 367.0 293.0 314.0 324.0 302.0 344.0 355.0 Grasp 0
508.0 188.0 454.0 215.0 440.0 186.0 494.0 159.0 Grasp 0
301.0 97.0 219.0 120.0 211.0 92.0 293.0 69.0 Grasp 0
446.0 81.0 415.0 131.0 388.0 114.0 419.0 65.0 Grasp 0
364.0 362.0 328.0 303.0 356.0 286.0 392.0 344.0 Grasp 0
576.0 289.0 455.0 229.0 469.0 201.0 590.0 261.0 Grasp 0
341.0 366.0 307.0 311.0 335.0 293.0 369.0 348.0 Grasp 0
570.0 193.0 570.0 275.0 540.0 275.0 540.0 193.0 Grasp 0
557.0 195.0 470.0 239.0 456.0 211.0 543.0 167.0 Grasp 0
566.0 197.0 554.0 263.0 524.0 258.0 536.0 191.0 Grasp 0
529.0 292.0 456.0 255.0 470.0 227.0 543.0 263.0 Grasp 0
493.0 167.0 390.0 138.0 399.0 107.0 502.0 136.0 Grasp 0
312.0 51.0 226.0 75.0 218.0 47.0 304.0 23.0 Grasp 0
571.0 199.0 474.0 248.0 460.0 220.0 557.0 171.0 Grasp 0
639.0 132.0 592.0 168.0 574.0 144.0 621.0 108.0 Grasp 0
