344.0 376.0 301.0 423.0 279.0 403.0 322.0 356.0 Grasp 0
317.0 233.0 293.0 235.0 290.0 201.0 314.0 199.0 Grasp 0
243.0 307.0 243.0 371.0 213.0 371.0 213.0 307.0 Grasp 0
323.0 363.0 273.0 400.0 255.0 377.0 305.0 339.0 Grasp 0
260.0 337.0 260.0 399.0 231.0 399.0 231.0 337.0 Grasp 0
355.0 273.0 343.0 292.0 315.0 274.0 327.0 255.0 Grasp 0
244.0 331.0 244.0 393.0 215.0 393.0 215.0 331.0 Grasp 0
334.0 259.0 314.0 270.0 298.0 239.0 319.0 229.0 Grasp 0
555.0 109.0 533.0 120.0 518.0 91.0 540.0 80.0 Grasp 0
264.0 385.0 253.0 323.0 282.0 318.0 293.0 380.0 Grasp 0
316.0 205.0 295.0 199.0 304.0 166.0 325.0 172.0 Grasp 0
553.0 153.0 530.0 170.0 511.0 145.0 534.0 128.0 Grasp 0
282.0 335.0 282.0 402.0 253.0 402.0 253.0 335.0 Grasp 0
265.0 313.0 265.0 377.0 235.0 377.0 235.0 313.0 Grasp 0
544.0 232.0 503.0 211.0 516.0 184.0 558.0 204.0 Grasp 0
280.0 397.0 269.0 337.0 298.0 331.0 309.0 392.0 Grasp 0
363.0 376.0 328.0 432.0 303.0 416.0 338.0 360.0 Grasp 0
423.0 285.0 410.0 265.0 438.0 248.0 450.0 268.0 Grasp 0
548.0 85.0 489.0 129.0 471.0 105.0 529.0 61.0 Grasp 0
564.0 283.0 491.0 338.0 473.0 314.0 546.0 259.0 Grasp 0
563.0 149.0 539.0 168.0 519.0 141.0 544.0 123.0 Grasp 0
254.0 316.0 254.0 379.0 224.0 379.0 224.0 316.0 Grasp 0
361.0 154.0 352.0 133.0 384.0 121.0 392.0 142.0 Grasp 0
558.0 282.0 482.0 320.0 469.0 292.0 544.0 255.0 Grasp 0
555.0 138.0 523.0 154.0 509.0 126.0 541.0 109.0 Grasp 0
563.0 162.0 559.0 141.0 589.0 135.0 593.0 156.0 Grasp 0
367.0 275.0 359.0 297.0 328.0 285.0 336.0 263.0 Grasp 0
247.0 400.0 235.0 334.0 264.0 328.0 277.0 395.0 Grasp 0
275.0 413.0 264.0 351.0 293.0 346.0 304.0 407.0 Grasp 0
319.0 195.0 299.0 185.0 314.0 155.0 334.0 165.0 Grasp 0
303.0 399.0 280.0 339.0 308.0 328.0 331.0 389.0 Grasp 0
277.0 315.0 277.0 379.0 247.0 379.0 247.0 315.0 Grasp 0
578.0 119.0 578.0 179.0 549.0 179.0 549.0 119.0 Grasp 0
233.0 164.0 158.0 185.0 150.0 157.0 225.0 136.0 Grasp 0
234.0 208.0 176.0 237.0 162.0 209.0 221.0 180.0 Grasp 0
328.0 253.0 307.0 263.0 292.0 232.0 313.0 222.0 Grasp 0
232.0 321.0 221.0 379.0 191.0 374.0 202.0 316.0 Grasp 0
330.0 172.0 315.0 156.0 339.0 135.0 353.0 150.0 Grasp 0
440.0 184.0 417.0 191.0 409.0 161.0 432.0 155.0 Grasp 0
315.0 402.0 290.0 338.0 318.0 327.0 343.0 392.0 Grasp 0
393.0 241.0 393.0 265.0 363.0 265.0 363.0 241.0 Grasp 0
238.0 330.0 227.0 390.0 198.0 385.0 209.0 324.0 Grasp 0
401.0 294.0 391.0 278.0 418.0 261.0 428.0 277.0 Grasp 0
541.0 207.0 506.0 190.0 520.0 162.0 555.0 179.0 Grasp 0
427.0 267.0 412.0 250.0 435.0 229.0 450.0 246.0 Grasp 0
