482.0 163.0 443.0 206.0 422.0 187.0 461.0 144.0 Grasp 0
459.0 148.0 433.0 191.0 409.0 176.0 435.0 133.0 Grasp 0
505.0 188.0 453.0 214.0 440.0 188.0 493.0 162.0 Grasp 0
297.0 104.0 253.0 71.0 271.0 47.0 314.0 80.0 Grasp 0
442.0 112.0 442.0 197.0 413.0 197.0 413.0 112.0 Grasp 0
255.0 84.0 220.0 141.0 195.0 125.0 230.0 69.0 Grasp 0
381.0 219.0 347.0 181.0 368.0 162.0 402.0 200.0 Grasp 0
498.0 173.0 446.0 212.0 429.0 190.0 480.0 151.0 Grasp 0
244.0 78.0 210.0 134.0 185.0 118.0 220.0 62.0 Grasp 0
301.0 182.0 223.0 190.0 220.0 160.0 298.0 153.0 Grasp 0
418.0 291.0 408.0 238.0 436.0 233.0 446.0 285.0 Grasp 0
425.0 239.0 425.0 303.0 397.0 303.0 397.0 239.0 Grasp 0
309.0 222.0 247.0 252.0 234.0 225.0 295.0 195.0 Grasp 0
303.0 122.0 212.0 148.0 204.0 120.0 295.0 95.0 Grasp 0
287.0 128.0 230.0 85.0 248.0 61.0 305.0 104.0 Grasp 0
255.0 355.0 190.0 305.0 207.0 283.0 273.0 332.0 Grasp 0
479.0 266.0 426.0 240.0 439.0 214.0 492.0 240.0 Grasp 0
451.0 143.0 424.0 186.0 400.0 172.0 427.0 128.0 Grasp 0
417.0 245.0 403.0 322.0 375.0 316.0 389.0 240.0 Grasp 0
304.0 207.0 214.0 199.0 216.0 169.0 307.0 178.0 Grasp 0
297.0 100.0 200.0 109.0 197.0 80.0 294.0 71.0 Grasp 0
467.0 142.0 444.0 199.0 418.0 189.0 440.0 131.0 Grasp 0
305.0 218.0 217.0 210.0 220.0 180.0 307.0 188.0 Grasp 0
432.0 109.0 432.0 191.0 403.0 191.0 403.0 109.0 Grasp 0
402.0 256.0 366.0 350.0 339.0 339.0 375.0 246.0 Grasp 0
306.0 229.0 219.0 221.0 222.0 191.0 309.0 199.0 Grasp 0
291.0 225.0 233.0 181.0 251.0 156.0 310.0 200.0 Grasp 0
299.0 151.0 212.0 159.0 209.0 130.0 296.0 122.0 Grasp 0
417.0 246.0 381.0 339.0 355.0 329.0 391.0 236.0 Grasp 0
298.0 118.0 206.0 126.0 203.0 98.0 295.0 89.0 Grasp 0
296.0 89.0 197.0 98.0 195.0 69.0 293.0 59.0 Grasp 0
239.0 79.0 207.0 114.0 185.0 94.0 217.0 59.0 Grasp 0
300.0 168.0 217.0 175.0 214.0 146.0 297.0 138.0 Grasp 0
372.0 242.0 335.0 182.0 359.0 167.0 396.0 227.0 Grasp 0
