494.0 276.0 443.0 359.0 417.0 344.0 469.0 260.0 Grasp 0
501.0 186.0 444.0 157.0 457.0 130.0 514.0 158.0 Grasp 0
489.0 233.0 425.0 227.0 428.0 197.0 492.0 202.0 Grasp 0
319.0 100.0 259.0 83.0 267.0 55.0 327.0 72.0 Grasp 0
341.0 51.0 276.0 32.0 284.0 4.0 349.0 22.0 Grasp 0
489.0 279.0 416.0 258.0 425.0 229.0 497.0 250.0 Grasp 0
331.0 66.0 274.0 50.0 282.0 21.0 339.0 38.0 Grasp 0
314.0 243.0 280.0 329.0 253.0 318.0 286.0 232.0 Grasp 0
507.0 186.0 437.0 179.0 440.0 150.0 510.0 156.0 Grasp 0
282.0 229.0 230.0 312.0 205.0 297.0 257.0 214.0 Grasp 0
313.0 108.0 256.0 91.0 264.0 63.0 321.0 79.0 Grasp 0
363.0 259.0 346.0 350.0 317.0 344.0 334.0 254.0 Grasp 0
489.0 254.0 416.0 261.0 414.0 230.0 486.0 224.0 Grasp 0
378.0 277.0 349.0 351.0 322.0 340.0 350.0 266.0 Grasp 0
479.0 321.0 405.0 284.0 418.0 257.0 493.0 294.0 Grasp 0
484.0 302.0 411.0 281.0 419.0 252.0 492.0 273.0 Grasp 0
484.0 279.0 418.0 285.0 415.0 255.0 481.0 249.0 Grasp 0
287.0 230.0 253.0 319.0 225.0 308.0 260.0 219.0 Grasp 0
473.0 342.0 398.0 286.0 416.0 262.0 491.0 318.0 Grasp 0
287.0 142.0 244.0 110.0 262.0 86.0 304.0 118.0 Grasp 0
269.0 203.0 213.0 219.0 205.0 192.0 261.0 176.0 Grasp 0
486.0 227.0 428.0 211.0 436.0 181.0 494.0 198.0 Grasp 0
302.0 237.0 268.0 325.0 240.0 314.0 274.0 226.0 Grasp 0
491.0 208.0 432.0 179.0 446.0 152.0 504.0 181.0 Grasp 0
485.0 249.0 421.0 243.0 424.0 213.0 487.0 219.0 Grasp 0
356.0 258.0 323.0 344.0 296.0 333.0 329.0 247.0 Grasp 0
318.0 80.0 270.0 55.0 283.0 29.0 331.0 53.0 Grasp 0
387.0 268.0 371.0 351.0 343.0 345.0 358.0 263.0 Grasp 0
484.0 230.0 424.0 185.0 443.0 161.0 502.0 205.0 Grasp 0
496.0 293.0 412.0 356.0 394.0 332.0 478.0 268.0 Grasp 0
478.0 325.0 404.0 304.0 412.0 275.0 486.0 296.0 Grasp 0
327.0 252.0 295.0 333.0 268.0 322.0 299.0 241.0 Grasp 0
338.0 248.0 320.0 342.0 291.0 337.0 309.0 242.0 Grasp 0
296.0 137.0 245.0 123.0 253.0 95.0 304.0 109.0 Grasp 0
313.0 89.0 268.0 67.0 281.0 40.0 326.0 63.0 Grasp 0
489.0 215.0 433.0 199.0 441.0 170.0 497.0 186.0 Grasp 0
462.0 360.0 396.0 288.0 418.0 268.0 484.0 340.0 Grasp 0
486.0 265.0 421.0 246.0 429.0 217.0 495.0 235.0 Grasp 0
372.0 277.0 311.0 344.0 289.0 324.0 350.0 257.0 Grasp 0
302.0 122.0 247.0 106.0 255.0 78.0 310.0 94.0 Grasp 0
266.0 172.0 237.0 158.0 250.0 132.0 278.0 146.0 Grasp 0
300.0 161.0 236.0 167.0 233.0 138.0 297.0 132.0 Grasp 0
481.0 316.0 406.0 259.0 424.0 235.0 499.0 292.0 Grasp 0
397.0 285.0 384.0 355.0 355.0 349.0 368.0 280.0 Grasp 0
323.0 73.0 268.0 32.0 286.0 8.0 340.0 49.0 Grasp 0
488.0 292.0 413.0 270.0 422.0 241.0 497.0 263.0 Grasp 0
377.0 288.0 324.0 347.0 302.0 327.0 356.0 268.0 Grasp 0
512.0 168.0 445.0 187.0 437.0 159.0 503.0 140.0 Grasp 0
