458.0 310.0 446.0 342.0 420.0 332.0 432.0 300.0 Grasp 0
333.0 352.0 269.0 282.0 291.0 263.0 354.0 332.0 Grasp 0
447.0 304.0 402.0 353.0 381.0 334.0 426.0 285.0 Grasp 0
277.0 240.0 196.0 179.0 213.0 156.0 294.0 217.0 Grasp 0
283.0 283.0 253.0 332.0 228.0 317.0 258.0 268.0 Grasp 0
412.0 48.0 412.0 128.0 382.0 128.0 382.0 48.0 Grasp 0
273.0 290.0 242.0 324.0 220.0 305.0 252.0 270.0 Grasp 0
383.0 136.0 348.0 45.0 376.0 34.0 411.0 125.0 Grasp 0
397.0 132.0 365.0 49.0 392.0 39.0 424.0 121.0 Grasp 0
247.0 61.0 247.0 138.0 218.0 138.0 218.0 61.0 Grasp 0
453.0 306.0 425.0 351.0 401.0 336.0 428.0 291.0 Grasp 0
434.0 303.0 389.0 352.0 368.0 332.0 412.0 284.0 Grasp 0
246.0 246.0 201.0 173.0 225.0 158.0 270.0 231.0 Grasp 0
299.0 347.0 224.0 290.0 241.0 267.0 316.0 324.0 Grasp 0
300.0 345.0 261.0 281.0 285.0 266.0 324.0 329.0 Grasp 0
270.0 56.0 236.0 144.0 208.0 134.0 242.0 45.0 Grasp 0
278.0 338.0 256.0 281.0 283.0 270.0 305.0 328.0 Grasp 0
426.0 307.0 364.0 353.0 347.0 330.0 409.0 284.0 Grasp 0
286.0 281.0 286.0 326.0 256.0 326.0 256.0 281.0 Grasp 0
344.0 353.0 281.0 283.0 303.0 264.0 366.0 333.0 Grasp 0
