238.0 351.0 180.0 322.0 193.0 297.0 251.0 326.0 Grasp 0
556.0 148.0 494.0 248.0 463.0 229.0 525.0 129.0 Grasp 0
364.0 384.0 310.0 389.0 307.0 360.0 361.0 355.0 Grasp 0
535.0 137.0 457.0 196.0 435.0 167.0 513.0 108.0 Grasp 0
510.0 94.0 455.0 182.0 424.0 163.0 478.0 75.0 Grasp 0
519.0 116.0 456.0 186.0 429.0 161.0 492.0 91.0 Grasp 0
509.0 102.0 359.0 144.0 349.0 109.0 499.0 66.0 Grasp 0
617.0 171.0 547.0 93.0 570.0 72.0 641.0 150.0 Grasp 0
585.0 197.0 543.0 130.0 570.0 114.0 611.0 181.0 Grasp 0
239.0 350.0 169.0 297.0 186.0 274.0 256.0 327.0 Grasp 0
