532.0 348.0 485.0 334.0 493.0 305.0 541.0 318.0 Grasp 0
383.0 336.0 374.0 351.0 349.0 335.0 358.0 320.0 Grasp 0
279.0 211.0 208.0 204.0 210.0 174.0 282.0 181.0 Grasp 0
271.0 107.0 239.0 110.0 236.0 82.0 269.0 79.0 Grasp 0
259.0 211.0 183.0 204.0 186.0 174.0 262.0 181.0 Grasp 0
552.0 337.0 501.0 333.0 504.0 303.0 555.0 308.0 Grasp 0
282.0 330.0 253.0 338.0 245.0 308.0 274.0 300.0 Grasp 0
265.0 211.0 199.0 178.0 213.0 151.0 278.0 184.0 Grasp 0
545.0 331.0 497.0 318.0 505.0 288.0 554.0 302.0 Grasp 0
458.0 93.0 400.0 49.0 421.0 23.0 478.0 67.0 Grasp 0
448.0 130.0 390.0 113.0 398.0 85.0 456.0 102.0 Grasp 0
285.0 158.0 240.0 154.0 243.0 125.0 288.0 129.0 Grasp 0
492.0 71.0 416.0 50.0 424.0 21.0 501.0 43.0 Grasp 0
263.0 231.0 207.0 189.0 225.0 164.0 281.0 207.0 Grasp 0
227.0 30.0 176.0 55.0 163.0 30.0 214.0 5.0 Grasp 0
299.0 55.0 275.0 37.0 292.0 14.0 316.0 33.0 Grasp 0
257.0 176.0 195.0 222.0 177.0 198.0 239.0 152.0 Grasp 0
289.0 359.0 258.0 368.0 250.0 337.0 281.0 328.0 Grasp 0
462.0 117.0 404.0 101.0 412.0 72.0 470.0 89.0 Grasp 0
284.0 321.0 255.0 329.0 247.0 300.0 275.0 291.0 Grasp 0
454.0 111.0 401.0 71.0 418.0 47.0 472.0 88.0 Grasp 0
388.0 350.0 377.0 363.0 355.0 343.0 366.0 330.0 Grasp 0
449.0 140.0 386.0 134.0 389.0 105.0 452.0 110.0 Grasp 0
289.0 72.0 271.0 52.0 292.0 33.0 310.0 53.0 Grasp 0
349.0 268.0 346.0 287.0 317.0 281.0 320.0 263.0 Grasp 0
392.0 362.0 375.0 370.0 362.0 344.0 379.0 336.0 Grasp 0
538.0 320.0 490.0 306.0 498.0 277.0 546.0 290.0 Grasp 0
533.0 336.0 484.0 322.0 492.0 293.0 541.0 307.0 Grasp 0
366.0 299.0 360.0 316.0 333.0 305.0 339.0 289.0 Grasp 0
234.0 54.0 196.0 96.0 175.0 76.0 213.0 35.0 Grasp 0
448.0 125.0 398.0 88.0 416.0 64.0 466.0 102.0 Grasp 0
262.0 215.0 186.0 222.0 183.0 192.0 259.0 185.0 Grasp 0
283.0 189.0 253.0 174.0 266.0 148.0 296.0 163.0 Grasp 0
378.0 321.0 371.0 338.0 344.0 327.0 350.0 311.0 Grasp 0
240.0 33.0 211.0 79.0 186.0 64.0 215.0 18.0 Grasp 0
218.0 358.0 184.0 332.0 201.0 309.0 235.0 334.0 Grasp 0
290.0 47.0 264.0 27.0 281.0 4.0 307.0 24.0 Grasp 0
462.0 159.0 431.0 194.0 409.0 174.0 441.0 139.0 Grasp 0
288.0 327.0 190.0 318.0 193.0 289.0 291.0 298.0 Grasp 0
286.0 342.0 255.0 350.0 247.0 320.0 277.0 311.0 Grasp 0
294.0 83.0 276.0 63.0 297.0 44.0 315.0 64.0 Grasp 0
288.0 276.0 254.0 331.0 227.0 314.0 261.0 260.0 Grasp 0
511.0 60.0 428.0 37.0 436.0 9.0 519.0 32.0 Grasp 0
260.0 196.0 187.0 217.0 179.0 188.0 252.0 168.0 Grasp 0
284.0 307.0 189.0 315.0 187.0 286.0 282.0 277.0 Grasp 0
295.0 270.0 218.0 278.0 215.0 248.0 292.0 240.0 Grasp 0
288.0 326.0 187.0 355.0 178.0 326.0 280.0 297.0 Grasp 0
258.0 187.0 189.0 194.0 186.0 164.0 255.0 157.0 Grasp 0
224.0 24.0 185.0 67.0 164.0 48.0 203.0 5.0 Grasp 0
243.0 37.0 223.0 90.0 195.0 79.0 216.0 26.0 Grasp 0
477.0 76.0 412.0 27.0 430.0 4.0 495.0 52.0 Grasp 0
621.0 236.0 527.0 209.0 536.0 179.0 630.0 206.0 Grasp 0
355.0 275.0 352.0 291.0 323.0 286.0 326.0 270.0 Grasp 0
296.0 259.0 217.0 266.0 215.0 237.0 294.0 229.0 Grasp 0
