254.0 347.0 207.0 324.0 219.0 298.0 266.0 321.0 Grasp 0
411.0 287.0 382.0 361.0 354.0 351.0 383.0 277.0 Grasp 0
459.0 139.0 405.0 99.0 423.0 75.0 477.0 116.0 Grasp 0
307.0 304.0 299.0 261.0 327.0 256.0 335.0 299.0 Grasp 0
416.0 297.0 386.0 372.0 359.0 362.0 388.0 286.0 Grasp 0
443.0 172.0 395.0 135.0 412.0 112.0 460.0 149.0 Grasp 0
461.0 152.0 436.0 133.0 453.0 110.0 478.0 129.0 Grasp 0
429.0 208.0 380.0 171.0 398.0 148.0 447.0 184.0 Grasp 0
413.0 218.0 365.0 182.0 383.0 159.0 430.0 195.0 Grasp 0
263.0 232.0 189.0 239.0 186.0 209.0 260.0 202.0 Grasp 0
435.0 192.0 386.0 154.0 403.0 131.0 453.0 169.0 Grasp 0
447.0 155.0 395.0 115.0 413.0 92.0 465.0 132.0 Grasp 0
487.0 295.0 473.0 371.0 444.0 365.0 458.0 290.0 Grasp 0
426.0 176.0 374.0 137.0 391.0 113.0 444.0 153.0 Grasp 0
469.0 130.0 417.0 91.0 434.0 67.0 486.0 107.0 Grasp 0
277.0 211.0 208.0 245.0 195.0 219.0 264.0 185.0 Grasp 0
460.0 140.0 441.0 126.0 459.0 102.0 478.0 117.0 Grasp 0
419.0 186.0 369.0 149.0 387.0 126.0 436.0 163.0 Grasp 0
372.0 246.0 324.0 222.0 337.0 196.0 385.0 220.0 Grasp 0
498.0 294.0 484.0 372.0 454.0 367.0 469.0 288.0 Grasp 0
420.0 287.0 406.0 366.0 377.0 361.0 391.0 282.0 Grasp 0
436.0 274.0 436.0 355.0 406.0 355.0 406.0 274.0 Grasp 0
259.0 213.0 184.0 234.0 176.0 206.0 251.0 185.0 Grasp 0
462.0 279.0 462.0 358.0 433.0 358.0 433.0 279.0 Grasp 0
406.0 237.0 349.0 221.0 357.0 193.0 414.0 209.0 Grasp 0
475.0 348.0 448.0 279.0 475.0 268.0 502.0 337.0 Grasp 0
460.0 151.0 410.0 113.0 427.0 91.0 477.0 129.0 Grasp 0
372.0 237.0 330.0 206.0 347.0 182.0 390.0 214.0 Grasp 0
278.0 222.0 202.0 215.0 205.0 186.0 281.0 193.0 Grasp 0
412.0 236.0 359.0 210.0 372.0 184.0 425.0 210.0 Grasp 0
446.0 286.0 446.0 362.0 417.0 362.0 417.0 286.0 Grasp 0
423.0 225.0 371.0 199.0 384.0 173.0 436.0 199.0 Grasp 0
444.0 127.0 431.0 113.0 452.0 94.0 466.0 108.0 Grasp 0
465.0 351.0 435.0 275.0 463.0 264.0 492.0 340.0 Grasp 0
383.0 259.0 329.0 243.0 337.0 215.0 391.0 231.0 Grasp 0
395.0 244.0 339.0 228.0 347.0 200.0 403.0 216.0 Grasp 0
405.0 201.0 360.0 167.0 377.0 144.0 422.0 178.0 Grasp 0
271.0 235.0 199.0 256.0 191.0 228.0 263.0 207.0 Grasp 0
462.0 122.0 444.0 113.0 456.0 88.0 475.0 97.0 Grasp 0
395.0 212.0 350.0 178.0 368.0 155.0 412.0 188.0 Grasp 0
446.0 165.0 416.0 142.0 434.0 118.0 465.0 141.0 Grasp 0
275.0 205.0 199.0 212.0 196.0 182.0 272.0 175.0 Grasp 0
406.0 220.0 355.0 194.0 368.0 168.0 419.0 194.0 Grasp 0
447.0 191.0 398.0 154.0 415.0 130.0 464.0 167.0 Grasp 0
395.0 248.0 343.0 243.0 346.0 215.0 397.0 220.0 Grasp 0
392.0 226.0 337.0 198.0 350.0 172.0 405.0 199.0 Grasp 0
492.0 131.0 430.0 100.0 443.0 74.0 505.0 105.0 Grasp 0
480.0 101.0 460.0 91.0 474.0 63.0 494.0 73.0 Grasp 0
468.0 153.0 449.0 139.0 467.0 116.0 486.0 130.0 Grasp 0
450.0 108.0 439.0 97.0 461.0 77.0 472.0 88.0 Grasp 0
492.0 116.0 471.0 106.0 486.0 78.0 506.0 88.0 Grasp 0
453.0 138.0 433.0 122.0 450.0 99.0 470.0 114.0 Grasp 0
455.0 118.0 437.0 109.0 450.0 83.0 468.0 92.0 Grasp 0
447.0 173.0 418.0 151.0 435.0 128.0 464.0 150.0 Grasp 0
269.0 348.0 222.0 325.0 235.0 299.0 282.0 322.0 Grasp 0
436.0 160.0 385.0 121.0 402.0 98.0 454.0 137.0 Grasp 0
464.0 131.0 448.0 119.0 465.0 96.0 481.0 108.0 Grasp 0
475.0 132.0 451.0 114.0 470.0 88.0 494.0 107.0 Grasp 0
305.0 290.0 296.0 243.0 324.0 238.0 333.0 285.0 Grasp 0
428.0 218.0 381.0 182.0 398.0 159.0 445.0 195.0 Grasp 0
286.0 226.0 210.0 233.0 208.0 204.0 284.0 197.0 Grasp 0
425.0 272.0 425.0 355.0 395.0 355.0 395.0 272.0 Grasp 0
481.0 117.0 414.0 110.0 417.0 82.0 484.0 88.0 Grasp 0
453.0 158.0 429.0 140.0 447.0 116.0 471.0 134.0 Grasp 0
