567.0 196.0 528.0 238.0 506.0 219.0 545.0 176.0 Grasp 0
541.0 157.0 486.0 217.0 464.0 197.0 519.0 137.0 Grasp 0
533.0 137.0 499.0 223.0 472.0 213.0 505.0 126.0 Grasp 0
414.0 210.0 326.0 144.0 344.0 120.0 432.0 186.0 Grasp 0
548.0 158.0 505.0 227.0 480.0 211.0 523.0 142.0 Grasp 0
492.0 101.0 458.0 189.0 430.0 179.0 464.0 91.0 Grasp 0
583.0 212.0 549.0 249.0 528.0 230.0 561.0 193.0 Grasp 0
522.0 127.0 488.0 215.0 461.0 204.0 495.0 117.0 Grasp 0
511.0 117.0 477.0 205.0 450.0 194.0 484.0 107.0 Grasp 0
593.0 218.0 568.0 258.0 543.0 243.0 568.0 203.0 Grasp 0
561.0 161.0 533.0 233.0 506.0 222.0 534.0 150.0 Grasp 0
257.0 235.0 228.0 162.0 255.0 152.0 283.0 225.0 Grasp 0
408.0 218.0 321.0 153.0 339.0 129.0 426.0 195.0 Grasp 0
572.0 170.0 545.0 241.0 518.0 230.0 545.0 159.0 Grasp 0
562.0 193.0 465.0 221.0 457.0 192.0 554.0 165.0 Grasp 0
554.0 178.0 479.0 215.0 466.0 189.0 541.0 151.0 Grasp 0
574.0 197.0 545.0 243.0 520.0 228.0 549.0 181.0 Grasp 0
