234.0 181.0 212.0 198.0 194.0 174.0 217.0 157.0 Grasp 0
475.0 353.0 414.0 336.0 422.0 307.0 483.0 325.0 Grasp 0
555.0 213.0 485.0 193.0 493.0 165.0 563.0 185.0 Grasp 0
246.0 213.0 224.0 230.0 206.0 207.0 229.0 190.0 Grasp 0
533.0 118.0 474.0 148.0 462.0 122.0 520.0 93.0 Grasp 0
463.0 298.0 403.0 281.0 411.0 252.0 471.0 269.0 Grasp 0
530.0 156.0 465.0 175.0 457.0 147.0 523.0 129.0 Grasp 0
549.0 152.0 481.0 159.0 478.0 130.0 546.0 124.0 Grasp 0
473.0 326.0 410.0 320.0 413.0 290.0 476.0 296.0 Grasp 0
553.0 191.0 482.0 184.0 485.0 155.0 556.0 162.0 Grasp 0
542.0 120.0 479.0 126.0 476.0 97.0 539.0 92.0 Grasp 0
547.0 137.0 481.0 143.0 478.0 115.0 544.0 109.0 Grasp 0
461.0 331.0 398.0 325.0 401.0 296.0 464.0 301.0 Grasp 0
240.0 238.0 225.0 262.0 200.0 246.0 215.0 223.0 Grasp 0
558.0 125.0 495.0 131.0 492.0 102.0 556.0 97.0 Grasp 0
279.0 247.0 262.0 220.0 288.0 204.0 304.0 231.0 Grasp 0
291.0 280.0 203.0 255.0 211.0 226.0 299.0 251.0 Grasp 0
238.0 249.0 223.0 273.0 198.0 257.0 213.0 234.0 Grasp 0
525.0 139.0 461.0 157.0 453.0 129.0 517.0 111.0 Grasp 0
460.0 353.0 398.0 347.0 400.0 317.0 463.0 323.0 Grasp 0
480.0 375.0 418.0 358.0 426.0 329.0 488.0 347.0 Grasp 0
275.0 281.0 184.0 273.0 186.0 244.0 278.0 252.0 Grasp 0
225.0 167.0 201.0 174.0 193.0 146.0 217.0 139.0 Grasp 0
552.0 167.0 482.0 174.0 480.0 145.0 549.0 139.0 Grasp 0
463.0 309.0 403.0 292.0 411.0 263.0 471.0 280.0 Grasp 0
594.0 326.0 530.0 375.0 513.0 351.0 576.0 303.0 Grasp 0
319.0 214.0 297.0 197.0 314.0 173.0 337.0 191.0 Grasp 0
324.0 203.0 302.0 186.0 320.0 162.0 342.0 179.0 Grasp 0
572.0 173.0 502.0 180.0 500.0 151.0 569.0 145.0 Grasp 0
260.0 281.0 254.0 252.0 283.0 247.0 288.0 275.0 Grasp 0
475.0 364.0 413.0 346.0 421.0 318.0 483.0 335.0 Grasp 0
305.0 225.0 286.0 204.0 307.0 184.0 327.0 206.0 Grasp 0
589.0 311.0 525.0 358.0 508.0 335.0 571.0 287.0 Grasp 0
238.0 191.0 215.0 209.0 197.0 186.0 221.0 168.0 Grasp 0
572.0 156.0 507.0 175.0 499.0 147.0 564.0 128.0 Grasp 0
291.0 230.0 275.0 205.0 300.0 190.0 315.0 215.0 Grasp 0
467.0 364.0 404.0 358.0 407.0 329.0 470.0 334.0 Grasp 0
262.0 271.0 256.0 241.0 285.0 236.0 291.0 265.0 Grasp 0
296.0 300.0 212.0 324.0 204.0 295.0 288.0 271.0 Grasp 0
592.0 341.0 517.0 362.0 510.0 335.0 584.0 313.0 Grasp 0
540.0 140.0 478.0 157.0 470.0 130.0 532.0 112.0 Grasp 0
451.0 306.0 401.0 268.0 419.0 244.0 469.0 282.0 Grasp 0
452.0 362.0 401.0 307.0 423.0 287.0 473.0 342.0 Grasp 0
571.0 196.0 500.0 189.0 502.0 160.0 573.0 167.0 Grasp 0
459.0 346.0 402.0 318.0 415.0 291.0 472.0 320.0 Grasp 0
462.0 342.0 398.0 336.0 401.0 307.0 464.0 313.0 Grasp 0
270.0 285.0 260.0 258.0 287.0 248.0 298.0 274.0 Grasp 0
