524.0 231.0 435.0 257.0 427.0 228.0 516.0 203.0 Grasp 0
437.0 118.0 382.0 77.0 399.0 54.0 454.0 95.0 Grasp 0
427.0 97.0 389.0 78.0 401.0 52.0 439.0 71.0 Grasp 0
429.0 75.0 401.0 61.0 414.0 36.0 441.0 49.0 Grasp 0
347.0 309.0 262.0 301.0 264.0 272.0 350.0 280.0 Grasp 0
326.0 244.0 309.0 332.0 281.0 327.0 298.0 239.0 Grasp 0
338.0 294.0 314.0 232.0 341.0 222.0 365.0 284.0 Grasp 0
342.0 222.0 342.0 312.0 313.0 312.0 313.0 222.0 Grasp 0
448.0 119.0 362.0 183.0 345.0 160.0 430.0 96.0 Grasp 0
284.0 175.0 191.0 184.0 188.0 154.0 281.0 146.0 Grasp 0
320.0 174.0 290.0 97.0 316.0 87.0 346.0 164.0 Grasp 0
281.0 205.0 189.0 197.0 192.0 168.0 284.0 176.0 Grasp 0
527.0 268.0 436.0 277.0 434.0 248.0 524.0 239.0 Grasp 0
287.0 208.0 204.0 250.0 191.0 223.0 274.0 182.0 Grasp 0
532.0 284.0 447.0 308.0 439.0 280.0 524.0 256.0 Grasp 0
282.0 224.0 194.0 232.0 191.0 203.0 279.0 195.0 Grasp 0
534.0 324.0 450.0 332.0 447.0 303.0 532.0 295.0 Grasp 0
533.0 305.0 444.0 313.0 441.0 284.0 530.0 276.0 Grasp 0
363.0 274.0 327.0 235.0 349.0 216.0 384.0 255.0 Grasp 0
276.0 186.0 184.0 140.0 198.0 114.0 289.0 159.0 Grasp 0
343.0 290.0 329.0 214.0 357.0 209.0 371.0 285.0 Grasp 0
533.0 314.0 449.0 322.0 446.0 293.0 530.0 285.0 Grasp 0
535.0 337.0 452.0 345.0 449.0 316.0 533.0 308.0 Grasp 0
319.0 321.0 261.0 304.0 269.0 277.0 327.0 293.0 Grasp 0
427.0 87.0 394.0 71.0 406.0 45.0 439.0 62.0 Grasp 0
308.0 317.0 294.0 243.0 323.0 238.0 337.0 312.0 Grasp 0
375.0 265.0 344.0 214.0 369.0 199.0 400.0 250.0 Grasp 0
270.0 249.0 187.0 208.0 200.0 182.0 283.0 223.0 Grasp 0
324.0 304.0 300.0 243.0 327.0 233.0 351.0 294.0 Grasp 0
284.0 186.0 191.0 195.0 188.0 165.0 281.0 156.0 Grasp 0
284.0 159.0 191.0 167.0 188.0 138.0 281.0 129.0 Grasp 0
543.0 316.0 463.0 356.0 450.0 330.0 530.0 290.0 Grasp 0
313.0 185.0 284.0 109.0 310.0 98.0 340.0 175.0 Grasp 0
529.0 278.0 439.0 286.0 436.0 257.0 526.0 249.0 Grasp 0
284.0 213.0 192.0 222.0 189.0 192.0 282.0 184.0 Grasp 0
283.0 127.0 199.0 168.0 186.0 142.0 270.0 100.0 Grasp 0
525.0 252.0 433.0 260.0 431.0 231.0 522.0 223.0 Grasp 0
525.0 194.0 438.0 260.0 420.0 236.0 507.0 170.0 Grasp 0
373.0 267.0 337.0 227.0 358.0 208.0 394.0 247.0 Grasp 0
521.0 221.0 434.0 246.0 426.0 218.0 513.0 193.0 Grasp 0
522.0 183.0 435.0 248.0 417.0 225.0 504.0 159.0 Grasp 0
353.0 214.0 353.0 303.0 324.0 303.0 324.0 214.0 Grasp 0
322.0 169.0 303.0 66.0 330.0 61.0 350.0 164.0 Grasp 0
