455.0 318.0 433.0 354.0 407.0 338.0 429.0 302.0 Grasp 0
500.0 315.0 455.0 365.0 432.0 344.0 477.0 294.0 Grasp 0
382.0 205.0 321.0 138.0 344.0 117.0 405.0 184.0 Grasp 0
331.0 387.0 283.0 373.0 291.0 344.0 340.0 358.0 Grasp 0
451.0 302.0 436.0 343.0 407.0 332.0 422.0 291.0 Grasp 0
404.0 181.0 345.0 117.0 368.0 96.0 427.0 160.0 Grasp 0
543.0 296.0 526.0 339.0 499.0 328.0 516.0 285.0 Grasp 0
428.0 301.0 405.0 338.0 378.0 322.0 401.0 284.0 Grasp 0
398.0 193.0 339.0 128.0 362.0 107.0 421.0 172.0 Grasp 0
555.0 311.0 532.0 349.0 507.0 334.0 530.0 296.0 Grasp 0
313.0 393.0 274.0 374.0 287.0 347.0 326.0 366.0 Grasp 0
418.0 172.0 359.0 107.0 381.0 86.0 441.0 152.0 Grasp 0
310.0 380.0 265.0 357.0 278.0 330.0 324.0 352.0 Grasp 0
471.0 149.0 412.0 84.0 434.0 63.0 494.0 129.0 Grasp 0
530.0 296.0 514.0 337.0 487.0 327.0 503.0 286.0 Grasp 0
501.0 108.0 442.0 43.0 464.0 23.0 523.0 88.0 Grasp 0
335.0 382.0 285.0 357.0 298.0 329.0 349.0 354.0 Grasp 0
458.0 151.0 399.0 86.0 421.0 65.0 481.0 131.0 Grasp 0
504.0 328.0 479.0 264.0 506.0 254.0 531.0 318.0 Grasp 0
505.0 93.0 446.0 28.0 468.0 8.0 527.0 73.0 Grasp 0
535.0 312.0 511.0 350.0 487.0 334.0 510.0 296.0 Grasp 0
407.0 274.0 380.0 346.0 349.0 334.0 376.0 262.0 Grasp 0
430.0 166.0 372.0 103.0 395.0 82.0 452.0 145.0 Grasp 0
475.0 135.0 415.0 69.0 437.0 49.0 497.0 114.0 Grasp 0
517.0 94.0 456.0 27.0 478.0 7.0 539.0 74.0 Grasp 0
424.0 250.0 410.0 325.0 378.0 319.0 392.0 244.0 Grasp 0
448.0 156.0 388.0 91.0 410.0 70.0 470.0 136.0 Grasp 0
513.0 275.0 513.0 348.0 485.0 348.0 485.0 275.0 Grasp 0
465.0 316.0 449.0 356.0 420.0 345.0 436.0 304.0 Grasp 0
485.0 108.0 426.0 43.0 448.0 23.0 507.0 88.0 Grasp 0
479.0 122.0 422.0 60.0 444.0 39.0 501.0 102.0 Grasp 0
459.0 298.0 444.0 338.0 415.0 326.0 431.0 287.0 Grasp 0
435.0 298.0 421.0 335.0 392.0 324.0 406.0 287.0 Grasp 0
481.0 304.0 457.0 365.0 428.0 353.0 452.0 293.0 Grasp 0
528.0 88.0 468.0 22.0 490.0 2.0 550.0 68.0 Grasp 0
