250.0 119.0 214.0 109.0 223.0 79.0 259.0 89.0 Grasp 0
374.0 157.0 358.0 244.0 323.0 237.0 340.0 150.0 Grasp 0
573.0 118.0 524.0 38.0 549.0 23.0 598.0 102.0 Grasp 0
471.0 364.0 408.0 396.0 393.0 366.0 456.0 335.0 Grasp 0
308.0 266.0 290.0 174.0 325.0 167.0 342.0 260.0 Grasp 0
228.0 126.0 193.0 122.0 196.0 89.0 231.0 93.0 Grasp 0
218.0 156.0 183.0 159.0 180.0 127.0 215.0 124.0 Grasp 0
475.0 181.0 424.0 99.0 450.0 83.0 501.0 165.0 Grasp 0
249.0 116.0 231.0 86.0 257.0 70.0 276.0 100.0 Grasp 0
391.0 203.0 360.0 282.0 329.0 270.0 360.0 191.0 Grasp 0
269.0 343.0 225.0 321.0 240.0 291.0 284.0 313.0 Grasp 0
232.0 142.0 198.0 139.0 201.0 107.0 235.0 110.0 Grasp 0
549.0 133.0 484.0 61.0 506.0 41.0 571.0 113.0 Grasp 0
374.0 181.0 357.0 272.0 323.0 265.0 340.0 175.0 Grasp 0
211.0 144.0 176.0 134.0 185.0 103.0 219.0 113.0 Grasp 0
235.0 389.0 174.0 359.0 189.0 330.0 249.0 360.0 Grasp 0
209.0 384.0 195.0 308.0 227.0 302.0 242.0 378.0 Grasp 0
212.0 38.0 201.0 56.0 176.0 41.0 187.0 22.0 Grasp 0
206.0 31.0 193.0 46.0 171.0 26.0 185.0 12.0 Grasp 0
200.0 166.0 169.0 169.0 166.0 137.0 197.0 134.0 Grasp 0
302.0 296.0 286.0 208.0 318.0 202.0 335.0 290.0 Grasp 0
413.0 207.0 366.0 284.0 336.0 266.0 384.0 188.0 Grasp 0
532.0 145.0 466.0 73.0 488.0 53.0 554.0 125.0 Grasp 0
280.0 313.0 241.0 270.0 266.0 247.0 305.0 290.0 Grasp 0
224.0 379.0 175.0 325.0 200.0 303.0 249.0 357.0 Grasp 0
238.0 125.0 205.0 122.0 208.0 91.0 241.0 94.0 Grasp 0
298.0 268.0 264.0 179.0 296.0 166.0 330.0 255.0 Grasp 0
282.0 286.0 224.0 222.0 249.0 199.0 308.0 263.0 Grasp 0
346.0 170.0 346.0 253.0 312.0 253.0 312.0 170.0 Grasp 0
219.0 140.0 183.0 144.0 180.0 110.0 216.0 107.0 Grasp 0
391.0 183.0 360.0 264.0 329.0 252.0 360.0 171.0 Grasp 0
592.0 68.0 511.0 45.0 520.0 16.0 600.0 39.0 Grasp 0
574.0 122.0 510.0 52.0 532.0 32.0 596.0 102.0 Grasp 0
233.0 119.0 205.0 105.0 219.0 76.0 247.0 90.0 Grasp 0
240.0 114.0 220.0 91.0 243.0 70.0 263.0 93.0 Grasp 0
464.0 302.0 443.0 189.0 475.0 183.0 497.0 296.0 Grasp 0
217.0 375.0 162.0 333.0 182.0 307.0 237.0 348.0 Grasp 0
255.0 94.0 228.0 64.0 251.0 43.0 278.0 73.0 Grasp 0
282.0 306.0 223.0 300.0 226.0 267.0 285.0 272.0 Grasp 0
207.0 165.0 173.0 162.0 176.0 130.0 210.0 133.0 Grasp 0
220.0 390.0 162.0 361.0 177.0 331.0 235.0 360.0 Grasp 0
