325.0 180.0 287.0 277.0 258.0 266.0 295.0 169.0 Grasp 0
424.0 44.0 361.0 63.0 352.0 34.0 416.0 16.0 Grasp 0
291.0 179.0 221.0 213.0 208.0 187.0 278.0 153.0 Grasp 0
277.0 157.0 212.0 190.0 199.0 163.0 263.0 131.0 Grasp 0
404.0 271.0 365.0 169.0 395.0 158.0 434.0 259.0 Grasp 0
427.0 78.0 355.0 72.0 358.0 42.0 429.0 49.0 Grasp 0
415.0 170.0 415.0 267.0 383.0 267.0 383.0 170.0 Grasp 0
372.0 271.0 354.0 174.0 385.0 168.0 404.0 265.0 Grasp 0
372.0 108.0 333.0 46.0 360.0 29.0 399.0 91.0 Grasp 0
430.0 92.0 355.0 99.0 353.0 69.0 428.0 62.0 Grasp 0
422.0 60.0 357.0 54.0 360.0 24.0 425.0 30.0 Grasp 0
232.0 280.0 196.0 222.0 222.0 206.0 258.0 264.0 Grasp 0
325.0 286.0 284.0 180.0 313.0 168.0 355.0 275.0 Grasp 0
355.0 275.0 336.0 175.0 368.0 169.0 386.0 269.0 Grasp 0
604.0 163.0 528.0 106.0 546.0 82.0 622.0 140.0 Grasp 0
296.0 367.0 221.0 311.0 239.0 288.0 313.0 344.0 Grasp 0
376.0 106.0 337.0 87.0 351.0 58.0 391.0 78.0 Grasp 0
595.0 191.0 509.0 148.0 522.0 121.0 609.0 164.0 Grasp 0
432.0 114.0 351.0 106.0 353.0 77.0 434.0 84.0 Grasp 0
422.0 259.0 406.0 174.0 438.0 168.0 454.0 253.0 Grasp 0
332.0 280.0 312.0 175.0 343.0 169.0 363.0 274.0 Grasp 0
433.0 127.0 349.0 119.0 352.0 90.0 436.0 98.0 Grasp 0
509.0 360.0 411.0 332.0 419.0 304.0 517.0 332.0 Grasp 0
269.0 141.0 194.0 162.0 186.0 134.0 260.0 113.0 Grasp 0
309.0 292.0 253.0 203.0 280.0 186.0 335.0 275.0 Grasp 0
283.0 167.0 216.0 200.0 203.0 173.0 269.0 140.0 Grasp 0
429.0 64.0 356.0 85.0 348.0 56.0 421.0 35.0 Grasp 0
296.0 284.0 277.0 182.0 308.0 176.0 327.0 278.0 Grasp 0
262.0 126.0 203.0 171.0 185.0 147.0 244.0 102.0 Grasp 0
341.0 289.0 259.0 198.0 282.0 177.0 365.0 268.0 Grasp 0
304.0 175.0 266.0 274.0 236.0 263.0 275.0 163.0 Grasp 0
439.0 148.0 345.0 139.0 348.0 110.0 442.0 119.0 Grasp 0
604.0 163.0 517.0 139.0 525.0 110.0 612.0 135.0 Grasp 0
435.0 153.0 348.0 161.0 345.0 132.0 433.0 124.0 Grasp 0
609.0 144.0 517.0 135.0 519.0 106.0 612.0 114.0 Grasp 0
269.0 146.0 207.0 177.0 193.0 150.0 256.0 119.0 Grasp 0
297.0 282.0 297.0 176.0 329.0 176.0 329.0 282.0 Grasp 0
591.0 202.0 503.0 158.0 516.0 132.0 605.0 175.0 Grasp 0
403.0 264.0 386.0 174.0 418.0 168.0 434.0 258.0 Grasp 0
443.0 258.0 394.0 178.0 421.0 160.0 471.0 241.0 Grasp 0
602.0 175.0 522.0 115.0 540.0 91.0 620.0 152.0 Grasp 0
307.0 183.0 307.0 284.0 276.0 284.0 276.0 183.0 Grasp 0
590.0 223.0 483.0 193.0 491.0 164.0 598.0 194.0 Grasp 0
429.0 45.0 355.0 82.0 342.0 55.0 416.0 19.0 Grasp 0
