300.0 100.0 219.0 108.0 216.0 79.0 297.0 72.0 Grasp 0
270.0 289.0 204.0 339.0 186.0 316.0 252.0 266.0 Grasp 0
263.0 311.0 196.0 317.0 193.0 287.0 260.0 281.0 Grasp 0
351.0 357.0 295.0 315.0 313.0 291.0 369.0 333.0 Grasp 0
260.0 287.0 190.0 252.0 203.0 226.0 273.0 261.0 Grasp 0
245.0 344.0 188.0 316.0 201.0 290.0 258.0 318.0 Grasp 0
385.0 338.0 288.0 329.0 290.0 300.0 388.0 309.0 Grasp 0
255.0 309.0 187.0 275.0 200.0 249.0 268.0 283.0 Grasp 0
386.0 141.0 330.0 100.0 348.0 77.0 403.0 118.0 Grasp 0
386.0 147.0 320.0 115.0 333.0 89.0 399.0 121.0 Grasp 0
326.0 369.0 291.0 313.0 316.0 298.0 351.0 354.0 Grasp 0
397.0 133.0 320.0 111.0 327.0 83.0 405.0 105.0 Grasp 0
342.0 363.0 288.0 323.0 306.0 299.0 360.0 340.0 Grasp 0
391.0 128.0 340.0 90.0 358.0 67.0 408.0 105.0 Grasp 0
257.0 299.0 197.0 293.0 200.0 264.0 260.0 269.0 Grasp 0
255.0 304.0 186.0 252.0 203.0 229.0 273.0 281.0 Grasp 0
402.0 116.0 336.0 97.0 344.0 70.0 410.0 88.0 Grasp 0
261.0 283.0 187.0 228.0 205.0 204.0 278.0 260.0 Grasp 0
248.0 338.0 179.0 263.0 201.0 243.0 270.0 319.0 Grasp 0
305.0 98.0 220.0 140.0 207.0 115.0 292.0 73.0 Grasp 0
259.0 292.0 193.0 274.0 201.0 245.0 267.0 264.0 Grasp 0
247.0 339.0 182.0 290.0 199.0 266.0 265.0 316.0 Grasp 0
