435.0 315.0 375.0 249.0 398.0 229.0 458.0 294.0 Grasp 0
273.0 172.0 232.0 107.0 257.0 92.0 297.0 156.0 Grasp 0
324.0 146.0 282.0 79.0 307.0 63.0 349.0 131.0 Grasp 0
358.0 131.0 316.0 63.0 340.0 48.0 382.0 115.0 Grasp 0
302.0 159.0 259.0 90.0 284.0 74.0 327.0 143.0 Grasp 0
416.0 323.0 355.0 257.0 378.0 236.0 438.0 303.0 Grasp 0
337.0 140.0 295.0 73.0 320.0 58.0 361.0 125.0 Grasp 0
365.0 121.0 337.0 48.0 363.0 38.0 391.0 110.0 Grasp 0
445.0 305.0 402.0 236.0 428.0 219.0 471.0 289.0 Grasp 0
350.0 243.0 284.0 293.0 267.0 270.0 333.0 220.0 Grasp 0
473.0 293.0 429.0 222.0 455.0 206.0 499.0 277.0 Grasp 0
381.0 342.0 284.0 294.0 297.0 267.0 395.0 315.0 Grasp 0
337.0 352.0 282.0 292.0 304.0 271.0 359.0 332.0 Grasp 0
380.0 119.0 326.0 59.0 347.0 40.0 401.0 99.0 Grasp 0
347.0 343.0 320.0 273.0 348.0 262.0 375.0 332.0 Grasp 0
293.0 163.0 250.0 94.0 275.0 79.0 318.0 148.0 Grasp 0
231.0 189.0 204.0 119.0 231.0 108.0 258.0 178.0 Grasp 0
329.0 238.0 282.0 289.0 261.0 270.0 308.0 218.0 Grasp 0
274.0 236.0 240.0 274.0 219.0 254.0 253.0 216.0 Grasp 0
372.0 336.0 330.0 267.0 356.0 251.0 398.0 320.0 Grasp 0
479.0 285.0 450.0 212.0 479.0 201.0 507.0 274.0 Grasp 0
467.0 301.0 407.0 235.0 430.0 214.0 490.0 280.0 Grasp 0
313.0 153.0 271.0 84.0 296.0 69.0 338.0 137.0 Grasp 0
349.0 134.0 307.0 67.0 332.0 52.0 373.0 119.0 Grasp 0
495.0 297.0 393.0 246.0 407.0 219.0 509.0 269.0 Grasp 0
340.0 350.0 298.0 283.0 324.0 267.0 366.0 335.0 Grasp 0
310.0 358.0 283.0 288.0 311.0 277.0 338.0 347.0 Grasp 0
401.0 94.0 315.0 70.0 323.0 42.0 409.0 66.0 Grasp 0
240.0 187.0 211.0 111.0 238.0 100.0 268.0 176.0 Grasp 0
385.0 332.0 340.0 260.0 366.0 244.0 410.0 316.0 Grasp 0
499.0 288.0 411.0 243.0 424.0 216.0 513.0 260.0 Grasp 0
300.0 233.0 270.0 282.0 245.0 267.0 276.0 218.0 Grasp 0
293.0 232.0 247.0 282.0 225.0 263.0 272.0 212.0 Grasp 0
393.0 322.0 363.0 246.0 392.0 235.0 421.0 311.0 Grasp 0
357.0 339.0 341.0 252.0 370.0 246.0 387.0 333.0 Grasp 0
259.0 181.0 196.0 134.0 214.0 110.0 276.0 158.0 Grasp 0
392.0 93.0 339.0 53.0 357.0 30.0 410.0 70.0 Grasp 0
364.0 246.0 300.0 294.0 283.0 271.0 346.0 223.0 Grasp 0
417.0 312.0 387.0 236.0 415.0 225.0 445.0 302.0 Grasp 0
386.0 109.0 338.0 56.0 359.0 37.0 407.0 90.0 Grasp 0
319.0 237.0 273.0 287.0 252.0 268.0 298.0 217.0 Grasp 0
289.0 176.0 201.0 132.0 214.0 106.0 302.0 150.0 Grasp 0
282.0 169.0 239.0 100.0 264.0 85.0 307.0 154.0 Grasp 0
360.0 252.0 360.0 352.0 329.0 352.0 329.0 252.0 Grasp 0
269.0 182.0 210.0 117.0 231.0 97.0 291.0 163.0 Grasp 0
345.0 260.0 345.0 356.0 315.0 356.0 315.0 260.0 Grasp 0
