347.0 295.0 311.0 255.0 328.0 240.0 363.0 280.0 Grasp 0
333.0 296.0 309.0 257.0 328.0 246.0 352.0 285.0 Grasp 0
348.0 289.0 324.0 250.0 343.0 239.0 367.0 278.0 Grasp 0
325.0 314.0 288.0 255.0 307.0 243.0 344.0 303.0 Grasp 0
385.0 264.0 366.0 244.0 382.0 229.0 401.0 249.0 Grasp 0
270.0 329.0 242.0 284.0 261.0 273.0 289.0 318.0 Grasp 0
289.0 327.0 255.0 272.0 273.0 260.0 308.0 316.0 Grasp 0
263.0 342.0 237.0 273.0 257.0 265.0 284.0 334.0 Grasp 0
296.0 325.0 261.0 268.0 280.0 256.0 315.0 313.0 Grasp 0
469.0 223.0 452.0 204.0 468.0 190.0 485.0 208.0 Grasp 0
241.0 339.0 222.0 291.0 243.0 283.0 261.0 331.0 Grasp 0
394.0 261.0 374.0 240.0 390.0 225.0 410.0 246.0 Grasp 0
324.0 304.0 298.0 262.0 317.0 250.0 343.0 292.0 Grasp 0
429.0 214.0 422.0 256.0 400.0 252.0 408.0 210.0 Grasp 0
293.0 316.0 275.0 268.0 295.0 260.0 314.0 308.0 Grasp 0
274.0 325.0 255.0 275.0 276.0 267.0 295.0 317.0 Grasp 0
352.0 280.0 335.0 252.0 353.0 240.0 371.0 268.0 Grasp 0
263.0 339.0 220.0 291.0 236.0 276.0 280.0 324.0 Grasp 0
375.0 267.0 357.0 247.0 373.0 232.0 392.0 252.0 Grasp 0
315.0 308.0 287.0 264.0 306.0 252.0 333.0 297.0 Grasp 0
436.0 239.0 420.0 220.0 436.0 206.0 452.0 224.0 Grasp 0
307.0 312.0 279.0 267.0 298.0 256.0 326.0 301.0 Grasp 0
521.0 174.0 515.0 208.0 493.0 204.0 500.0 170.0 Grasp 0
461.0 227.0 444.0 208.0 460.0 194.0 477.0 213.0 Grasp 0
495.0 215.0 470.0 196.0 483.0 179.0 508.0 198.0 Grasp 0
411.0 250.0 395.0 232.0 411.0 217.0 427.0 235.0 Grasp 0
515.0 199.0 502.0 185.0 518.0 170.0 531.0 184.0 Grasp 0
497.0 211.0 480.0 193.0 497.0 178.0 513.0 196.0 Grasp 0
337.0 300.0 316.0 244.0 337.0 236.0 358.0 292.0 Grasp 0
250.0 347.0 225.0 280.0 245.0 272.0 271.0 338.0 Grasp 0
368.0 271.0 350.0 242.0 369.0 231.0 386.0 259.0 Grasp 0
479.0 218.0 463.0 200.0 479.0 185.0 495.0 203.0 Grasp 0
509.0 178.0 502.0 215.0 481.0 211.0 488.0 174.0 Grasp 0
453.0 231.0 436.0 212.0 452.0 197.0 469.0 216.0 Grasp 0
402.0 253.0 387.0 236.0 403.0 222.0 418.0 239.0 Grasp 0
260.0 274.0 260.0 342.0 237.0 342.0 237.0 274.0 Grasp 0
437.0 210.0 429.0 252.0 408.0 248.0 416.0 206.0 Grasp 0
