525.0 173.0 482.0 221.0 465.0 206.0 509.0 158.0 Grasp 0
476.0 307.0 463.0 237.0 485.0 233.0 499.0 302.0 Grasp 0
443.0 225.0 409.0 169.0 428.0 157.0 463.0 212.0 Grasp 0
492.0 68.0 446.0 72.0 444.0 50.0 490.0 45.0 Grasp 0
375.0 152.0 356.0 183.0 336.0 171.0 355.0 140.0 Grasp 0
424.0 161.0 401.0 219.0 380.0 211.0 403.0 153.0 Grasp 0
468.0 210.0 433.0 154.0 453.0 142.0 487.0 198.0 Grasp 0
487.0 109.0 437.0 114.0 435.0 92.0 485.0 87.0 Grasp 0
485.0 59.0 449.0 55.0 451.0 32.0 487.0 36.0 Grasp 0
469.0 305.0 455.0 229.0 477.0 224.0 492.0 301.0 Grasp 0
509.0 166.0 436.0 160.0 439.0 137.0 511.0 144.0 Grasp 0
484.0 92.0 449.0 88.0 451.0 66.0 486.0 69.0 Grasp 0
353.0 135.0 327.0 178.0 308.0 166.0 334.0 123.0 Grasp 0
485.0 99.0 447.0 96.0 449.0 73.0 487.0 76.0 Grasp 0
540.0 193.0 481.0 238.0 467.0 219.0 527.0 175.0 Grasp 0
482.0 121.0 447.0 118.0 449.0 95.0 484.0 98.0 Grasp 0
507.0 148.0 482.0 215.0 460.0 206.0 486.0 140.0 Grasp 0
384.0 155.0 364.0 188.0 344.0 176.0 365.0 143.0 Grasp 0
485.0 141.0 443.0 145.0 441.0 122.0 483.0 118.0 Grasp 0
485.0 166.0 410.0 173.0 408.0 150.0 483.0 143.0 Grasp 0
428.0 169.0 406.0 226.0 385.0 218.0 407.0 160.0 Grasp 0
471.0 239.0 398.0 259.0 392.0 237.0 465.0 217.0 Grasp 0
407.0 159.0 390.0 201.0 369.0 193.0 385.0 150.0 Grasp 0
393.0 158.0 372.0 192.0 353.0 180.0 374.0 146.0 Grasp 0
476.0 229.0 476.0 294.0 454.0 294.0 454.0 229.0 Grasp 0
532.0 191.0 486.0 226.0 472.0 207.0 518.0 173.0 Grasp 0
363.0 146.0 343.0 178.0 324.0 166.0 343.0 134.0 Grasp 0
491.0 102.0 439.0 107.0 437.0 84.0 489.0 79.0 Grasp 0
343.0 138.0 324.0 170.0 304.0 158.0 324.0 126.0 Grasp 0
540.0 209.0 484.0 236.0 474.0 216.0 529.0 188.0 Grasp 0
538.0 219.0 477.0 225.0 475.0 202.0 536.0 196.0 Grasp 0
529.0 282.0 475.0 242.0 489.0 223.0 543.0 264.0 Grasp 0
456.0 215.0 386.0 209.0 388.0 186.0 459.0 193.0 Grasp 0
333.0 129.0 317.0 168.0 296.0 160.0 311.0 120.0 Grasp 0
490.0 132.0 439.0 136.0 437.0 114.0 488.0 109.0 Grasp 0
497.0 211.0 482.0 290.0 460.0 285.0 474.0 207.0 Grasp 0
539.0 251.0 471.0 231.0 477.0 209.0 545.0 228.0 Grasp 0
441.0 225.0 383.0 162.0 400.0 146.0 458.0 210.0 Grasp 0
482.0 213.0 420.0 260.0 406.0 241.0 468.0 195.0 Grasp 0
485.0 124.0 444.0 128.0 442.0 106.0 483.0 102.0 Grasp 0
481.0 219.0 406.0 226.0 404.0 203.0 479.0 196.0 Grasp 0
338.0 134.0 309.0 166.0 292.0 151.0 321.0 119.0 Grasp 0
459.0 232.0 385.0 225.0 388.0 202.0 461.0 209.0 Grasp 0
489.0 77.0 449.0 81.0 447.0 58.0 486.0 55.0 Grasp 0
401.0 151.0 381.0 203.0 359.0 194.0 379.0 143.0 Grasp 0
463.0 224.0 418.0 273.0 402.0 258.0 446.0 209.0 Grasp 0
414.0 166.0 400.0 202.0 379.0 194.0 393.0 158.0 Grasp 0
