462.0 123.0 452.0 180.0 430.0 175.0 440.0 119.0 Grasp 0
440.0 122.0 405.0 179.0 386.0 167.0 421.0 110.0 Grasp 0
411.0 102.0 379.0 155.0 360.0 143.0 392.0 91.0 Grasp 0
394.0 82.0 357.0 142.0 338.0 131.0 375.0 70.0 Grasp 0
380.0 63.0 336.0 134.0 317.0 122.0 361.0 52.0 Grasp 0
425.0 112.0 392.0 166.0 372.0 154.0 406.0 100.0 Grasp 0
429.0 174.0 419.0 123.0 442.0 119.0 451.0 169.0 Grasp 0
443.0 122.0 432.0 178.0 410.0 174.0 420.0 118.0 Grasp 0
455.0 121.0 444.0 182.0 422.0 178.0 433.0 117.0 Grasp 0
364.0 50.0 318.0 124.0 299.0 112.0 344.0 38.0 Grasp 0
406.0 94.0 358.0 147.0 341.0 132.0 390.0 79.0 Grasp 0
394.0 79.0 339.0 140.0 322.0 125.0 378.0 64.0 Grasp 0
447.0 178.0 423.0 117.0 444.0 109.0 468.0 170.0 Grasp 0
375.0 68.0 325.0 124.0 308.0 109.0 359.0 53.0 Grasp 0
429.0 111.0 404.0 176.0 383.0 168.0 408.0 103.0 Grasp 0
349.0 42.0 304.0 114.0 285.0 102.0 330.0 30.0 Grasp 0
453.0 171.0 435.0 126.0 456.0 118.0 474.0 163.0 Grasp 0
418.0 106.0 383.0 162.0 364.0 150.0 399.0 94.0 Grasp 0
355.0 49.0 314.0 115.0 295.0 104.0 336.0 38.0 Grasp 0
411.0 92.0 371.0 157.0 352.0 145.0 392.0 80.0 Grasp 0
354.0 38.0 337.0 130.0 315.0 126.0 332.0 34.0 Grasp 0
405.0 93.0 340.0 142.0 326.0 124.0 392.0 75.0 Grasp 0
399.0 74.0 368.0 152.0 347.0 144.0 378.0 66.0 Grasp 0
443.0 117.0 417.0 186.0 396.0 178.0 422.0 109.0 Grasp 0
416.0 111.0 361.0 152.0 347.0 134.0 402.0 93.0 Grasp 0
429.0 114.0 429.0 177.0 407.0 177.0 407.0 114.0 Grasp 0
345.0 40.0 331.0 119.0 308.0 115.0 323.0 36.0 Grasp 0
