202.0 411.0 148.0 416.0 145.0 388.0 199.0 383.0 Grasp 0
292.0 311.0 256.0 272.0 273.0 256.0 308.0 296.0 Grasp 0
250.0 350.0 213.0 323.0 228.0 304.0 264.0 331.0 Grasp 0
278.0 329.0 232.0 295.0 246.0 276.0 292.0 311.0 Grasp 0
317.0 297.0 268.0 259.0 282.0 241.0 331.0 278.0 Grasp 0
282.0 312.0 254.0 280.0 270.0 265.0 299.0 296.0 Grasp 0
185.0 433.0 141.0 384.0 162.0 365.0 206.0 414.0 Grasp 0
171.0 431.0 151.0 378.0 177.0 368.0 197.0 420.0 Grasp 0
243.0 357.0 206.0 329.0 221.0 310.0 258.0 338.0 Grasp 0
324.0 293.0 272.0 253.0 285.0 235.0 338.0 275.0 Grasp 0
302.0 300.0 264.0 271.0 277.0 253.0 316.0 282.0 Grasp 0
269.0 334.0 229.0 303.0 243.0 284.0 283.0 315.0 Grasp 0
299.0 304.0 268.0 254.0 287.0 242.0 318.0 292.0 Grasp 0
313.0 284.0 284.0 252.0 301.0 237.0 330.0 268.0 Grasp 0
258.0 348.0 214.0 315.0 228.0 296.0 272.0 329.0 Grasp 0
191.0 423.0 145.0 400.0 158.0 375.0 203.0 397.0 Grasp 0
