345.0 278.0 276.0 243.0 286.0 224.0 355.0 258.0 Grasp 0
313.0 280.0 269.0 247.0 283.0 229.0 326.0 262.0 Grasp 0
336.0 190.0 300.0 217.0 287.0 199.0 323.0 172.0 Grasp 0
374.0 187.0 374.0 261.0 351.0 261.0 351.0 187.0 Grasp 0
295.0 281.0 263.0 247.0 280.0 232.0 311.0 266.0 Grasp 0
346.0 278.0 291.0 236.0 304.0 219.0 359.0 260.0 Grasp 0
358.0 189.0 315.0 222.0 302.0 204.0 344.0 172.0 Grasp 0
317.0 178.0 288.0 211.0 271.0 196.0 301.0 164.0 Grasp 0
273.0 171.0 255.0 190.0 239.0 176.0 257.0 156.0 Grasp 0
290.0 172.0 273.0 199.0 255.0 188.0 272.0 160.0 Grasp 0
342.0 189.0 342.0 260.0 320.0 260.0 320.0 189.0 Grasp 0
332.0 184.0 288.0 217.0 275.0 199.0 319.0 166.0 Grasp 0
284.0 169.0 265.0 199.0 246.0 188.0 265.0 157.0 Grasp 0
389.0 194.0 376.0 264.0 354.0 259.0 367.0 190.0 Grasp 0
264.0 280.0 246.0 251.0 265.0 239.0 283.0 269.0 Grasp 0
253.0 282.0 236.0 254.0 254.0 242.0 272.0 271.0 Grasp 0
342.0 264.0 328.0 187.0 350.0 183.0 364.0 260.0 Grasp 0
420.0 190.0 405.0 271.0 383.0 267.0 398.0 186.0 Grasp 0
373.0 193.0 360.0 260.0 338.0 256.0 351.0 189.0 Grasp 0
316.0 278.0 282.0 240.0 298.0 225.0 332.0 263.0 Grasp 0
335.0 264.0 320.0 181.0 341.0 177.0 357.0 260.0 Grasp 0
306.0 174.0 275.0 207.0 259.0 192.0 289.0 159.0 Grasp 0
390.0 189.0 390.0 262.0 368.0 262.0 368.0 189.0 Grasp 0
351.0 265.0 336.0 189.0 358.0 185.0 372.0 261.0 Grasp 0
362.0 187.0 347.0 268.0 325.0 264.0 340.0 183.0 Grasp 0
307.0 177.0 289.0 205.0 271.0 193.0 288.0 165.0 Grasp 0
398.0 194.0 398.0 270.0 376.0 270.0 376.0 194.0 Grasp 0
377.0 194.0 313.0 225.0 303.0 205.0 367.0 174.0 Grasp 0
344.0 194.0 309.0 220.0 296.0 202.0 330.0 176.0 Grasp 0
324.0 274.0 290.0 237.0 306.0 222.0 341.0 259.0 Grasp 0
