312.0 310.0 281.0 276.0 297.0 261.0 329.0 295.0 Grasp 0
370.0 274.0 319.0 235.0 332.0 218.0 383.0 256.0 Grasp 0
363.0 267.0 330.0 231.0 346.0 216.0 379.0 252.0 Grasp 0
394.0 264.0 300.0 255.0 302.0 233.0 396.0 242.0 Grasp 0
350.0 284.0 312.0 243.0 328.0 228.0 366.0 270.0 Grasp 0
328.0 295.0 301.0 265.0 317.0 250.0 344.0 280.0 Grasp 0
337.0 285.0 310.0 256.0 326.0 241.0 353.0 271.0 Grasp 0
371.0 266.0 332.0 224.0 348.0 209.0 387.0 251.0 Grasp 0
322.0 303.0 292.0 280.0 305.0 262.0 336.0 286.0 Grasp 0
341.0 293.0 300.0 262.0 314.0 245.0 354.0 276.0 Grasp 0
357.0 276.0 318.0 246.0 331.0 229.0 371.0 259.0 Grasp 0
321.0 304.0 293.0 259.0 312.0 247.0 340.0 292.0 Grasp 0
355.0 281.0 328.0 212.0 348.0 205.0 375.0 273.0 Grasp 0
