358.0 254.0 312.0 203.0 329.0 188.0 375.0 239.0 Grasp 0
302.0 293.0 255.0 242.0 272.0 227.0 319.0 278.0 Grasp 0
307.0 287.0 273.0 231.0 292.0 219.0 327.0 275.0 Grasp 0
315.0 281.0 280.0 225.0 300.0 213.0 334.0 269.0 Grasp 0
344.0 256.0 308.0 216.0 325.0 201.0 361.0 240.0 Grasp 0
278.0 300.0 249.0 255.0 269.0 243.0 297.0 288.0 Grasp 0
325.0 273.0 291.0 218.0 311.0 207.0 344.0 261.0 Grasp 0
344.0 264.0 299.0 215.0 316.0 199.0 360.0 248.0 Grasp 0
285.0 292.0 257.0 248.0 277.0 236.0 304.0 280.0 Grasp 0
297.0 285.0 269.0 240.0 288.0 228.0 316.0 273.0 Grasp 0
329.0 265.0 301.0 219.0 320.0 207.0 349.0 253.0 Grasp 0
366.0 252.0 318.0 200.0 335.0 184.0 383.0 237.0 Grasp 0
373.0 251.0 291.0 228.0 297.0 206.0 379.0 229.0 Grasp 0
