291.0 277.0 266.0 258.0 280.0 240.0 304.0 259.0 Grasp 0
395.0 141.0 369.0 122.0 383.0 104.0 408.0 124.0 Grasp 0
263.0 321.0 235.0 300.0 248.0 282.0 277.0 303.0 Grasp 0
401.0 133.0 374.0 125.0 380.0 104.0 407.0 112.0 Grasp 0
340.0 223.0 308.0 198.0 321.0 181.0 354.0 205.0 Grasp 0
295.0 270.0 271.0 253.0 285.0 235.0 308.0 253.0 Grasp 0
360.0 193.0 333.0 173.0 347.0 155.0 373.0 175.0 Grasp 0
286.0 282.0 263.0 265.0 277.0 247.0 300.0 264.0 Grasp 0
355.0 202.0 327.0 171.0 343.0 157.0 371.0 187.0 Grasp 0
383.0 163.0 355.0 142.0 369.0 124.0 397.0 145.0 Grasp 0
300.0 261.0 279.0 244.0 292.0 227.0 314.0 243.0 Grasp 0
308.0 248.0 289.0 233.0 302.0 216.0 321.0 230.0 Grasp 0
344.0 211.0 321.0 193.0 334.0 176.0 357.0 193.0 Grasp 0
264.0 313.0 241.0 295.0 255.0 278.0 277.0 295.0 Grasp 0
282.0 296.0 250.0 281.0 260.0 261.0 291.0 277.0 Grasp 0
315.0 239.0 297.0 219.0 313.0 204.0 331.0 224.0 Grasp 0
368.0 177.0 345.0 160.0 358.0 142.0 382.0 160.0 Grasp 0
387.0 154.0 362.0 135.0 376.0 118.0 401.0 137.0 Grasp 0
332.0 231.0 304.0 210.0 317.0 192.0 345.0 213.0 Grasp 0
379.0 169.0 350.0 147.0 363.0 129.0 393.0 152.0 Grasp 0
352.0 203.0 326.0 183.0 340.0 166.0 365.0 185.0 Grasp 0
287.0 289.0 254.0 273.0 264.0 254.0 297.0 270.0 Grasp 0
272.0 300.0 251.0 284.0 264.0 267.0 285.0 283.0 Grasp 0
272.0 309.0 243.0 287.0 256.0 269.0 285.0 291.0 Grasp 0
374.0 185.0 335.0 166.0 345.0 147.0 383.0 166.0 Grasp 0
328.0 236.0 296.0 212.0 309.0 194.0 341.0 219.0 Grasp 0
304.0 254.0 283.0 238.0 296.0 221.0 318.0 237.0 Grasp 0
396.0 147.0 362.0 130.0 372.0 110.0 406.0 128.0 Grasp 0
