274.0 171.0 249.0 199.0 233.0 185.0 258.0 157.0 Grasp 0
402.0 293.0 374.0 323.0 358.0 309.0 386.0 278.0 Grasp 0
379.0 270.0 357.0 305.0 338.0 293.0 360.0 258.0 Grasp 0
280.0 179.0 257.0 204.0 241.0 189.0 263.0 164.0 Grasp 0
308.0 205.0 284.0 232.0 268.0 217.0 292.0 191.0 Grasp 0
361.0 265.0 345.0 283.0 329.0 268.0 345.0 250.0 Grasp 0
396.0 277.0 358.0 319.0 342.0 304.0 380.0 262.0 Grasp 0
387.0 278.0 359.0 309.0 343.0 295.0 371.0 264.0 Grasp 0
289.0 189.0 268.0 212.0 252.0 197.0 273.0 174.0 Grasp 0
324.0 227.0 306.0 247.0 290.0 232.0 308.0 212.0 Grasp 0
409.0 294.0 386.0 332.0 368.0 320.0 391.0 283.0 Grasp 0
312.0 216.0 294.0 235.0 278.0 220.0 295.0 201.0 Grasp 0
317.0 221.0 300.0 240.0 283.0 226.0 301.0 206.0 Grasp 0
367.0 267.0 348.0 289.0 331.0 274.0 351.0 252.0 Grasp 0
297.0 200.0 279.0 221.0 263.0 206.0 281.0 186.0 Grasp 0
410.0 298.0 357.0 324.0 348.0 304.0 400.0 278.0 Grasp 0
270.0 165.0 243.0 195.0 227.0 180.0 254.0 150.0 Grasp 0
342.0 247.0 326.0 263.0 310.0 248.0 325.0 232.0 Grasp 0
259.0 161.0 238.0 185.0 222.0 170.0 243.0 146.0 Grasp 0
408.0 305.0 377.0 329.0 363.0 311.0 395.0 287.0 Grasp 0
297.0 193.0 273.0 220.0 256.0 205.0 281.0 178.0 Grasp 0
404.0 290.0 350.0 317.0 340.0 297.0 395.0 270.0 Grasp 0
382.0 277.0 350.0 301.0 336.0 283.0 369.0 259.0 Grasp 0
333.0 238.0 316.0 256.0 300.0 241.0 317.0 223.0 Grasp 0
374.0 266.0 339.0 284.0 329.0 264.0 364.0 247.0 Grasp 0
