289.0 229.0 266.0 267.0 247.0 255.0 271.0 217.0 Grasp 0
345.0 232.0 325.0 284.0 304.0 276.0 324.0 224.0 Grasp 0
278.0 221.0 260.0 268.0 239.0 260.0 257.0 213.0 Grasp 0
359.0 238.0 341.0 284.0 320.0 276.0 338.0 230.0 Grasp 0
310.0 232.0 295.0 270.0 275.0 262.0 290.0 224.0 Grasp 0
388.0 244.0 370.0 291.0 349.0 283.0 367.0 236.0 Grasp 0
404.0 248.0 396.0 290.0 374.0 286.0 382.0 244.0 Grasp 0
368.0 236.0 347.0 290.0 327.0 282.0 348.0 228.0 Grasp 0
294.0 225.0 276.0 273.0 255.0 265.0 274.0 218.0 Grasp 0
332.0 235.0 317.0 276.0 296.0 268.0 312.0 228.0 Grasp 0
396.0 252.0 373.0 290.0 354.0 278.0 377.0 241.0 Grasp 0
375.0 244.0 359.0 285.0 339.0 277.0 355.0 236.0 Grasp 0
319.0 226.0 309.0 277.0 288.0 273.0 297.0 222.0 Grasp 0
403.0 256.0 380.0 292.0 361.0 281.0 384.0 244.0 Grasp 0
305.0 223.0 284.0 275.0 264.0 268.0 284.0 215.0 Grasp 0
349.0 238.0 333.0 280.0 312.0 272.0 329.0 230.0 Grasp 0
399.0 241.0 389.0 294.0 367.0 290.0 377.0 237.0 Grasp 0
385.0 297.0 361.0 237.0 382.0 229.0 405.0 290.0 Grasp 0
319.0 223.0 297.0 279.0 277.0 271.0 298.0 215.0 Grasp 0
389.0 293.0 371.0 245.0 391.0 237.0 409.0 285.0 Grasp 0
