365.0 185.0 283.0 226.0 273.0 206.0 355.0 165.0 Grasp 0
398.0 263.0 320.0 302.0 310.0 282.0 388.0 243.0 Grasp 0
367.0 204.0 296.0 239.0 286.0 219.0 357.0 184.0 Grasp 0
378.0 243.0 317.0 273.0 307.0 253.0 368.0 223.0 Grasp 0
373.0 210.0 295.0 248.0 285.0 229.0 363.0 190.0 Grasp 0
348.0 186.0 294.0 213.0 284.0 194.0 339.0 166.0 Grasp 0
356.0 197.0 297.0 227.0 287.0 207.0 347.0 178.0 Grasp 0
399.0 278.0 338.0 324.0 324.0 306.0 386.0 260.0 Grasp 0
353.0 209.0 283.0 203.0 285.0 180.0 355.0 187.0 Grasp 0
397.0 291.0 329.0 310.0 323.0 289.0 391.0 269.0 Grasp 0
372.0 237.0 317.0 265.0 307.0 245.0 362.0 217.0 Grasp 0
367.0 224.0 308.0 253.0 298.0 233.0 357.0 204.0 Grasp 0
407.0 297.0 328.0 320.0 322.0 298.0 401.0 275.0 Grasp 0
391.0 251.0 315.0 288.0 305.0 268.0 381.0 231.0 Grasp 0
344.0 179.0 292.0 204.0 283.0 185.0 334.0 159.0 Grasp 0
385.0 262.0 327.0 291.0 317.0 271.0 375.0 242.0 Grasp 0
378.0 251.0 323.0 278.0 313.0 258.0 368.0 231.0 Grasp 0
397.0 280.0 320.0 302.0 314.0 280.0 391.0 258.0 Grasp 0
352.0 161.0 303.0 241.0 284.0 229.0 333.0 150.0 Grasp 0
