317.0 236.0 306.0 206.0 327.0 198.0 338.0 228.0 Grasp 0
292.0 211.0 224.0 245.0 214.0 225.0 282.0 190.0 Grasp 0
310.0 261.0 291.0 209.0 312.0 201.0 331.0 252.0 Grasp 0
334.0 226.0 318.0 198.0 337.0 186.0 354.0 214.0 Grasp 0
304.0 278.0 227.0 256.0 233.0 234.0 311.0 256.0 Grasp 0
281.0 187.0 249.0 203.0 239.0 183.0 271.0 167.0 Grasp 0
290.0 217.0 229.0 263.0 215.0 245.0 277.0 199.0 Grasp 0
311.0 248.0 296.0 209.0 317.0 201.0 332.0 239.0 Grasp 0
275.0 175.0 249.0 183.0 243.0 162.0 269.0 154.0 Grasp 0
287.0 201.0 238.0 226.0 228.0 206.0 277.0 181.0 Grasp 0
315.0 255.0 235.0 232.0 242.0 210.0 322.0 233.0 Grasp 0
304.0 211.0 304.0 292.0 281.0 292.0 281.0 211.0 Grasp 0
283.0 195.0 251.0 211.0 241.0 191.0 273.0 175.0 Grasp 0
313.0 268.0 229.0 276.0 226.0 253.0 311.0 245.0 Grasp 0
310.0 271.0 225.0 247.0 231.0 225.0 316.0 249.0 Grasp 0
271.0 303.0 225.0 229.0 244.0 217.0 290.0 292.0 Grasp 0
299.0 229.0 239.0 274.0 225.0 256.0 285.0 211.0 Grasp 0
273.0 186.0 248.0 188.0 246.0 166.0 271.0 163.0 Grasp 0
303.0 290.0 225.0 231.0 239.0 213.0 317.0 272.0 Grasp 0
288.0 210.0 288.0 294.0 265.0 294.0 265.0 210.0 Grasp 0
328.0 233.0 309.0 203.0 328.0 191.0 347.0 221.0 Grasp 0
