320.0 178.0 244.0 171.0 246.0 148.0 322.0 155.0 Grasp 0
501.0 219.0 431.0 212.0 433.0 189.0 504.0 196.0 Grasp 0
328.0 208.0 241.0 216.0 239.0 193.0 325.0 185.0 Grasp 0
373.0 223.0 342.0 302.0 321.0 294.0 351.0 215.0 Grasp 0
490.0 293.0 410.0 253.0 421.0 232.0 501.0 272.0 Grasp 0
403.0 232.0 371.0 316.0 349.0 308.0 382.0 224.0 Grasp 0
315.0 161.0 247.0 154.0 250.0 132.0 317.0 138.0 Grasp 0
479.0 296.0 398.0 256.0 409.0 235.0 490.0 275.0 Grasp 0
497.0 274.0 412.0 249.0 418.0 226.0 503.0 251.0 Grasp 0
413.0 329.0 395.0 232.0 418.0 228.0 436.0 325.0 Grasp 0
322.0 167.0 243.0 190.0 236.0 168.0 315.0 145.0 Grasp 0
492.0 261.0 423.0 242.0 429.0 219.0 498.0 238.0 Grasp 0
496.0 227.0 428.0 220.0 430.0 197.0 498.0 203.0 Grasp 0
496.0 251.0 425.0 231.0 431.0 208.0 503.0 228.0 Grasp 0
385.0 229.0 355.0 306.0 334.0 298.0 363.0 221.0 Grasp 0
411.0 228.0 411.0 317.0 388.0 317.0 388.0 228.0 Grasp 0
328.0 173.0 237.0 199.0 230.0 177.0 322.0 151.0 Grasp 0
321.0 148.0 244.0 169.0 238.0 147.0 314.0 126.0 Grasp 0
