327.0 285.0 255.0 264.0 262.0 243.0 334.0 263.0 Grasp 0
315.0 292.0 265.0 237.0 282.0 222.0 332.0 277.0 Grasp 0
271.0 307.0 247.0 280.0 263.0 265.0 288.0 291.0 Grasp 0
263.0 317.0 236.0 288.0 252.0 273.0 279.0 302.0 Grasp 0
363.0 246.0 313.0 192.0 330.0 177.0 379.0 231.0 Grasp 0
356.0 260.0 299.0 197.0 316.0 182.0 373.0 245.0 Grasp 0
372.0 244.0 317.0 183.0 333.0 168.0 389.0 229.0 Grasp 0
324.0 300.0 247.0 278.0 253.0 256.0 330.0 278.0 Grasp 0
328.0 276.0 282.0 225.0 298.0 210.0 345.0 261.0 Grasp 0
271.0 315.0 242.0 241.0 263.0 233.0 292.0 307.0 Grasp 0
288.0 301.0 255.0 247.0 274.0 236.0 307.0 289.0 Grasp 0
321.0 301.0 248.0 246.0 261.0 228.0 335.0 283.0 Grasp 0
336.0 270.0 288.0 218.0 305.0 203.0 352.0 255.0 Grasp 0
308.0 303.0 250.0 259.0 264.0 241.0 322.0 285.0 Grasp 0
282.0 302.0 252.0 269.0 268.0 254.0 299.0 287.0 Grasp 0
258.0 322.0 231.0 302.0 245.0 285.0 271.0 305.0 Grasp 0
320.0 286.0 271.0 232.0 288.0 217.0 337.0 270.0 Grasp 0
289.0 300.0 264.0 235.0 285.0 227.0 310.0 292.0 Grasp 0
347.0 268.0 291.0 207.0 308.0 192.0 363.0 253.0 Grasp 0
269.0 315.0 239.0 282.0 256.0 267.0 286.0 299.0 Grasp 0
