352.0 283.0 271.0 306.0 265.0 285.0 346.0 261.0 Grasp 0
348.0 279.0 295.0 275.0 297.0 252.0 350.0 257.0 Grasp 0
324.0 336.0 296.0 266.0 317.0 258.0 344.0 328.0 Grasp 0
339.0 335.0 266.0 299.0 276.0 279.0 348.0 315.0 Grasp 0
373.0 295.0 362.0 323.0 342.0 315.0 353.0 287.0 Grasp 0
366.0 291.0 349.0 336.0 328.0 328.0 346.0 283.0 Grasp 0
360.0 286.0 336.0 347.0 316.0 339.0 340.0 278.0 Grasp 0
349.0 288.0 277.0 281.0 279.0 259.0 351.0 266.0 Grasp 0
357.0 289.0 300.0 352.0 284.0 337.0 341.0 274.0 Grasp 0
343.0 275.0 314.0 272.0 316.0 250.0 345.0 253.0 Grasp 0
317.0 335.0 284.0 282.0 303.0 270.0 335.0 323.0 Grasp 0
348.0 260.0 324.0 253.0 330.0 231.0 354.0 238.0 Grasp 0
304.0 350.0 287.0 263.0 309.0 258.0 325.0 346.0 Grasp 0
311.0 266.0 311.0 340.0 289.0 340.0 289.0 266.0 Grasp 0
348.0 266.0 320.0 264.0 322.0 242.0 350.0 244.0 Grasp 0
319.0 336.0 274.0 302.0 287.0 284.0 332.0 318.0 Grasp 0
326.0 345.0 269.0 282.0 285.0 267.0 343.0 330.0 Grasp 0
336.0 332.0 284.0 276.0 301.0 261.0 352.0 318.0 Grasp 0
356.0 304.0 270.0 312.0 268.0 290.0 354.0 282.0 Grasp 0
353.0 332.0 305.0 255.0 324.0 244.0 371.0 320.0 Grasp 0
347.0 278.0 309.0 339.0 290.0 327.0 328.0 266.0 Grasp 0
350.0 336.0 290.0 271.0 306.0 256.0 366.0 322.0 Grasp 0
330.0 334.0 299.0 255.0 320.0 247.0 351.0 326.0 Grasp 0
