425.0 254.0 377.0 306.0 360.0 291.0 408.0 239.0 Grasp 0
412.0 239.0 364.0 292.0 347.0 276.0 395.0 223.0 Grasp 0
389.0 218.0 330.0 263.0 317.0 245.0 376.0 200.0 Grasp 0
344.0 156.0 287.0 218.0 271.0 203.0 328.0 141.0 Grasp 0
371.0 197.0 310.0 243.0 297.0 225.0 358.0 179.0 Grasp 0
428.0 270.0 378.0 307.0 365.0 289.0 414.0 251.0 Grasp 0
404.0 234.0 358.0 284.0 341.0 268.0 387.0 218.0 Grasp 0
383.0 203.0 315.0 254.0 302.0 236.0 369.0 185.0 Grasp 0
402.0 232.0 343.0 276.0 330.0 258.0 388.0 214.0 Grasp 0
365.0 189.0 302.0 236.0 289.0 218.0 351.0 172.0 Grasp 0
415.0 251.0 374.0 296.0 357.0 281.0 398.0 236.0 Grasp 0
405.0 219.0 330.0 275.0 316.0 257.0 391.0 201.0 Grasp 0
383.0 204.0 331.0 261.0 315.0 246.0 366.0 189.0 Grasp 0
339.0 148.0 279.0 214.0 262.0 199.0 323.0 133.0 Grasp 0
355.0 179.0 294.0 224.0 281.0 207.0 341.0 161.0 Grasp 0
427.0 256.0 391.0 314.0 372.0 302.0 407.0 244.0 Grasp 0
409.0 247.0 343.0 280.0 333.0 259.0 399.0 226.0 Grasp 0
352.0 171.0 287.0 220.0 274.0 203.0 339.0 154.0 Grasp 0
