311.0 208.0 286.0 180.0 302.0 165.0 328.0 193.0 Grasp 0
373.0 175.0 356.0 147.0 375.0 135.0 392.0 163.0 Grasp 0
284.0 220.0 259.0 193.0 275.0 178.0 300.0 206.0 Grasp 0
322.0 202.0 298.0 176.0 314.0 161.0 338.0 187.0 Grasp 0
293.0 218.0 266.0 188.0 282.0 173.0 309.0 203.0 Grasp 0
366.0 180.0 343.0 155.0 359.0 140.0 382.0 166.0 Grasp 0
245.0 235.0 228.0 208.0 247.0 196.0 264.0 223.0 Grasp 0
329.0 199.0 309.0 166.0 327.0 154.0 348.0 187.0 Grasp 0
271.0 224.0 249.0 199.0 265.0 185.0 288.0 210.0 Grasp 0
300.0 208.0 284.0 182.0 303.0 171.0 319.0 196.0 Grasp 0
357.0 188.0 330.0 158.0 347.0 143.0 374.0 173.0 Grasp 0
341.0 192.0 318.0 167.0 335.0 152.0 357.0 177.0 Grasp 0
238.0 235.0 224.0 213.0 243.0 202.0 256.0 224.0 Grasp 0
349.0 192.0 322.0 162.0 339.0 148.0 366.0 177.0 Grasp 0
254.0 230.0 237.0 203.0 256.0 191.0 273.0 219.0 Grasp 0
302.0 215.0 274.0 184.0 290.0 169.0 318.0 200.0 Grasp 0
377.0 170.0 363.0 147.0 381.0 136.0 396.0 158.0 Grasp 0
