279.0 261.0 224.0 234.0 234.0 213.0 289.0 241.0 Grasp 0
349.0 184.0 328.0 129.0 349.0 120.0 371.0 176.0 Grasp 0
381.0 169.0 363.0 123.0 384.0 115.0 402.0 161.0 Grasp 0
372.0 181.0 336.0 123.0 356.0 111.0 391.0 169.0 Grasp 0
316.0 217.0 273.0 148.0 293.0 136.0 336.0 205.0 Grasp 0
280.0 266.0 224.0 261.0 226.0 238.0 282.0 244.0 Grasp 0
307.0 230.0 238.0 195.0 248.0 175.0 318.0 209.0 Grasp 0
340.0 198.0 312.0 127.0 333.0 118.0 361.0 190.0 Grasp 0
293.0 238.0 236.0 210.0 246.0 189.0 303.0 218.0 Grasp 0
317.0 223.0 260.0 160.0 277.0 145.0 334.0 207.0 Grasp 0
378.0 177.0 355.0 118.0 376.0 110.0 399.0 169.0 Grasp 0
333.0 210.0 276.0 147.0 293.0 132.0 350.0 195.0 Grasp 0
307.0 229.0 245.0 182.0 259.0 163.0 321.0 210.0 Grasp 0
391.0 164.0 374.0 121.0 395.0 113.0 412.0 156.0 Grasp 0
292.0 253.0 222.0 218.0 232.0 198.0 302.0 232.0 Grasp 0
324.0 217.0 238.0 209.0 240.0 186.0 326.0 194.0 Grasp 0
282.0 265.0 219.0 247.0 225.0 225.0 289.0 243.0 Grasp 0
335.0 195.0 301.0 141.0 321.0 129.0 354.0 183.0 Grasp 0
357.0 183.0 334.0 125.0 356.0 116.0 378.0 175.0 Grasp 0
329.0 203.0 292.0 143.0 311.0 130.0 348.0 191.0 Grasp 0
318.0 226.0 248.0 173.0 262.0 155.0 331.0 207.0 Grasp 0
287.0 244.0 232.0 217.0 243.0 197.0 297.0 224.0 Grasp 0
271.0 281.0 234.0 284.0 232.0 262.0 269.0 258.0 Grasp 0
270.0 300.0 248.0 307.0 241.0 286.0 264.0 279.0 Grasp 0
347.0 194.0 319.0 122.0 340.0 114.0 368.0 186.0 Grasp 0
