332.0 273.0 302.0 276.0 300.0 254.0 329.0 251.0 Grasp 0
331.0 284.0 305.0 287.0 303.0 265.0 329.0 262.0 Grasp 0
329.0 231.0 299.0 240.0 293.0 218.0 323.0 210.0 Grasp 0
326.0 253.0 303.0 256.0 301.0 234.0 324.0 231.0 Grasp 0
330.0 240.0 301.0 248.0 295.0 227.0 324.0 219.0 Grasp 0
334.0 261.0 302.0 270.0 296.0 249.0 328.0 239.0 Grasp 0
323.0 220.0 298.0 223.0 296.0 201.0 321.0 198.0 Grasp 0
328.0 223.0 299.0 231.0 293.0 210.0 322.0 202.0 Grasp 0
326.0 211.0 298.0 218.0 292.0 197.0 320.0 190.0 Grasp 0
333.0 291.0 302.0 294.0 300.0 272.0 331.0 269.0 Grasp 0
