380.0 202.0 354.0 268.0 333.0 260.0 359.0 194.0 Grasp 0
372.0 253.0 350.0 195.0 371.0 187.0 393.0 245.0 Grasp 0
265.0 270.0 249.0 182.0 271.0 178.0 288.0 266.0 Grasp 0
394.0 206.0 385.0 253.0 363.0 249.0 372.0 201.0 Grasp 0
316.0 186.0 301.0 268.0 278.0 264.0 294.0 182.0 Grasp 0
356.0 193.0 343.0 264.0 321.0 260.0 334.0 189.0 Grasp 0
390.0 205.0 364.0 273.0 343.0 264.0 369.0 197.0 Grasp 0
375.0 192.0 375.0 258.0 353.0 258.0 353.0 192.0 Grasp 0
301.0 264.0 286.0 185.0 308.0 181.0 323.0 260.0 Grasp 0
301.0 178.0 301.0 271.0 278.0 271.0 278.0 178.0 Grasp 0
338.0 184.0 338.0 264.0 315.0 264.0 315.0 184.0 Grasp 0
293.0 183.0 277.0 269.0 254.0 264.0 270.0 179.0 Grasp 0
337.0 187.0 322.0 268.0 300.0 264.0 315.0 183.0 Grasp 0
357.0 268.0 326.0 190.0 347.0 182.0 378.0 260.0 Grasp 0
372.0 257.0 332.0 193.0 352.0 181.0 391.0 245.0 Grasp 0
323.0 175.0 323.0 273.0 301.0 273.0 301.0 175.0 Grasp 0
286.0 267.0 255.0 189.0 276.0 181.0 307.0 259.0 Grasp 0
293.0 183.0 293.0 264.0 270.0 264.0 270.0 183.0 Grasp 0
324.0 189.0 310.0 265.0 287.0 261.0 302.0 185.0 Grasp 0
340.0 270.0 309.0 191.0 330.0 183.0 361.0 262.0 Grasp 0
311.0 188.0 262.0 268.0 243.0 256.0 292.0 177.0 Grasp 0
