332.0 290.0 290.0 278.0 296.0 257.0 338.0 269.0 Grasp 0
335.0 269.0 301.0 260.0 307.0 238.0 341.0 248.0 Grasp 0
366.0 183.0 340.0 176.0 346.0 155.0 372.0 162.0 Grasp 0
324.0 302.0 288.0 292.0 294.0 271.0 330.0 281.0 Grasp 0
355.0 228.0 319.0 217.0 325.0 196.0 361.0 206.0 Grasp 0
361.0 200.0 332.0 192.0 338.0 170.0 367.0 179.0 Grasp 0
324.0 314.0 282.0 310.0 284.0 288.0 326.0 292.0 Grasp 0
349.0 237.0 317.0 228.0 323.0 206.0 355.0 216.0 Grasp 0
331.0 298.0 284.0 284.0 290.0 263.0 337.0 277.0 Grasp 0
338.0 258.0 309.0 244.0 319.0 224.0 348.0 238.0 Grasp 0
331.0 285.0 295.0 267.0 305.0 247.0 341.0 265.0 Grasp 0
345.0 248.0 313.0 239.0 319.0 218.0 351.0 227.0 Grasp 0
361.0 209.0 326.0 199.0 332.0 178.0 367.0 188.0 Grasp 0
355.0 218.0 325.0 210.0 331.0 188.0 361.0 197.0 Grasp 0
365.0 192.0 333.0 183.0 339.0 161.0 371.0 170.0 Grasp 0
340.0 263.0 302.0 252.0 308.0 231.0 346.0 241.0 Grasp 0
325.0 311.0 283.0 299.0 289.0 277.0 331.0 289.0 Grasp 0
