428.0 217.0 373.0 259.0 359.0 242.0 415.0 200.0 Grasp 0
304.0 196.0 304.0 276.0 282.0 276.0 282.0 196.0 Grasp 0
349.0 276.0 300.0 197.0 319.0 185.0 368.0 264.0 Grasp 0
407.0 182.0 379.0 256.0 358.0 248.0 387.0 174.0 Grasp 0
379.0 168.0 379.0 246.0 357.0 246.0 357.0 168.0 Grasp 0
335.0 265.0 287.0 213.0 303.0 198.0 351.0 250.0 Grasp 0
431.0 250.0 367.0 269.0 361.0 247.0 425.0 229.0 Grasp 0
267.0 280.0 252.0 198.0 274.0 194.0 289.0 276.0 Grasp 0
428.0 247.0 382.0 282.0 369.0 264.0 414.0 230.0 Grasp 0
433.0 225.0 378.0 286.0 361.0 271.0 417.0 210.0 Grasp 0
425.0 209.0 384.0 276.0 365.0 265.0 407.0 198.0 Grasp 0
341.0 250.0 313.0 178.0 334.0 170.0 361.0 242.0 Grasp 0
281.0 275.0 267.0 197.0 289.0 193.0 303.0 271.0 Grasp 0
417.0 187.0 358.0 251.0 342.0 236.0 400.0 172.0 Grasp 0
425.0 200.0 358.0 251.0 345.0 233.0 412.0 183.0 Grasp 0
430.0 261.0 373.0 278.0 367.0 256.0 424.0 240.0 Grasp 0
352.0 257.0 299.0 284.0 289.0 264.0 342.0 237.0 Grasp 0
320.0 194.0 320.0 281.0 297.0 281.0 297.0 194.0 Grasp 0
335.0 256.0 292.0 208.0 309.0 193.0 352.0 241.0 Grasp 0
343.0 250.0 327.0 168.0 349.0 164.0 365.0 246.0 Grasp 0
290.0 200.0 275.0 280.0 253.0 276.0 268.0 196.0 Grasp 0
356.0 243.0 342.0 170.0 364.0 166.0 378.0 239.0 Grasp 0
