438.0 244.0 397.0 213.0 410.0 195.0 452.0 226.0 Grasp 0
378.0 293.0 344.0 256.0 360.0 241.0 394.0 278.0 Grasp 0
425.0 255.0 390.0 216.0 406.0 201.0 442.0 240.0 Grasp 0
407.0 265.0 378.0 233.0 395.0 218.0 423.0 250.0 Grasp 0
439.0 241.0 406.0 205.0 423.0 190.0 456.0 226.0 Grasp 0
372.0 310.0 326.0 260.0 343.0 245.0 388.0 295.0 Grasp 0
395.0 280.0 355.0 249.0 368.0 232.0 409.0 262.0 Grasp 0
399.0 269.0 371.0 240.0 388.0 225.0 415.0 254.0 Grasp 0
391.0 292.0 349.0 246.0 365.0 231.0 407.0 277.0 Grasp 0
412.0 258.0 385.0 228.0 401.0 213.0 428.0 243.0 Grasp 0
448.0 232.0 412.0 205.0 425.0 188.0 461.0 215.0 Grasp 0
398.0 279.0 363.0 240.0 379.0 225.0 414.0 264.0 Grasp 0
368.0 317.0 338.0 241.0 359.0 233.0 388.0 309.0 Grasp 0
384.0 306.0 355.0 232.0 376.0 224.0 404.0 298.0 Grasp 0
425.0 246.0 399.0 218.0 416.0 203.0 442.0 231.0 Grasp 0
377.0 304.0 334.0 257.0 351.0 242.0 393.0 289.0 Grasp 0
395.0 297.0 329.0 264.0 338.0 245.0 405.0 278.0 Grasp 0
430.0 248.0 403.0 204.0 422.0 192.0 449.0 236.0 Grasp 0
