379.0 233.0 337.0 202.0 350.0 184.0 392.0 216.0 Grasp 0
387.0 248.0 318.0 213.0 327.0 193.0 397.0 228.0 Grasp 0
370.0 252.0 320.0 227.0 330.0 207.0 380.0 232.0 Grasp 0
344.0 288.0 293.0 263.0 303.0 243.0 354.0 268.0 Grasp 0
330.0 302.0 288.0 257.0 305.0 242.0 346.0 287.0 Grasp 0
395.0 228.0 336.0 184.0 349.0 166.0 408.0 211.0 Grasp 0
421.0 212.0 346.0 156.0 359.0 138.0 434.0 195.0 Grasp 0
361.0 275.0 297.0 243.0 307.0 223.0 371.0 255.0 Grasp 0
384.0 245.0 324.0 201.0 338.0 183.0 397.0 228.0 Grasp 0
414.0 217.0 342.0 180.0 351.0 161.0 424.0 197.0 Grasp 0
387.0 231.0 337.0 193.0 350.0 175.0 400.0 213.0 Grasp 0
346.0 285.0 297.0 248.0 310.0 230.0 359.0 267.0 Grasp 0
403.0 217.0 346.0 189.0 356.0 169.0 413.0 197.0 Grasp 0
341.0 296.0 286.0 269.0 296.0 249.0 351.0 276.0 Grasp 0
362.0 267.0 310.0 227.0 323.0 209.0 376.0 249.0 Grasp 0
410.0 207.0 353.0 178.0 362.0 159.0 420.0 187.0 Grasp 0
333.0 296.0 292.0 251.0 308.0 235.0 349.0 280.0 Grasp 0
359.0 281.0 288.0 261.0 294.0 239.0 366.0 260.0 Grasp 0
