362.0 231.0 340.0 208.0 356.0 193.0 378.0 217.0 Grasp 0
344.0 251.0 320.0 224.0 336.0 210.0 360.0 236.0 Grasp 0
324.0 284.0 276.0 260.0 286.0 240.0 334.0 264.0 Grasp 0
318.0 272.0 296.0 248.0 312.0 234.0 334.0 257.0 Grasp 0
358.0 251.0 317.0 220.0 330.0 202.0 371.0 233.0 Grasp 0
304.0 285.0 284.0 253.0 303.0 242.0 322.0 274.0 Grasp 0
361.0 240.0 329.0 215.0 342.0 198.0 374.0 222.0 Grasp 0
338.0 263.0 307.0 229.0 323.0 214.0 354.0 248.0 Grasp 0
325.0 281.0 283.0 250.0 297.0 232.0 338.0 264.0 Grasp 0
324.0 267.0 302.0 242.0 318.0 227.0 340.0 252.0 Grasp 0
331.0 266.0 303.0 235.0 319.0 220.0 347.0 251.0 Grasp 0
375.0 235.0 330.0 212.0 339.0 193.0 385.0 215.0 Grasp 0
338.0 255.0 315.0 230.0 331.0 215.0 354.0 240.0 Grasp 0
315.0 286.0 287.0 240.0 305.0 228.0 334.0 274.0 Grasp 0
343.0 249.0 328.0 208.0 348.0 200.0 364.0 241.0 Grasp 0
370.0 232.0 342.0 201.0 358.0 186.0 386.0 217.0 Grasp 0
350.0 243.0 328.0 219.0 344.0 204.0 366.0 228.0 Grasp 0
358.0 243.0 332.0 201.0 351.0 189.0 377.0 231.0 Grasp 0
318.0 276.0 300.0 230.0 320.0 222.0 338.0 268.0 Grasp 0
