460.0 146.0 399.0 151.0 397.0 129.0 458.0 123.0 Grasp 0
472.0 165.0 389.0 173.0 386.0 150.0 470.0 143.0 Grasp 0
391.0 302.0 338.0 275.0 348.0 255.0 402.0 282.0 Grasp 0
408.0 278.0 362.0 243.0 376.0 225.0 422.0 260.0 Grasp 0
356.0 315.0 329.0 285.0 346.0 270.0 373.0 300.0 Grasp 0
416.0 88.0 400.0 105.0 384.0 90.0 400.0 73.0 Grasp 0
456.0 209.0 387.0 189.0 394.0 167.0 462.0 187.0 Grasp 0
368.0 310.0 335.0 273.0 352.0 258.0 385.0 295.0 Grasp 0
418.0 277.0 361.0 234.0 375.0 216.0 431.0 259.0 Grasp 0
456.0 224.0 377.0 202.0 383.0 180.0 462.0 202.0 Grasp 0
460.0 157.0 400.0 163.0 398.0 140.0 458.0 134.0 Grasp 0
397.0 296.0 346.0 257.0 360.0 239.0 411.0 278.0 Grasp 0
470.0 175.0 389.0 183.0 387.0 160.0 468.0 152.0 Grasp 0
381.0 305.0 342.0 261.0 358.0 246.0 398.0 289.0 Grasp 0
441.0 240.0 379.0 209.0 389.0 189.0 451.0 219.0 Grasp 0
440.0 251.0 371.0 216.0 381.0 196.0 450.0 230.0 Grasp 0
430.0 257.0 372.0 228.0 382.0 208.0 440.0 236.0 Grasp 0
432.0 102.0 407.0 121.0 393.0 103.0 419.0 84.0 Grasp 0
458.0 128.0 399.0 145.0 392.0 123.0 452.0 107.0 Grasp 0
463.0 203.0 385.0 181.0 391.0 159.0 469.0 181.0 Grasp 0
405.0 290.0 350.0 249.0 364.0 231.0 419.0 272.0 Grasp 0
458.0 133.0 403.0 160.0 393.0 140.0 448.0 112.0 Grasp 0
452.0 122.0 401.0 136.0 395.0 115.0 446.0 100.0 Grasp 0
427.0 96.0 398.0 110.0 388.0 91.0 417.0 76.0 Grasp 0
472.0 182.0 384.0 190.0 382.0 168.0 470.0 159.0 Grasp 0
457.0 132.0 397.0 126.0 399.0 104.0 459.0 109.0 Grasp 0
