462.0 161.0 416.0 211.0 398.0 195.0 445.0 145.0 Grasp 0
389.0 141.0 381.0 185.0 358.0 181.0 366.0 137.0 Grasp 0
422.0 138.0 412.0 190.0 389.0 185.0 399.0 133.0 Grasp 0
434.0 324.0 410.0 298.0 428.0 282.0 452.0 308.0 Grasp 0
342.0 194.0 321.0 171.0 338.0 155.0 359.0 178.0 Grasp 0
484.0 271.0 427.0 276.0 425.0 253.0 482.0 248.0 Grasp 0
464.0 313.0 418.0 291.0 429.0 270.0 474.0 292.0 Grasp 0
465.0 181.0 419.0 215.0 405.0 197.0 451.0 162.0 Grasp 0
358.0 301.0 345.0 334.0 323.0 325.0 336.0 292.0 Grasp 0
477.0 238.0 417.0 233.0 419.0 209.0 480.0 215.0 Grasp 0
299.0 252.0 267.0 243.0 273.0 221.0 305.0 230.0 Grasp 0
323.0 287.0 285.0 316.0 271.0 297.0 308.0 268.0 Grasp 0
371.0 302.0 358.0 337.0 336.0 328.0 349.0 294.0 Grasp 0
317.0 218.0 291.0 189.0 309.0 174.0 335.0 202.0 Grasp 0
308.0 256.0 259.0 251.0 262.0 228.0 310.0 233.0 Grasp 0
310.0 222.0 287.0 197.0 304.0 181.0 327.0 206.0 Grasp 0
351.0 186.0 339.0 156.0 361.0 148.0 373.0 177.0 Grasp 0
439.0 145.0 416.0 202.0 394.0 194.0 417.0 137.0 Grasp 0
306.0 248.0 262.0 236.0 268.0 213.0 312.0 226.0 Grasp 0
444.0 152.0 393.0 191.0 378.0 172.0 429.0 133.0 Grasp 0
413.0 329.0 395.0 301.0 415.0 289.0 433.0 317.0 Grasp 0
447.0 157.0 410.0 197.0 393.0 182.0 430.0 141.0 Grasp 0
483.0 260.0 428.0 265.0 425.0 242.0 481.0 236.0 Grasp 0
472.0 295.0 421.0 269.0 432.0 248.0 483.0 274.0 Grasp 0
372.0 188.0 356.0 147.0 378.0 138.0 394.0 179.0 Grasp 0
303.0 233.0 278.0 214.0 292.0 195.0 317.0 215.0 Grasp 0
480.0 251.0 429.0 255.0 426.0 232.0 478.0 227.0 Grasp 0
414.0 141.0 399.0 179.0 377.0 171.0 392.0 132.0 Grasp 0
329.0 242.0 251.0 264.0 245.0 242.0 323.0 220.0 Grasp 0
348.0 298.0 335.0 330.0 314.0 322.0 326.0 290.0 Grasp 0
475.0 188.0 428.0 240.0 411.0 224.0 458.0 172.0 Grasp 0
484.0 288.0 421.0 293.0 418.0 270.0 482.0 264.0 Grasp 0
396.0 334.0 376.0 303.0 396.0 290.0 416.0 322.0 Grasp 0
382.0 340.0 357.0 300.0 377.0 288.0 402.0 327.0 Grasp 0
302.0 241.0 273.0 227.0 283.0 206.0 312.0 220.0 Grasp 0
327.0 291.0 309.0 321.0 289.0 309.0 307.0 279.0 Grasp 0
392.0 302.0 378.0 338.0 356.0 330.0 370.0 294.0 Grasp 0
481.0 222.0 412.0 229.0 410.0 205.0 479.0 199.0 Grasp 0
320.0 291.0 297.0 316.0 280.0 300.0 302.0 275.0 Grasp 0
403.0 137.0 396.0 178.0 372.0 173.0 380.0 132.0 Grasp 0
468.0 172.0 397.0 208.0 386.0 187.0 458.0 152.0 Grasp 0
404.0 333.0 385.0 302.0 405.0 290.0 424.0 320.0 Grasp 0
330.0 200.0 313.0 173.0 333.0 160.0 350.0 188.0 Grasp 0
468.0 301.0 423.0 278.0 433.0 257.0 479.0 280.0 Grasp 0
329.0 207.0 304.0 180.0 322.0 164.0 346.0 191.0 Grasp 0
478.0 208.0 426.0 234.0 416.0 213.0 467.0 187.0 Grasp 0
383.0 303.0 370.0 338.0 348.0 329.0 361.0 294.0 Grasp 0
448.0 322.0 413.0 295.0 427.0 276.0 463.0 303.0 Grasp 0
302.0 263.0 262.0 259.0 264.0 236.0 304.0 240.0 Grasp 0
456.0 147.0 413.0 216.0 393.0 204.0 436.0 134.0 Grasp 0
336.0 294.0 315.0 327.0 296.0 315.0 316.0 281.0 Grasp 0
