431.0 186.0 380.0 148.0 393.0 129.0 445.0 168.0 Grasp 0
417.0 191.0 379.0 149.0 396.0 134.0 434.0 175.0 Grasp 0
384.0 214.0 355.0 167.0 374.0 155.0 403.0 202.0 Grasp 0
404.0 207.0 368.0 148.0 387.0 136.0 423.0 195.0 Grasp 0
429.0 185.0 393.0 127.0 412.0 115.0 448.0 173.0 Grasp 0
401.0 205.0 363.0 163.0 380.0 147.0 418.0 189.0 Grasp 0
329.0 248.0 311.0 229.0 328.0 213.0 345.0 233.0 Grasp 0
372.0 223.0 342.0 189.0 358.0 174.0 389.0 207.0 Grasp 0
347.0 242.0 318.0 210.0 335.0 195.0 364.0 227.0 Grasp 0
390.0 215.0 350.0 185.0 364.0 167.0 404.0 197.0 Grasp 0
438.0 181.0 372.0 162.0 378.0 140.0 444.0 159.0 Grasp 0
354.0 247.0 322.0 196.0 341.0 184.0 373.0 235.0 Grasp 0
290.0 277.0 274.0 265.0 287.0 247.0 304.0 260.0 Grasp 0
375.0 215.0 351.0 177.0 370.0 165.0 394.0 203.0 Grasp 0
359.0 237.0 319.0 206.0 333.0 188.0 373.0 219.0 Grasp 0
267.0 298.0 249.0 284.0 262.0 267.0 280.0 281.0 Grasp 0
250.0 309.0 238.0 295.0 254.0 280.0 266.0 294.0 Grasp 0
356.0 231.0 330.0 202.0 346.0 187.0 372.0 216.0 Grasp 0
391.0 213.0 366.0 147.0 387.0 139.0 413.0 204.0 Grasp 0
442.0 181.0 390.0 142.0 404.0 124.0 456.0 163.0 Grasp 0
411.0 196.0 375.0 157.0 392.0 141.0 428.0 181.0 Grasp 0
417.0 210.0 342.0 188.0 348.0 166.0 423.0 188.0 Grasp 0
342.0 253.0 312.0 204.0 331.0 192.0 361.0 241.0 Grasp 0
354.0 259.0 292.0 242.0 298.0 221.0 360.0 238.0 Grasp 0
395.0 207.0 360.0 169.0 376.0 154.0 411.0 192.0 Grasp 0
273.0 295.0 254.0 280.0 267.0 263.0 286.0 277.0 Grasp 0
255.0 303.0 243.0 291.0 260.0 276.0 271.0 289.0 Grasp 0
