309.0 309.0 275.0 299.0 281.0 278.0 315.0 288.0 Grasp 0
308.0 298.0 282.0 285.0 292.0 266.0 318.0 279.0 Grasp 0
337.0 249.0 304.0 240.0 310.0 219.0 343.0 228.0 Grasp 0
338.0 240.0 308.0 225.0 318.0 205.0 348.0 220.0 Grasp 0
303.0 315.0 274.0 306.0 280.0 285.0 309.0 294.0 Grasp 0
346.0 218.0 321.0 205.0 331.0 185.0 356.0 198.0 Grasp 0
360.0 189.0 335.0 176.0 344.0 156.0 370.0 169.0 Grasp 0
315.0 291.0 283.0 275.0 293.0 255.0 325.0 271.0 Grasp 0
325.0 277.0 290.0 267.0 296.0 245.0 331.0 256.0 Grasp 0
364.0 182.0 337.0 169.0 347.0 149.0 374.0 162.0 Grasp 0
341.0 233.0 313.0 219.0 323.0 199.0 351.0 213.0 Grasp 0
347.0 224.0 316.0 215.0 322.0 194.0 353.0 203.0 Grasp 0
354.0 202.0 329.0 189.0 339.0 170.0 364.0 182.0 Grasp 0
333.0 263.0 296.0 252.0 302.0 231.0 339.0 241.0 Grasp 0
329.0 258.0 301.0 244.0 311.0 224.0 339.0 238.0 Grasp 0
353.0 209.0 324.0 195.0 334.0 175.0 362.0 190.0 Grasp 0
324.0 271.0 293.0 256.0 302.0 236.0 333.0 252.0 Grasp 0
359.0 196.0 328.0 181.0 338.0 161.0 369.0 176.0 Grasp 0
