343.0 258.0 320.0 318.0 299.0 310.0 322.0 250.0 Grasp 0
367.0 265.0 356.0 324.0 334.0 320.0 345.0 260.0 Grasp 0
409.0 281.0 388.0 334.0 367.0 326.0 387.0 273.0 Grasp 0
317.0 251.0 283.0 289.0 266.0 274.0 300.0 236.0 Grasp 0
340.0 263.0 293.0 314.0 277.0 299.0 323.0 248.0 Grasp 0
361.0 263.0 337.0 325.0 316.0 316.0 340.0 255.0 Grasp 0
305.0 241.0 279.0 283.0 260.0 271.0 286.0 230.0 Grasp 0
290.0 246.0 278.0 276.0 257.0 268.0 269.0 238.0 Grasp 0
387.0 267.0 374.0 336.0 352.0 332.0 365.0 263.0 Grasp 0
330.0 250.0 287.0 297.0 270.0 282.0 313.0 235.0 Grasp 0
384.0 276.0 364.0 328.0 343.0 320.0 363.0 268.0 Grasp 0
293.0 237.0 274.0 269.0 255.0 257.0 274.0 225.0 Grasp 0
375.0 256.0 360.0 336.0 338.0 332.0 353.0 252.0 Grasp 0
332.0 237.0 332.0 327.0 310.0 327.0 310.0 237.0 Grasp 0
350.0 265.0 285.0 298.0 275.0 277.0 340.0 245.0 Grasp 0
391.0 277.0 381.0 330.0 359.0 326.0 368.0 273.0 Grasp 0
327.0 245.0 313.0 320.0 291.0 315.0 305.0 241.0 Grasp 0
347.0 257.0 335.0 318.0 313.0 314.0 325.0 253.0 Grasp 0
417.0 279.0 393.0 341.0 371.0 332.0 395.0 271.0 Grasp 0
363.0 254.0 349.0 332.0 327.0 328.0 341.0 250.0 Grasp 0
325.0 247.0 298.0 316.0 277.0 308.0 304.0 239.0 Grasp 0
356.0 262.0 317.0 325.0 298.0 314.0 337.0 250.0 Grasp 0
394.0 278.0 394.0 334.0 371.0 334.0 371.0 278.0 Grasp 0
