316.0 158.0 253.0 205.0 239.0 187.0 302.0 140.0 Grasp 0
337.0 190.0 281.0 251.0 265.0 236.0 320.0 175.0 Grasp 0
341.0 212.0 301.0 255.0 284.0 240.0 324.0 196.0 Grasp 0
304.0 161.0 249.0 188.0 239.0 168.0 294.0 140.0 Grasp 0
321.0 175.0 253.0 209.0 243.0 189.0 311.0 155.0 Grasp 0
340.0 214.0 284.0 242.0 274.0 222.0 330.0 194.0 Grasp 0
302.0 144.0 245.0 187.0 231.0 169.0 289.0 126.0 Grasp 0
316.0 185.0 273.0 218.0 260.0 200.0 303.0 167.0 Grasp 0
294.0 141.0 248.0 176.0 234.0 158.0 280.0 123.0 Grasp 0
335.0 202.0 290.0 251.0 274.0 236.0 319.0 186.0 Grasp 0
329.0 192.0 276.0 232.0 263.0 214.0 315.0 174.0 Grasp 0
347.0 204.0 270.0 242.0 260.0 222.0 337.0 184.0 Grasp 0
326.0 202.0 284.0 234.0 270.0 216.0 313.0 184.0 Grasp 0
308.0 177.0 261.0 200.0 251.0 180.0 298.0 156.0 Grasp 0
290.0 126.0 253.0 186.0 234.0 174.0 271.0 114.0 Grasp 0
308.0 165.0 268.0 208.0 251.0 193.0 291.0 149.0 Grasp 0
327.0 186.0 303.0 249.0 282.0 241.0 306.0 178.0 Grasp 0
340.0 223.0 270.0 229.0 268.0 207.0 338.0 201.0 Grasp 0
323.0 174.0 262.0 221.0 248.0 203.0 310.0 156.0 Grasp 0
