421.0 265.0 389.0 214.0 409.0 202.0 441.0 253.0 Grasp 0
433.0 256.0 412.0 201.0 433.0 193.0 454.0 247.0 Grasp 0
392.0 283.0 358.0 228.0 377.0 216.0 411.0 271.0 Grasp 0
447.0 254.0 415.0 202.0 435.0 190.0 466.0 242.0 Grasp 0
430.0 256.0 402.0 211.0 422.0 199.0 449.0 244.0 Grasp 0
383.0 286.0 347.0 227.0 366.0 215.0 402.0 274.0 Grasp 0
460.0 249.0 424.0 192.0 444.0 180.0 479.0 237.0 Grasp 0
408.0 270.0 378.0 221.0 397.0 209.0 428.0 258.0 Grasp 0
397.0 279.0 372.0 214.0 393.0 206.0 419.0 271.0 Grasp 0
393.0 275.0 366.0 231.0 385.0 219.0 413.0 263.0 Grasp 0
407.0 270.0 394.0 203.0 417.0 199.0 429.0 266.0 Grasp 0
419.0 277.0 378.0 209.0 397.0 197.0 439.0 265.0 Grasp 0
413.0 205.0 413.0 274.0 390.0 274.0 390.0 205.0 Grasp 0
418.0 276.0 347.0 241.0 357.0 221.0 428.0 256.0 Grasp 0
456.0 240.0 437.0 190.0 458.0 182.0 478.0 232.0 Grasp 0
