343.0 194.0 329.0 264.0 307.0 260.0 320.0 190.0 Grasp 0
295.0 190.0 283.0 253.0 261.0 249.0 273.0 186.0 Grasp 0
333.0 204.0 313.0 254.0 292.0 246.0 312.0 195.0 Grasp 0
309.0 186.0 309.0 258.0 286.0 258.0 286.0 186.0 Grasp 0
362.0 206.0 352.0 259.0 330.0 255.0 340.0 202.0 Grasp 0
287.0 185.0 274.0 255.0 251.0 251.0 264.0 181.0 Grasp 0
392.0 213.0 372.0 264.0 351.0 255.0 371.0 205.0 Grasp 0
350.0 202.0 339.0 259.0 317.0 255.0 328.0 198.0 Grasp 0
306.0 190.0 294.0 257.0 272.0 253.0 284.0 186.0 Grasp 0
271.0 249.0 260.0 193.0 283.0 189.0 293.0 245.0 Grasp 0
383.0 210.0 360.0 268.0 339.0 260.0 362.0 202.0 Grasp 0
324.0 191.0 324.0 260.0 302.0 260.0 302.0 191.0 Grasp 0
371.0 206.0 361.0 262.0 339.0 258.0 349.0 202.0 Grasp 0
396.0 217.0 388.0 260.0 366.0 256.0 374.0 213.0 Grasp 0
322.0 195.0 310.0 258.0 288.0 253.0 299.0 191.0 Grasp 0
338.0 268.0 311.0 198.0 332.0 190.0 359.0 260.0 Grasp 0
303.0 195.0 265.0 255.0 246.0 243.0 284.0 183.0 Grasp 0
364.0 200.0 338.0 267.0 317.0 259.0 343.0 192.0 Grasp 0
318.0 200.0 297.0 254.0 276.0 246.0 297.0 192.0 Grasp 0
347.0 261.0 324.0 201.0 345.0 193.0 369.0 252.0 Grasp 0
286.0 261.0 257.0 187.0 278.0 179.0 307.0 252.0 Grasp 0
