308.0 128.0 245.0 160.0 235.0 140.0 298.0 109.0 Grasp 0
269.0 252.0 248.0 250.0 250.0 228.0 271.0 230.0 Grasp 0
280.0 198.0 252.0 184.0 262.0 165.0 290.0 179.0 Grasp 0
269.0 240.0 247.0 234.0 253.0 212.0 275.0 219.0 Grasp 0
318.0 134.0 308.0 186.0 286.0 182.0 296.0 130.0 Grasp 0
274.0 296.0 253.0 298.0 251.0 276.0 272.0 274.0 Grasp 0
306.0 154.0 261.0 177.0 251.0 157.0 296.0 135.0 Grasp 0
301.0 127.0 228.0 120.0 230.0 98.0 304.0 105.0 Grasp 0
353.0 181.0 344.0 203.0 323.0 196.0 332.0 173.0 Grasp 0
295.0 142.0 262.0 116.0 275.0 99.0 308.0 124.0 Grasp 0
306.0 146.0 260.0 168.0 251.0 149.0 296.0 126.0 Grasp 0
274.0 211.0 251.0 200.0 261.0 180.0 283.0 192.0 Grasp 0
270.0 225.0 249.0 214.0 259.0 194.0 280.0 205.0 Grasp 0
333.0 172.0 259.0 179.0 257.0 157.0 331.0 150.0 Grasp 0
388.0 216.0 373.0 233.0 357.0 218.0 372.0 201.0 Grasp 0
340.0 170.0 330.0 195.0 310.0 187.0 319.0 162.0 Grasp 0
318.0 166.0 260.0 210.0 247.0 192.0 304.0 148.0 Grasp 0
265.0 117.0 251.0 152.0 231.0 144.0 244.0 110.0 Grasp 0
370.0 198.0 354.0 215.0 338.0 200.0 353.0 183.0 Grasp 0
316.0 107.0 316.0 199.0 294.0 199.0 294.0 107.0 Grasp 0
398.0 229.0 384.0 244.0 368.0 229.0 382.0 214.0 Grasp 0
361.0 192.0 347.0 208.0 330.0 193.0 345.0 177.0 Grasp 0
271.0 257.0 251.0 259.0 249.0 237.0 269.0 235.0 Grasp 0
322.0 155.0 317.0 184.0 295.0 180.0 301.0 151.0 Grasp 0
413.0 247.0 400.0 261.0 384.0 246.0 397.0 232.0 Grasp 0
420.0 254.0 407.0 268.0 390.0 253.0 404.0 239.0 Grasp 0
317.0 114.0 303.0 189.0 281.0 185.0 295.0 109.0 Grasp 0
274.0 319.0 257.0 320.0 255.0 298.0 272.0 297.0 Grasp 0
274.0 304.0 256.0 305.0 254.0 283.0 272.0 282.0 Grasp 0
308.0 133.0 228.0 140.0 226.0 118.0 306.0 111.0 Grasp 0
271.0 269.0 251.0 271.0 249.0 249.0 269.0 247.0 Grasp 0
272.0 230.0 248.0 224.0 254.0 203.0 278.0 209.0 Grasp 0
354.0 187.0 338.0 204.0 322.0 189.0 338.0 172.0 Grasp 0
308.0 112.0 243.0 161.0 230.0 143.0 294.0 95.0 Grasp 0
331.0 163.0 326.0 191.0 304.0 187.0 310.0 159.0 Grasp 0
311.0 153.0 255.0 195.0 242.0 177.0 298.0 135.0 Grasp 0
314.0 168.0 267.0 192.0 257.0 172.0 304.0 149.0 Grasp 0
393.0 221.0 378.0 238.0 362.0 223.0 377.0 207.0 Grasp 0
381.0 209.0 366.0 225.0 350.0 211.0 365.0 194.0 Grasp 0
312.0 153.0 252.0 219.0 236.0 204.0 296.0 139.0 Grasp 0
335.0 176.0 257.0 199.0 251.0 178.0 329.0 155.0 Grasp 0
407.0 241.0 394.0 255.0 378.0 241.0 391.0 226.0 Grasp 0
312.0 145.0 229.0 153.0 227.0 131.0 310.0 123.0 Grasp 0
