343.0 271.0 295.0 266.0 298.0 244.0 345.0 249.0 Grasp 0
350.0 226.0 313.0 216.0 319.0 194.0 356.0 205.0 Grasp 0
346.0 242.0 308.0 232.0 314.0 210.0 352.0 221.0 Grasp 0
348.0 262.0 295.0 247.0 301.0 225.0 355.0 241.0 Grasp 0
362.0 219.0 308.0 214.0 310.0 191.0 364.0 196.0 Grasp 0
355.0 230.0 308.0 225.0 310.0 203.0 357.0 208.0 Grasp 0
352.0 255.0 300.0 240.0 306.0 219.0 358.0 234.0 Grasp 0
337.0 309.0 283.0 282.0 293.0 262.0 347.0 289.0 Grasp 0
336.0 284.0 294.0 272.0 300.0 250.0 343.0 263.0 Grasp 0
363.0 206.0 314.0 202.0 316.0 179.0 365.0 184.0 Grasp 0
340.0 297.0 287.0 281.0 293.0 260.0 346.0 275.0 Grasp 0
343.0 267.0 297.0 254.0 303.0 233.0 349.0 246.0 Grasp 0
339.0 312.0 276.0 294.0 282.0 273.0 345.0 291.0 Grasp 0
356.0 228.0 307.0 204.0 317.0 184.0 366.0 208.0 Grasp 0
355.0 215.0 315.0 204.0 321.0 183.0 361.0 194.0 Grasp 0
348.0 286.0 282.0 280.0 284.0 258.0 350.0 264.0 Grasp 0
352.0 278.0 282.0 271.0 284.0 249.0 354.0 256.0 Grasp 0
357.0 214.0 313.0 192.0 323.0 172.0 367.0 194.0 Grasp 0
