437.0 215.0 372.0 247.0 362.0 227.0 427.0 194.0 Grasp 0
429.0 189.0 340.0 198.0 338.0 175.0 427.0 167.0 Grasp 0
445.0 235.0 381.0 266.0 371.0 246.0 434.0 215.0 Grasp 0
429.0 200.0 366.0 231.0 356.0 211.0 419.0 180.0 Grasp 0
426.0 193.0 356.0 213.0 350.0 191.0 420.0 171.0 Grasp 0
424.0 176.0 353.0 212.0 342.0 192.0 414.0 156.0 Grasp 0
451.0 215.0 387.0 285.0 370.0 270.0 434.0 200.0 Grasp 0
450.0 224.0 370.0 264.0 360.0 243.0 440.0 203.0 Grasp 0
433.0 206.0 369.0 238.0 359.0 218.0 423.0 186.0 Grasp 0
424.0 161.0 362.0 229.0 345.0 213.0 407.0 146.0 Grasp 0
453.0 250.0 366.0 258.0 364.0 236.0 451.0 228.0 Grasp 0
