387.0 203.0 387.0 279.0 365.0 279.0 365.0 203.0 Grasp 0
383.0 285.0 320.0 280.0 322.0 257.0 385.0 263.0 Grasp 0
408.0 208.0 396.0 274.0 374.0 270.0 386.0 204.0 Grasp 0
377.0 296.0 314.0 265.0 324.0 245.0 387.0 276.0 Grasp 0
362.0 283.0 348.0 206.0 370.0 202.0 384.0 279.0 Grasp 0
432.0 218.0 408.0 281.0 387.0 273.0 411.0 210.0 Grasp 0
382.0 292.0 328.0 319.0 318.0 299.0 372.0 272.0 Grasp 0
447.0 229.0 408.0 292.0 389.0 280.0 428.0 218.0 Grasp 0
379.0 311.0 317.0 305.0 319.0 283.0 382.0 288.0 Grasp 0
365.0 318.0 318.0 283.0 331.0 265.0 378.0 301.0 Grasp 0
496.0 221.0 480.0 307.0 458.0 303.0 474.0 217.0 Grasp 0
382.0 281.0 323.0 236.0 337.0 219.0 395.0 263.0 Grasp 0
384.0 283.0 319.0 250.0 329.0 230.0 394.0 263.0 Grasp 0
475.0 230.0 414.0 297.0 398.0 282.0 459.0 215.0 Grasp 0
380.0 306.0 313.0 287.0 319.0 266.0 386.0 285.0 Grasp 0
379.0 276.0 334.0 226.0 350.0 211.0 396.0 261.0 Grasp 0
368.0 314.0 313.0 255.0 330.0 240.0 384.0 299.0 Grasp 0
388.0 314.0 339.0 234.0 358.0 222.0 408.0 302.0 Grasp 0
453.0 312.0 436.0 222.0 458.0 218.0 475.0 308.0 Grasp 0
424.0 214.0 400.0 277.0 379.0 269.0 403.0 206.0 Grasp 0
395.0 322.0 328.0 288.0 338.0 268.0 405.0 302.0 Grasp 0
438.0 330.0 388.0 293.0 402.0 275.0 451.0 313.0 Grasp 0
372.0 301.0 328.0 305.0 326.0 283.0 370.0 279.0 Grasp 0
479.0 307.0 463.0 221.0 485.0 217.0 501.0 303.0 Grasp 0
479.0 305.0 449.0 229.0 470.0 221.0 499.0 297.0 Grasp 0
430.0 307.0 414.0 221.0 436.0 217.0 452.0 303.0 Grasp 0
