535.0 144.0 483.0 139.0 486.0 116.0 537.0 121.0 Grasp 0
520.0 188.0 476.0 184.0 478.0 162.0 522.0 166.0 Grasp 0
543.0 136.0 476.0 117.0 482.0 95.0 549.0 114.0 Grasp 0
546.0 103.0 492.0 98.0 494.0 75.0 548.0 80.0 Grasp 0
486.0 284.0 462.0 286.0 460.0 264.0 484.0 262.0 Grasp 0
532.0 151.0 482.0 147.0 485.0 124.0 534.0 129.0 Grasp 0
524.0 175.0 474.0 161.0 480.0 139.0 531.0 153.0 Grasp 0
517.0 213.0 468.0 209.0 470.0 186.0 519.0 191.0 Grasp 0
544.0 118.0 486.0 112.0 489.0 90.0 546.0 95.0 Grasp 0
475.0 307.0 457.0 302.0 463.0 281.0 481.0 286.0 Grasp 0
546.0 117.0 481.0 98.0 487.0 76.0 553.0 94.0 Grasp 0
526.0 165.0 476.0 151.0 483.0 130.0 532.0 144.0 Grasp 0
516.0 213.0 465.0 188.0 475.0 168.0 526.0 193.0 Grasp 0
541.0 138.0 478.0 132.0 480.0 109.0 544.0 115.0 Grasp 0
486.0 270.0 467.0 268.0 469.0 246.0 488.0 248.0 Grasp 0
554.0 104.0 484.0 110.0 482.0 87.0 551.0 81.0 Grasp 0
521.0 196.0 468.0 191.0 470.0 169.0 523.0 174.0 Grasp 0
475.0 322.0 453.0 320.0 455.0 298.0 477.0 301.0 Grasp 0
556.0 93.0 485.0 128.0 475.0 108.0 545.0 72.0 Grasp 0
531.0 165.0 482.0 170.0 480.0 147.0 529.0 143.0 Grasp 0
537.0 155.0 481.0 160.0 479.0 138.0 535.0 133.0 Grasp 0
481.0 304.0 457.0 306.0 455.0 284.0 479.0 282.0 Grasp 0
