382.0 209.0 360.0 221.0 350.0 201.0 373.0 190.0 Grasp 0
357.0 181.0 342.0 197.0 326.0 182.0 341.0 166.0 Grasp 0
338.0 292.0 316.0 267.0 332.0 252.0 355.0 277.0 Grasp 0
396.0 212.0 386.0 267.0 364.0 263.0 375.0 207.0 Grasp 0
413.0 211.0 413.0 272.0 392.0 272.0 392.0 211.0 Grasp 0
388.0 213.0 364.0 225.0 355.0 205.0 378.0 193.0 Grasp 0
400.0 286.0 350.0 248.0 363.0 230.0 413.0 269.0 Grasp 0
309.0 299.0 293.0 273.0 312.0 261.0 328.0 287.0 Grasp 0
323.0 157.0 305.0 176.0 289.0 161.0 306.0 142.0 Grasp 0
373.0 279.0 344.0 257.0 357.0 240.0 386.0 262.0 Grasp 0
438.0 206.0 424.0 283.0 402.0 279.0 416.0 202.0 Grasp 0
429.0 216.0 408.0 270.0 387.0 262.0 408.0 208.0 Grasp 0
341.0 167.0 325.0 185.0 308.0 170.0 325.0 152.0 Grasp 0
402.0 217.0 366.0 234.0 357.0 215.0 392.0 197.0 Grasp 0
299.0 300.0 285.0 276.0 303.0 265.0 318.0 288.0 Grasp 0
343.0 287.0 324.0 267.0 340.0 252.0 359.0 273.0 Grasp 0
315.0 295.0 301.0 273.0 320.0 262.0 333.0 283.0 Grasp 0
289.0 141.0 275.0 157.0 259.0 142.0 273.0 127.0 Grasp 0
283.0 306.0 264.0 276.0 282.0 264.0 301.0 294.0 Grasp 0
376.0 196.0 347.0 211.0 337.0 191.0 366.0 177.0 Grasp 0
300.0 147.0 285.0 163.0 269.0 149.0 284.0 132.0 Grasp 0
256.0 304.0 246.0 280.0 267.0 272.0 276.0 296.0 Grasp 0
441.0 249.0 402.0 219.0 415.0 202.0 455.0 231.0 Grasp 0
403.0 207.0 391.0 273.0 369.0 269.0 382.0 203.0 Grasp 0
327.0 291.0 314.0 270.0 333.0 258.0 346.0 279.0 Grasp 0
413.0 219.0 371.0 240.0 361.0 220.0 403.0 199.0 Grasp 0
310.0 151.0 294.0 169.0 278.0 154.0 294.0 137.0 Grasp 0
372.0 192.0 355.0 210.0 339.0 195.0 355.0 177.0 Grasp 0
355.0 279.0 338.0 261.0 354.0 246.0 371.0 264.0 Grasp 0
246.0 307.0 232.0 285.0 251.0 273.0 265.0 296.0 Grasp 0
289.0 304.0 272.0 276.0 291.0 264.0 308.0 292.0 Grasp 0
280.0 276.0 267.0 309.0 247.0 301.0 260.0 268.0 Grasp 0
344.0 282.0 333.0 263.0 352.0 252.0 363.0 270.0 Grasp 0
329.0 162.0 313.0 179.0 297.0 165.0 313.0 147.0 Grasp 0
350.0 173.0 338.0 191.0 320.0 180.0 331.0 162.0 Grasp 0
382.0 278.0 347.0 252.0 360.0 234.0 395.0 261.0 Grasp 0
429.0 220.0 420.0 269.0 398.0 265.0 408.0 216.0 Grasp 0
447.0 262.0 411.0 280.0 401.0 260.0 437.0 242.0 Grasp 0
381.0 269.0 365.0 186.0 387.0 182.0 403.0 265.0 Grasp 0
406.0 200.0 406.0 274.0 384.0 274.0 384.0 200.0 Grasp 0
365.0 185.0 349.0 203.0 333.0 188.0 349.0 170.0 Grasp 0
438.0 244.0 421.0 216.0 440.0 205.0 457.0 232.0 Grasp 0
327.0 296.0 303.0 271.0 320.0 256.0 343.0 282.0 Grasp 0
406.0 220.0 361.0 292.0 343.0 280.0 387.0 208.0 Grasp 0
454.0 264.0 424.0 286.0 411.0 269.0 440.0 246.0 Grasp 0
