346.0 227.0 301.0 262.0 287.0 244.0 333.0 209.0 Grasp 0
327.0 203.0 283.0 236.0 269.0 219.0 313.0 186.0 Grasp 0
345.0 241.0 315.0 264.0 302.0 246.0 332.0 224.0 Grasp 0
317.0 182.0 275.0 228.0 258.0 213.0 301.0 167.0 Grasp 0
343.0 200.0 288.0 260.0 272.0 245.0 326.0 185.0 Grasp 0
348.0 206.0 293.0 267.0 276.0 252.0 332.0 191.0 Grasp 0
322.0 180.0 283.0 243.0 264.0 231.0 303.0 168.0 Grasp 0
367.0 281.0 351.0 293.0 337.0 275.0 354.0 263.0 Grasp 0
354.0 257.0 329.0 276.0 315.0 259.0 341.0 239.0 Grasp 0
331.0 213.0 291.0 243.0 278.0 226.0 318.0 195.0 Grasp 0
353.0 244.0 326.0 274.0 309.0 259.0 336.0 229.0 Grasp 0
366.0 268.0 347.0 289.0 331.0 274.0 349.0 253.0 Grasp 0
316.0 196.0 270.0 219.0 260.0 199.0 306.0 176.0 Grasp 0
362.0 261.0 342.0 283.0 325.0 268.0 346.0 246.0 Grasp 0
347.0 218.0 281.0 251.0 271.0 231.0 337.0 198.0 Grasp 0
357.0 228.0 337.0 279.0 317.0 271.0 336.0 220.0 Grasp 0
326.0 200.0 270.0 228.0 260.0 208.0 316.0 180.0 Grasp 0
328.0 216.0 258.0 210.0 260.0 187.0 330.0 194.0 Grasp 0
375.0 282.0 358.0 301.0 342.0 286.0 359.0 267.0 Grasp 0
307.0 172.0 295.0 239.0 273.0 235.0 285.0 168.0 Grasp 0
