378.0 145.0 346.0 129.0 356.0 109.0 388.0 125.0 Grasp 0
388.0 138.0 349.0 127.0 355.0 106.0 394.0 117.0 Grasp 0
308.0 299.0 252.0 271.0 262.0 251.0 318.0 279.0 Grasp 0
306.0 285.0 267.0 255.0 281.0 238.0 320.0 268.0 Grasp 0
347.0 198.0 318.0 183.0 328.0 164.0 357.0 178.0 Grasp 0
369.0 161.0 338.0 146.0 347.0 126.0 379.0 142.0 Grasp 0
302.0 312.0 246.0 269.0 259.0 252.0 316.0 295.0 Grasp 0
381.0 140.0 349.0 115.0 362.0 97.0 395.0 122.0 Grasp 0
362.0 166.0 336.0 153.0 346.0 134.0 372.0 147.0 Grasp 0
358.0 177.0 330.0 162.0 340.0 143.0 368.0 157.0 Grasp 0
327.0 222.0 307.0 212.0 317.0 193.0 337.0 203.0 Grasp 0
372.0 150.0 346.0 137.0 356.0 117.0 382.0 130.0 Grasp 0
332.0 218.0 308.0 205.0 317.0 186.0 342.0 198.0 Grasp 0
317.0 277.0 253.0 271.0 255.0 249.0 319.0 255.0 Grasp 0
305.0 269.0 277.0 255.0 287.0 235.0 315.0 249.0 Grasp 0
315.0 308.0 243.0 315.0 241.0 293.0 313.0 286.0 Grasp 0
352.0 190.0 322.0 175.0 332.0 155.0 362.0 170.0 Grasp 0
317.0 293.0 248.0 300.0 246.0 278.0 315.0 271.0 Grasp 0
321.0 302.0 238.0 278.0 244.0 257.0 327.0 281.0 Grasp 0
325.0 287.0 243.0 279.0 245.0 257.0 327.0 265.0 Grasp 0
354.0 182.0 328.0 170.0 338.0 150.0 363.0 163.0 Grasp 0
342.0 206.0 314.0 192.0 324.0 172.0 352.0 186.0 Grasp 0
336.0 211.0 313.0 199.0 323.0 180.0 346.0 191.0 Grasp 0
304.0 262.0 285.0 252.0 294.0 232.0 314.0 242.0 Grasp 0
305.0 320.0 240.0 288.0 250.0 268.0 315.0 300.0 Grasp 0
314.0 262.0 257.0 267.0 255.0 246.0 312.0 240.0 Grasp 0
323.0 293.0 246.0 315.0 240.0 293.0 317.0 271.0 Grasp 0
290.0 321.0 243.0 270.0 260.0 255.0 306.0 306.0 Grasp 0
308.0 252.0 290.0 243.0 300.0 223.0 318.0 232.0 Grasp 0
306.0 302.0 259.0 251.0 275.0 236.0 322.0 288.0 Grasp 0
321.0 277.0 262.0 322.0 249.0 304.0 308.0 259.0 Grasp 0
