308.0 192.0 295.0 263.0 273.0 259.0 286.0 188.0 Grasp 0
346.0 206.0 334.0 269.0 311.0 265.0 323.0 202.0 Grasp 0
278.0 191.0 254.0 253.0 233.0 245.0 257.0 183.0 Grasp 0
337.0 202.0 325.0 269.0 303.0 265.0 315.0 198.0 Grasp 0
366.0 217.0 357.0 265.0 335.0 260.0 344.0 213.0 Grasp 0
297.0 196.0 286.0 257.0 264.0 253.0 275.0 192.0 Grasp 0
254.0 251.0 242.0 187.0 264.0 183.0 276.0 247.0 Grasp 0
320.0 207.0 311.0 257.0 289.0 252.0 298.0 202.0 Grasp 0
289.0 190.0 277.0 255.0 255.0 251.0 267.0 186.0 Grasp 0
315.0 198.0 303.0 261.0 281.0 257.0 293.0 193.0 Grasp 0
305.0 208.0 249.0 250.0 236.0 232.0 291.0 190.0 Grasp 0
383.0 228.0 366.0 270.0 345.0 262.0 362.0 220.0 Grasp 0
286.0 192.0 262.0 253.0 241.0 245.0 265.0 183.0 Grasp 0
286.0 263.0 240.0 190.0 260.0 178.0 305.0 252.0 Grasp 0
312.0 274.0 297.0 195.0 320.0 191.0 334.0 269.0 Grasp 0
269.0 259.0 256.0 188.0 279.0 183.0 292.0 254.0 Grasp 0
329.0 202.0 317.0 265.0 295.0 261.0 307.0 197.0 Grasp 0
351.0 214.0 341.0 265.0 319.0 261.0 329.0 209.0 Grasp 0
