273.0 333.0 258.0 255.0 280.0 251.0 294.0 329.0 Grasp 0
389.0 238.0 318.0 185.0 332.0 167.0 402.0 221.0 Grasp 0
366.0 280.0 280.0 255.0 287.0 234.0 372.0 258.0 Grasp 0
333.0 174.0 305.0 245.0 284.0 237.0 312.0 166.0 Grasp 0
343.0 325.0 283.0 279.0 297.0 262.0 357.0 307.0 Grasp 0
374.0 250.0 310.0 201.0 323.0 183.0 388.0 232.0 Grasp 0
310.0 343.0 281.0 269.0 302.0 261.0 331.0 335.0 Grasp 0
353.0 306.0 294.0 277.0 304.0 257.0 363.0 286.0 Grasp 0
320.0 334.0 294.0 269.0 315.0 261.0 340.0 326.0 Grasp 0
275.0 256.0 275.0 314.0 253.0 314.0 253.0 256.0 Grasp 0
300.0 269.0 300.0 329.0 278.0 329.0 278.0 269.0 Grasp 0
290.0 260.0 278.0 323.0 257.0 319.0 269.0 256.0 Grasp 0
308.0 276.0 289.0 324.0 269.0 316.0 287.0 268.0 Grasp 0
293.0 270.0 242.0 309.0 229.0 291.0 280.0 252.0 Grasp 0
308.0 188.0 308.0 249.0 285.0 249.0 285.0 188.0 Grasp 0
293.0 342.0 259.0 255.0 280.0 247.0 313.0 334.0 Grasp 0
390.0 241.0 299.0 249.0 297.0 227.0 388.0 219.0 Grasp 0
288.0 256.0 263.0 320.0 242.0 312.0 267.0 248.0 Grasp 0
315.0 266.0 315.0 332.0 293.0 332.0 293.0 266.0 Grasp 0
373.0 296.0 286.0 271.0 292.0 250.0 379.0 275.0 Grasp 0
369.0 258.0 275.0 249.0 277.0 227.0 371.0 235.0 Grasp 0
395.0 232.0 324.0 178.0 337.0 161.0 408.0 214.0 Grasp 0
