346.0 242.0 293.0 216.0 303.0 195.0 356.0 222.0 Grasp 0
318.0 270.0 274.0 237.0 288.0 219.0 331.0 252.0 Grasp 0
280.0 319.0 233.0 284.0 246.0 266.0 293.0 301.0 Grasp 0
345.0 237.0 305.0 193.0 322.0 178.0 362.0 222.0 Grasp 0
297.0 291.0 258.0 261.0 272.0 243.0 310.0 273.0 Grasp 0
335.0 258.0 283.0 218.0 296.0 200.0 348.0 240.0 Grasp 0
265.0 334.0 225.0 290.0 242.0 274.0 282.0 318.0 Grasp 0
262.0 341.0 214.0 305.0 228.0 287.0 276.0 323.0 Grasp 0
305.0 285.0 263.0 253.0 276.0 235.0 318.0 266.0 Grasp 0
294.0 304.0 244.0 266.0 257.0 248.0 308.0 286.0 Grasp 0
311.0 278.0 268.0 246.0 282.0 228.0 325.0 260.0 Grasp 0
352.0 236.0 297.0 208.0 307.0 188.0 362.0 215.0 Grasp 0
286.0 311.0 239.0 276.0 253.0 258.0 300.0 293.0 Grasp 0
327.0 264.0 279.0 227.0 292.0 209.0 341.0 246.0 Grasp 0
273.0 333.0 216.0 304.0 226.0 284.0 283.0 312.0 Grasp 0
281.0 327.0 219.0 296.0 230.0 275.0 291.0 306.0 Grasp 0
334.0 249.0 295.0 207.0 312.0 191.0 350.0 234.0 Grasp 0
270.0 321.0 232.0 292.0 246.0 274.0 284.0 303.0 Grasp 0
