517.0 181.0 470.0 216.0 456.0 198.0 503.0 162.0 Grasp 0
502.0 93.0 411.0 139.0 400.0 117.0 491.0 72.0 Grasp 0
515.0 135.0 435.0 174.0 425.0 153.0 504.0 114.0 Grasp 0
488.0 91.0 417.0 126.0 406.0 104.0 477.0 69.0 Grasp 0
509.0 185.0 470.0 204.0 459.0 184.0 499.0 164.0 Grasp 0
517.0 167.0 469.0 203.0 455.0 184.0 503.0 148.0 Grasp 0
501.0 117.0 430.0 153.0 419.0 131.0 490.0 96.0 Grasp 0
500.0 104.0 419.0 145.0 409.0 123.0 489.0 83.0 Grasp 0
504.0 172.0 462.0 192.0 452.0 172.0 494.0 151.0 Grasp 0
467.0 51.0 397.0 87.0 386.0 65.0 457.0 30.0 Grasp 0
519.0 189.0 474.0 223.0 460.0 204.0 505.0 170.0 Grasp 0
509.0 154.0 460.0 191.0 446.0 172.0 495.0 135.0 Grasp 0
488.0 82.0 412.0 120.0 401.0 98.0 477.0 60.0 Grasp 0
478.0 70.0 407.0 105.0 396.0 84.0 467.0 49.0 Grasp 0
