355.0 299.0 284.0 279.0 290.0 257.0 361.0 277.0 Grasp 0
364.0 188.0 302.0 182.0 304.0 160.0 366.0 165.0 Grasp 0
355.0 246.0 297.0 241.0 299.0 219.0 357.0 224.0 Grasp 0
353.0 332.0 278.0 325.0 280.0 303.0 355.0 310.0 Grasp 0
360.0 145.0 315.0 141.0 317.0 119.0 362.0 123.0 Grasp 0
360.0 200.0 302.0 194.0 304.0 172.0 362.0 177.0 Grasp 0
357.0 309.0 289.0 315.0 287.0 292.0 355.0 286.0 Grasp 0
356.0 237.0 299.0 232.0 301.0 209.0 358.0 215.0 Grasp 0
360.0 238.0 301.0 255.0 295.0 233.0 353.0 216.0 Grasp 0
364.0 176.0 304.0 171.0 306.0 148.0 366.0 154.0 Grasp 0
352.0 254.0 299.0 249.0 301.0 227.0 354.0 232.0 Grasp 0
364.0 166.0 307.0 161.0 309.0 139.0 366.0 144.0 Grasp 0
348.0 280.0 299.0 275.0 301.0 253.0 350.0 257.0 Grasp 0
364.0 247.0 294.0 267.0 287.0 246.0 358.0 225.0 Grasp 0
361.0 137.0 317.0 133.0 319.0 111.0 363.0 115.0 Grasp 0
359.0 297.0 289.0 304.0 287.0 281.0 357.0 275.0 Grasp 0
362.0 157.0 310.0 152.0 313.0 130.0 364.0 134.0 Grasp 0
360.0 218.0 299.0 212.0 301.0 190.0 362.0 195.0 Grasp 0
351.0 263.0 299.0 258.0 301.0 236.0 353.0 241.0 Grasp 0
356.0 325.0 283.0 318.0 285.0 296.0 358.0 302.0 Grasp 0
360.0 231.0 302.0 247.0 296.0 226.0 354.0 209.0 Grasp 0
364.0 221.0 301.0 239.0 295.0 217.0 358.0 199.0 Grasp 0
352.0 230.0 305.0 226.0 307.0 203.0 354.0 208.0 Grasp 0
352.0 282.0 295.0 287.0 293.0 265.0 350.0 260.0 Grasp 0
355.0 208.0 306.0 204.0 308.0 182.0 357.0 186.0 Grasp 0
350.0 273.0 296.0 268.0 299.0 245.0 352.0 250.0 Grasp 0
353.0 251.0 295.0 222.0 305.0 202.0 363.0 231.0 Grasp 0
351.0 308.0 286.0 289.0 292.0 267.0 357.0 286.0 Grasp 0
360.0 311.0 295.0 329.0 289.0 308.0 353.0 289.0 Grasp 0
356.0 181.0 311.0 177.0 313.0 155.0 358.0 159.0 Grasp 0
351.0 320.0 283.0 301.0 289.0 279.0 357.0 298.0 Grasp 0
354.0 290.0 293.0 296.0 291.0 273.0 352.0 268.0 Grasp 0
364.0 202.0 305.0 219.0 299.0 198.0 358.0 181.0 Grasp 0
365.0 255.0 291.0 276.0 285.0 255.0 359.0 234.0 Grasp 0
