419.0 236.0 380.0 193.0 396.0 177.0 436.0 221.0 Grasp 0
390.0 257.0 379.0 194.0 401.0 190.0 413.0 252.0 Grasp 0
377.0 126.0 352.0 64.0 374.0 56.0 398.0 118.0 Grasp 0
468.0 126.0 418.0 151.0 408.0 130.0 458.0 105.0 Grasp 0
469.0 174.0 391.0 182.0 389.0 159.0 467.0 152.0 Grasp 0
358.0 185.0 293.0 167.0 299.0 145.0 364.0 163.0 Grasp 0
385.0 145.0 314.0 110.0 324.0 89.0 395.0 125.0 Grasp 0
363.0 161.0 314.0 108.0 331.0 92.0 380.0 146.0 Grasp 0
400.0 194.0 400.0 256.0 377.0 256.0 377.0 194.0 Grasp 0
470.0 158.0 408.0 164.0 406.0 141.0 468.0 135.0 Grasp 0
388.0 125.0 328.0 95.0 338.0 75.0 398.0 104.0 Grasp 0
421.0 237.0 389.0 153.0 410.0 145.0 442.0 228.0 Grasp 0
468.0 153.0 412.0 138.0 418.0 116.0 474.0 132.0 Grasp 0
446.0 188.0 400.0 165.0 410.0 145.0 456.0 168.0 Grasp 0
424.0 237.0 372.0 211.0 382.0 191.0 434.0 217.0 Grasp 0
458.0 179.0 399.0 163.0 405.0 141.0 464.0 158.0 Grasp 0
468.0 134.0 416.0 139.0 414.0 116.0 466.0 111.0 Grasp 0
445.0 97.0 421.0 137.0 401.0 125.0 426.0 85.0 Grasp 0
408.0 74.0 401.0 113.0 379.0 109.0 386.0 70.0 Grasp 0
389.0 129.0 320.0 110.0 326.0 88.0 395.0 107.0 Grasp 0
424.0 223.0 384.0 203.0 394.0 183.0 434.0 203.0 Grasp 0
359.0 223.0 337.0 248.0 320.0 233.0 343.0 208.0 Grasp 0
441.0 216.0 383.0 187.0 393.0 167.0 451.0 196.0 Grasp 0
418.0 256.0 359.0 227.0 370.0 206.0 429.0 236.0 Grasp 0
347.0 197.0 292.0 170.0 303.0 150.0 357.0 177.0 Grasp 0
475.0 143.0 410.0 161.0 404.0 139.0 469.0 121.0 Grasp 0
443.0 208.0 385.0 179.0 395.0 159.0 453.0 188.0 Grasp 0
346.0 204.0 286.0 187.0 292.0 165.0 353.0 182.0 Grasp 0
448.0 199.0 391.0 170.0 401.0 150.0 458.0 179.0 Grasp 0
364.0 182.0 296.0 148.0 306.0 127.0 375.0 161.0 Grasp 0
363.0 197.0 285.0 219.0 279.0 197.0 357.0 175.0 Grasp 0
374.0 188.0 274.0 197.0 271.0 174.0 372.0 165.0 Grasp 0
471.0 146.0 410.0 176.0 400.0 156.0 461.0 126.0 Grasp 0
476.0 151.0 398.0 190.0 388.0 170.0 466.0 131.0 Grasp 0
381.0 163.0 301.0 123.0 312.0 102.0 391.0 142.0 Grasp 0
407.0 259.0 369.0 217.0 386.0 202.0 424.0 244.0 Grasp 0
417.0 262.0 369.0 185.0 389.0 173.0 436.0 250.0 Grasp 0
427.0 223.0 386.0 178.0 403.0 163.0 443.0 208.0 Grasp 0
399.0 254.0 385.0 182.0 408.0 177.0 421.0 250.0 Grasp 0
387.0 205.0 378.0 257.0 355.0 253.0 365.0 201.0 Grasp 0
365.0 168.0 305.0 151.0 311.0 129.0 371.0 146.0 Grasp 0
459.0 183.0 389.0 190.0 387.0 167.0 457.0 161.0 Grasp 0
390.0 193.0 363.0 263.0 341.0 255.0 368.0 185.0 Grasp 0
350.0 189.0 301.0 152.0 315.0 134.0 364.0 170.0 Grasp 0
368.0 187.0 280.0 179.0 282.0 156.0 370.0 164.0 Grasp 0
374.0 141.0 345.0 67.0 367.0 58.0 395.0 132.0 Grasp 0
392.0 208.0 392.0 255.0 369.0 255.0 369.0 208.0 Grasp 0
426.0 240.0 364.0 222.0 370.0 200.0 432.0 218.0 Grasp 0
459.0 191.0 381.0 199.0 379.0 176.0 457.0 169.0 Grasp 0
378.0 138.0 327.0 83.0 344.0 68.0 395.0 123.0 Grasp 0
397.0 60.0 397.0 131.0 374.0 131.0 374.0 60.0 Grasp 0
374.0 260.0 357.0 168.0 380.0 164.0 397.0 255.0 Grasp 0
394.0 248.0 360.0 159.0 382.0 151.0 416.0 239.0 Grasp 0
373.0 144.0 326.0 92.0 343.0 77.0 390.0 129.0 Grasp 0
381.0 216.0 375.0 251.0 352.0 246.0 358.0 212.0 Grasp 0
477.0 166.0 393.0 174.0 391.0 152.0 475.0 144.0 Grasp 0
411.0 269.0 351.0 224.0 364.0 206.0 424.0 251.0 Grasp 0
370.0 152.0 317.0 126.0 327.0 105.0 380.0 132.0 Grasp 0
370.0 220.0 351.0 251.0 331.0 239.0 350.0 208.0 Grasp 0
352.0 207.0 313.0 237.0 299.0 219.0 338.0 189.0 Grasp 0
399.0 181.0 384.0 263.0 361.0 259.0 376.0 177.0 Grasp 0
464.0 172.0 403.0 155.0 409.0 133.0 470.0 150.0 Grasp 0
364.0 173.0 293.0 166.0 295.0 143.0 366.0 150.0 Grasp 0
430.0 219.0 384.0 196.0 394.0 176.0 440.0 199.0 Grasp 0
338.0 216.0 282.0 188.0 292.0 168.0 348.0 196.0 Grasp 0
375.0 167.0 286.0 192.0 280.0 170.0 369.0 145.0 Grasp 0
353.0 204.0 297.0 232.0 287.0 212.0 343.0 184.0 Grasp 0
445.0 171.0 373.0 165.0 375.0 142.0 447.0 149.0 Grasp 0
