336.0 272.0 285.0 247.0 296.0 227.0 346.0 252.0 Grasp 0
311.0 309.0 268.0 288.0 278.0 267.0 321.0 289.0 Grasp 0
361.0 235.0 307.0 208.0 317.0 188.0 372.0 215.0 Grasp 0
360.0 247.0 299.0 217.0 309.0 197.0 370.0 227.0 Grasp 0
326.0 294.0 271.0 279.0 277.0 257.0 332.0 272.0 Grasp 0
350.0 262.0 290.0 232.0 300.0 212.0 360.0 242.0 Grasp 0
377.0 212.0 321.0 185.0 331.0 164.0 387.0 192.0 Grasp 0
376.0 204.0 329.0 181.0 339.0 161.0 386.0 184.0 Grasp 0
336.0 287.0 274.0 256.0 284.0 236.0 346.0 267.0 Grasp 0
340.0 263.0 295.0 241.0 305.0 220.0 350.0 243.0 Grasp 0
347.0 254.0 298.0 230.0 309.0 209.0 357.0 234.0 Grasp 0
382.0 194.0 335.0 171.0 345.0 150.0 392.0 174.0 Grasp 0
362.0 227.0 314.0 203.0 324.0 182.0 372.0 206.0 Grasp 0
318.0 305.0 270.0 268.0 284.0 250.0 332.0 287.0 Grasp 0
355.0 269.0 268.0 277.0 266.0 255.0 353.0 246.0 Grasp 0
324.0 291.0 278.0 268.0 288.0 247.0 335.0 271.0 Grasp 0
375.0 226.0 316.0 197.0 326.0 176.0 385.0 206.0 Grasp 0
393.0 191.0 326.0 185.0 329.0 162.0 395.0 168.0 Grasp 0
