404.0 232.0 394.0 288.0 372.0 284.0 382.0 228.0 Grasp 0
466.0 231.0 452.0 307.0 430.0 303.0 445.0 227.0 Grasp 0
490.0 241.0 478.0 305.0 457.0 301.0 469.0 237.0 Grasp 0
427.0 232.0 415.0 294.0 393.0 290.0 405.0 228.0 Grasp 0
396.0 234.0 376.0 287.0 355.0 279.0 375.0 226.0 Grasp 0
373.0 229.0 363.0 283.0 341.0 279.0 351.0 225.0 Grasp 0
509.0 237.0 509.0 314.0 486.0 314.0 486.0 237.0 Grasp 0
524.0 243.0 511.0 312.0 489.0 308.0 502.0 239.0 Grasp 0
441.0 233.0 428.0 298.0 407.0 294.0 419.0 229.0 Grasp 0
507.0 241.0 494.0 309.0 472.0 305.0 485.0 237.0 Grasp 0
358.0 229.0 349.0 279.0 327.0 275.0 336.0 225.0 Grasp 0
458.0 239.0 435.0 298.0 414.0 290.0 437.0 231.0 Grasp 0
384.0 231.0 374.0 284.0 352.0 280.0 362.0 227.0 Grasp 0
356.0 228.0 336.0 280.0 315.0 272.0 335.0 219.0 Grasp 0
410.0 227.0 410.0 294.0 388.0 294.0 388.0 227.0 Grasp 0
478.0 236.0 465.0 302.0 444.0 298.0 456.0 232.0 Grasp 0
345.0 231.0 327.0 277.0 306.0 269.0 324.0 222.0 Grasp 0
391.0 227.0 391.0 288.0 368.0 288.0 368.0 227.0 Grasp 0
499.0 238.0 486.0 310.0 464.0 306.0 477.0 234.0 Grasp 0
443.0 236.0 443.0 294.0 421.0 294.0 421.0 236.0 Grasp 0
470.0 241.0 459.0 298.0 437.0 294.0 448.0 237.0 Grasp 0
365.0 228.0 354.0 286.0 332.0 282.0 343.0 223.0 Grasp 0
424.0 232.0 400.0 295.0 379.0 287.0 404.0 224.0 Grasp 0
336.0 288.0 311.0 224.0 332.0 216.0 357.0 280.0 Grasp 0
