414.0 142.0 359.0 115.0 369.0 95.0 424.0 122.0 Grasp 0
319.0 294.0 271.0 271.0 281.0 250.0 329.0 274.0 Grasp 0
374.0 203.0 326.0 167.0 339.0 149.0 387.0 185.0 Grasp 0
391.0 186.0 332.0 156.0 342.0 136.0 401.0 166.0 Grasp 0
397.0 168.0 345.0 142.0 355.0 123.0 407.0 148.0 Grasp 0
356.0 242.0 299.0 214.0 309.0 194.0 366.0 222.0 Grasp 0
332.0 282.0 275.0 254.0 285.0 234.0 342.0 262.0 Grasp 0
347.0 257.0 291.0 228.0 301.0 208.0 357.0 236.0 Grasp 0
416.0 160.0 346.0 125.0 356.0 105.0 426.0 140.0 Grasp 0
361.0 226.0 312.0 201.0 322.0 181.0 371.0 206.0 Grasp 0
366.0 220.0 314.0 194.0 324.0 174.0 376.0 200.0 Grasp 0
395.0 178.0 332.0 146.0 342.0 126.0 404.0 158.0 Grasp 0
356.0 234.0 307.0 209.0 317.0 189.0 366.0 214.0 Grasp 0
338.0 266.0 287.0 241.0 297.0 221.0 348.0 246.0 Grasp 0
405.0 154.0 355.0 116.0 368.0 99.0 418.0 136.0 Grasp 0
324.0 287.0 276.0 263.0 286.0 242.0 334.0 267.0 Grasp 0
422.0 137.0 358.0 105.0 368.0 85.0 432.0 117.0 Grasp 0
378.0 214.0 313.0 182.0 323.0 162.0 388.0 194.0 Grasp 0
329.0 274.0 284.0 252.0 294.0 232.0 339.0 254.0 Grasp 0
317.0 305.0 265.0 290.0 271.0 268.0 323.0 283.0 Grasp 0
405.0 162.0 346.0 133.0 356.0 113.0 415.0 143.0 Grasp 0
387.0 196.0 325.0 165.0 335.0 145.0 397.0 176.0 Grasp 0
436.0 132.0 347.0 124.0 349.0 102.0 438.0 110.0 Grasp 0
347.0 246.0 301.0 223.0 311.0 203.0 357.0 226.0 Grasp 0
374.0 206.0 323.0 180.0 333.0 160.0 384.0 186.0 Grasp 0
309.0 305.0 270.0 275.0 284.0 257.0 323.0 287.0 Grasp 0
