378.0 266.0 344.0 321.0 325.0 309.0 358.0 255.0 Grasp 0
315.0 214.0 286.0 290.0 265.0 282.0 294.0 206.0 Grasp 0
310.0 219.0 271.0 281.0 253.0 269.0 291.0 207.0 Grasp 0
336.0 241.0 302.0 296.0 283.0 284.0 317.0 229.0 Grasp 0
389.0 276.0 368.0 330.0 346.0 322.0 367.0 268.0 Grasp 0
352.0 247.0 328.0 309.0 307.0 301.0 331.0 239.0 Grasp 0
386.0 273.0 352.0 329.0 332.0 317.0 367.0 261.0 Grasp 0
292.0 204.0 266.0 271.0 245.0 263.0 271.0 196.0 Grasp 0
370.0 265.0 338.0 316.0 319.0 304.0 351.0 254.0 Grasp 0
395.0 280.0 375.0 333.0 354.0 324.0 374.0 272.0 Grasp 0
304.0 219.0 253.0 275.0 237.0 260.0 288.0 204.0 Grasp 0
323.0 230.0 287.0 289.0 268.0 277.0 304.0 218.0 Grasp 0
347.0 244.0 310.0 305.0 291.0 293.0 328.0 233.0 Grasp 0
281.0 201.0 243.0 263.0 224.0 251.0 262.0 190.0 Grasp 0
288.0 206.0 251.0 267.0 232.0 255.0 270.0 194.0 Grasp 0
347.0 233.0 300.0 308.0 281.0 297.0 328.0 222.0 Grasp 0
332.0 230.0 291.0 296.0 272.0 285.0 313.0 218.0 Grasp 0
365.0 253.0 325.0 318.0 306.0 306.0 346.0 241.0 Grasp 0
396.0 283.0 352.0 332.0 335.0 317.0 379.0 268.0 Grasp 0
299.0 209.0 273.0 277.0 253.0 269.0 279.0 201.0 Grasp 0
401.0 290.0 362.0 333.0 345.0 317.0 384.0 274.0 Grasp 0
