283.0 298.0 249.0 272.0 262.0 255.0 296.0 281.0 Grasp 0
300.0 272.0 278.0 248.0 294.0 233.0 317.0 258.0 Grasp 0
330.0 247.0 305.0 219.0 321.0 204.0 347.0 232.0 Grasp 0
326.0 254.0 298.0 233.0 311.0 215.0 339.0 236.0 Grasp 0
356.0 229.0 323.0 205.0 336.0 187.0 369.0 211.0 Grasp 0
296.0 281.0 269.0 251.0 286.0 236.0 313.0 266.0 Grasp 0
366.0 211.0 345.0 188.0 362.0 173.0 382.0 196.0 Grasp 0
289.0 284.0 264.0 258.0 281.0 243.0 305.0 270.0 Grasp 0
358.0 216.0 339.0 195.0 356.0 180.0 374.0 201.0 Grasp 0
273.0 300.0 247.0 281.0 261.0 263.0 286.0 283.0 Grasp 0
282.0 291.0 258.0 265.0 274.0 250.0 298.0 276.0 Grasp 0
359.0 223.0 331.0 201.0 344.0 183.0 373.0 205.0 Grasp 0
376.0 200.0 355.0 184.0 369.0 166.0 390.0 182.0 Grasp 0
341.0 239.0 316.0 212.0 332.0 197.0 357.0 224.0 Grasp 0
348.0 231.0 322.0 212.0 336.0 194.0 361.0 213.0 Grasp 0
316.0 264.0 291.0 235.0 307.0 220.0 333.0 249.0 Grasp 0
312.0 268.0 280.0 243.0 293.0 226.0 325.0 250.0 Grasp 0
