286.0 319.0 260.0 250.0 281.0 242.0 307.0 310.0 Grasp 0
361.0 288.0 330.0 238.0 349.0 226.0 380.0 276.0 Grasp 0
321.0 302.0 297.0 240.0 318.0 232.0 342.0 294.0 Grasp 0
279.0 320.0 253.0 254.0 274.0 245.0 300.0 312.0 Grasp 0
273.0 330.0 243.0 252.0 264.0 244.0 294.0 321.0 Grasp 0
385.0 269.0 343.0 238.0 356.0 220.0 398.0 251.0 Grasp 0
395.0 258.0 345.0 234.0 355.0 214.0 405.0 238.0 Grasp 0
261.0 341.0 227.0 252.0 248.0 244.0 282.0 333.0 Grasp 0
311.0 304.0 287.0 244.0 308.0 236.0 331.0 296.0 Grasp 0
304.0 311.0 278.0 244.0 299.0 236.0 325.0 303.0 Grasp 0
375.0 278.0 344.0 228.0 363.0 216.0 394.0 267.0 Grasp 0
336.0 295.0 316.0 242.0 337.0 234.0 357.0 287.0 Grasp 0
306.0 316.0 263.0 246.0 282.0 234.0 325.0 304.0 Grasp 0
351.0 296.0 312.0 234.0 332.0 222.0 370.0 284.0 Grasp 0
283.0 330.0 223.0 265.0 240.0 250.0 299.0 315.0 Grasp 0
395.0 251.0 352.0 229.0 362.0 209.0 405.0 231.0 Grasp 0
397.0 238.0 360.0 220.0 370.0 200.0 407.0 218.0 Grasp 0
390.0 274.0 343.0 222.0 359.0 207.0 407.0 259.0 Grasp 0
328.0 235.0 328.0 310.0 305.0 310.0 305.0 235.0 Grasp 0
329.0 296.0 308.0 242.0 329.0 234.0 350.0 288.0 Grasp 0
290.0 322.0 275.0 241.0 297.0 237.0 312.0 318.0 Grasp 0
346.0 228.0 346.0 307.0 323.0 307.0 323.0 228.0 Grasp 0
384.0 282.0 329.0 240.0 342.0 222.0 398.0 264.0 Grasp 0
