311.0 312.0 281.0 262.0 300.0 250.0 331.0 300.0 Grasp 0
297.0 322.0 262.0 265.0 281.0 253.0 316.0 310.0 Grasp 0
325.0 306.0 303.0 251.0 324.0 242.0 346.0 298.0 Grasp 0
318.0 313.0 294.0 250.0 315.0 241.0 339.0 304.0 Grasp 0
264.0 325.0 244.0 273.0 265.0 265.0 285.0 317.0 Grasp 0
255.0 328.0 235.0 277.0 256.0 268.0 276.0 320.0 Grasp 0
288.0 321.0 257.0 270.0 276.0 258.0 308.0 309.0 Grasp 0
277.0 323.0 248.0 275.0 267.0 263.0 297.0 311.0 Grasp 0
299.0 320.0 275.0 257.0 296.0 249.0 320.0 311.0 Grasp 0
337.0 302.0 314.0 243.0 335.0 235.0 358.0 294.0 Grasp 0
251.0 332.0 220.0 281.0 239.0 269.0 271.0 320.0 Grasp 0
329.0 299.0 312.0 254.0 333.0 246.0 351.0 291.0 Grasp 0
243.0 338.0 230.0 268.0 252.0 264.0 265.0 334.0 Grasp 0
327.0 312.0 280.0 260.0 297.0 245.0 344.0 297.0 Grasp 0
338.0 246.0 326.0 310.0 304.0 305.0 316.0 242.0 Grasp 0
