455.0 273.0 415.0 338.0 396.0 326.0 436.0 262.0 Grasp 0
374.0 236.0 354.0 270.0 335.0 258.0 355.0 224.0 Grasp 0
432.0 326.0 345.0 283.0 355.0 262.0 442.0 306.0 Grasp 0
385.0 243.0 358.0 273.0 341.0 258.0 368.0 228.0 Grasp 0
429.0 246.0 382.0 321.0 363.0 309.0 410.0 234.0 Grasp 0
419.0 246.0 379.0 310.0 360.0 298.0 400.0 234.0 Grasp 0
395.0 235.0 359.0 294.0 340.0 282.0 376.0 223.0 Grasp 0
375.0 225.0 375.0 307.0 352.0 307.0 352.0 225.0 Grasp 0
338.0 219.0 327.0 237.0 308.0 226.0 319.0 207.0 Grasp 0
404.0 235.0 365.0 298.0 346.0 286.0 385.0 224.0 Grasp 0
377.0 227.0 351.0 295.0 330.0 286.0 356.0 219.0 Grasp 0
356.0 226.0 341.0 251.0 321.0 239.0 337.0 215.0 Grasp 0
362.0 231.0 345.0 258.0 326.0 246.0 343.0 219.0 Grasp 0
447.0 269.0 408.0 332.0 389.0 320.0 428.0 257.0 Grasp 0
413.0 247.0 353.0 292.0 339.0 274.0 400.0 229.0 Grasp 0
420.0 243.0 363.0 306.0 347.0 291.0 404.0 228.0 Grasp 0
400.0 231.0 347.0 272.0 333.0 254.0 387.0 213.0 Grasp 0
392.0 234.0 379.0 304.0 357.0 300.0 370.0 230.0 Grasp 0
439.0 256.0 395.0 328.0 376.0 316.0 420.0 244.0 Grasp 0
346.0 223.0 334.0 244.0 315.0 232.0 327.0 211.0 Grasp 0
436.0 261.0 384.0 318.0 368.0 302.0 419.0 246.0 Grasp 0
