324.0 286.0 273.0 247.0 287.0 229.0 338.0 268.0 Grasp 0
369.0 232.0 323.0 198.0 337.0 180.0 382.0 214.0 Grasp 0
281.0 321.0 247.0 283.0 263.0 268.0 297.0 305.0 Grasp 0
355.0 243.0 323.0 191.0 342.0 179.0 374.0 231.0 Grasp 0
305.0 299.0 262.0 267.0 276.0 248.0 319.0 281.0 Grasp 0
331.0 274.0 285.0 239.0 299.0 221.0 345.0 256.0 Grasp 0
344.0 258.0 305.0 214.0 321.0 199.0 361.0 242.0 Grasp 0
382.0 223.0 331.0 185.0 344.0 167.0 395.0 205.0 Grasp 0
343.0 251.0 314.0 204.0 333.0 192.0 363.0 239.0 Grasp 0
337.0 266.0 292.0 232.0 306.0 214.0 351.0 248.0 Grasp 0
312.0 295.0 266.0 260.0 280.0 242.0 326.0 277.0 Grasp 0
301.0 308.0 256.0 273.0 270.0 255.0 315.0 289.0 Grasp 0
297.0 316.0 247.0 278.0 261.0 260.0 311.0 298.0 Grasp 0
362.0 244.0 312.0 206.0 325.0 188.0 375.0 226.0 Grasp 0
355.0 249.0 308.0 213.0 321.0 195.0 369.0 231.0 Grasp 0
347.0 262.0 295.0 223.0 308.0 204.0 361.0 244.0 Grasp 0
326.0 275.0 293.0 223.0 313.0 211.0 345.0 263.0 Grasp 0
332.0 283.0 275.0 240.0 289.0 222.0 346.0 265.0 Grasp 0
336.0 268.0 301.0 212.0 320.0 200.0 355.0 256.0 Grasp 0
283.0 320.0 252.0 271.0 271.0 259.0 302.0 308.0 Grasp 0
372.0 226.0 330.0 194.0 344.0 176.0 386.0 208.0 Grasp 0
364.0 231.0 334.0 183.0 353.0 171.0 383.0 219.0 Grasp 0
315.0 286.0 275.0 256.0 288.0 238.0 328.0 268.0 Grasp 0
