370.0 291.0 316.0 306.0 309.0 284.0 363.0 269.0 Grasp 0
363.0 275.0 314.0 289.0 308.0 267.0 357.0 253.0 Grasp 0
367.0 282.0 313.0 297.0 307.0 275.0 361.0 260.0 Grasp 0
352.0 223.0 301.0 237.0 295.0 215.0 345.0 201.0 Grasp 0
354.0 235.0 297.0 240.0 295.0 218.0 352.0 212.0 Grasp 0
342.0 193.0 296.0 206.0 290.0 185.0 336.0 172.0 Grasp 0
370.0 272.0 325.0 321.0 308.0 306.0 354.0 256.0 Grasp 0
365.0 267.0 308.0 283.0 302.0 261.0 359.0 245.0 Grasp 0
378.0 290.0 314.0 322.0 304.0 302.0 368.0 269.0 Grasp 0
364.0 259.0 305.0 276.0 299.0 254.0 358.0 237.0 Grasp 0
362.0 242.0 292.0 249.0 290.0 226.0 360.0 220.0 Grasp 0
344.0 203.0 301.0 216.0 295.0 194.0 338.0 182.0 Grasp 0
344.0 207.0 300.0 229.0 290.0 209.0 334.0 187.0 Grasp 0
361.0 246.0 302.0 262.0 296.0 241.0 355.0 224.0 Grasp 0
367.0 254.0 327.0 318.0 308.0 306.0 347.0 242.0 Grasp 0
361.0 260.0 287.0 239.0 293.0 217.0 367.0 238.0 Grasp 0
369.0 238.0 320.0 317.0 301.0 305.0 349.0 226.0 Grasp 0
376.0 305.0 309.0 311.0 307.0 289.0 374.0 283.0 Grasp 0
359.0 218.0 306.0 258.0 292.0 240.0 345.0 200.0 Grasp 0
364.0 279.0 286.0 240.0 296.0 220.0 374.0 259.0 Grasp 0
368.0 244.0 303.0 276.0 293.0 256.0 358.0 224.0 Grasp 0
