531.0 32.0 531.0 32.0 540.0 15.0 540.0 15.0 Grasp 0
376.0 202.0 372.0 226.0 349.0 221.0 354.0 197.0 Grasp 0
435.0 280.0 406.0 282.0 404.0 260.0 433.0 257.0 Grasp 0
430.0 241.0 409.0 258.0 395.0 240.0 417.0 223.0 Grasp 0
424.0 298.0 400.0 292.0 406.0 270.0 430.0 277.0 Grasp 0
433.0 252.0 408.0 264.0 398.0 244.0 423.0 232.0 Grasp 0
327.0 239.0 314.0 219.0 333.0 207.0 346.0 227.0 Grasp 0
336.0 243.0 311.0 224.0 324.0 206.0 350.0 225.0 Grasp 0
339.0 295.0 320.0 315.0 304.0 300.0 322.0 280.0 Grasp 0
397.0 327.0 380.0 308.0 397.0 293.0 414.0 312.0 Grasp 0
354.0 304.0 344.0 331.0 323.0 323.0 333.0 296.0 Grasp 0
321.0 272.0 295.0 265.0 302.0 243.0 327.0 250.0 Grasp 0
358.0 235.0 344.0 198.0 365.0 190.0 379.0 227.0 Grasp 0
380.0 309.0 375.0 337.0 352.0 333.0 357.0 305.0 Grasp 0
343.0 300.0 330.0 322.0 310.0 310.0 324.0 288.0 Grasp 0
325.0 251.0 303.0 240.0 313.0 220.0 335.0 231.0 Grasp 0
319.0 263.0 295.0 251.0 306.0 230.0 330.0 242.0 Grasp 0
372.0 337.0 361.0 309.0 382.0 301.0 392.0 329.0 Grasp 0
322.0 276.0 299.0 278.0 297.0 256.0 320.0 254.0 Grasp 0
432.0 265.0 410.0 271.0 404.0 250.0 426.0 243.0 Grasp 0
330.0 287.0 306.0 299.0 296.0 279.0 320.0 267.0 Grasp 0
366.0 312.0 357.0 335.0 336.0 327.0 345.0 304.0 Grasp 0
339.0 236.0 323.0 210.0 342.0 198.0 358.0 224.0 Grasp 0
416.0 315.0 390.0 302.0 400.0 282.0 426.0 295.0 Grasp 0
333.0 292.0 312.0 308.0 299.0 290.0 320.0 274.0 Grasp 0
417.0 219.0 402.0 243.0 383.0 232.0 398.0 208.0 Grasp 0
407.0 321.0 386.0 305.0 399.0 287.0 421.0 303.0 Grasp 0
383.0 332.0 370.0 311.0 389.0 300.0 402.0 320.0 Grasp 0
406.0 212.0 398.0 234.0 377.0 226.0 386.0 204.0 Grasp 0
389.0 204.0 379.0 230.0 358.0 222.0 368.0 196.0 Grasp 0
327.0 283.0 302.0 290.0 296.0 269.0 320.0 262.0 Grasp 0
363.0 338.0 351.0 306.0 372.0 298.0 384.0 330.0 Grasp 0
426.0 232.0 409.0 251.0 392.0 236.0 409.0 217.0 Grasp 0
373.0 307.0 361.0 339.0 340.0 331.0 352.0 299.0 Grasp 0
416.0 310.0 395.0 294.0 408.0 276.0 429.0 292.0 Grasp 0
344.0 305.0 320.0 323.0 307.0 305.0 330.0 287.0 Grasp 0
427.0 287.0 404.0 281.0 411.0 259.0 433.0 266.0 Grasp 0
327.0 270.0 297.0 272.0 295.0 250.0 325.0 247.0 Grasp 0
328.0 244.0 309.0 230.0 322.0 212.0 341.0 226.0 Grasp 0
351.0 230.0 341.0 204.0 362.0 196.0 372.0 222.0 Grasp 0
330.0 256.0 298.0 247.0 305.0 226.0 336.0 235.0 Grasp 0
