437.0 234.0 420.0 277.0 399.0 268.0 415.0 226.0 Grasp 0
428.0 234.0 413.0 273.0 392.0 265.0 407.0 226.0 Grasp 0
461.0 239.0 445.0 282.0 424.0 274.0 440.0 231.0 Grasp 0
400.0 224.0 392.0 269.0 369.0 264.0 377.0 220.0 Grasp 0
478.0 242.0 460.0 287.0 439.0 279.0 457.0 234.0 Grasp 0
359.0 248.0 298.0 254.0 296.0 226.0 357.0 220.0 Grasp 0
491.0 240.0 482.0 290.0 460.0 286.0 469.0 236.0 Grasp 0
413.0 231.0 397.0 272.0 375.0 263.0 391.0 222.0 Grasp 0
465.0 233.0 455.0 288.0 433.0 283.0 443.0 229.0 Grasp 0
487.0 242.0 468.0 291.0 446.0 283.0 465.0 234.0 Grasp 0
454.0 238.0 437.0 280.0 416.0 272.0 432.0 230.0 Grasp 0
328.0 267.0 300.0 223.0 324.0 208.0 351.0 253.0 Grasp 0
369.0 232.0 301.0 265.0 289.0 240.0 356.0 207.0 Grasp 0
