263.0 312.0 241.0 256.0 262.0 248.0 284.0 304.0 Grasp 0
378.0 280.0 354.0 219.0 375.0 211.0 398.0 272.0 Grasp 0
357.0 284.0 336.0 229.0 357.0 221.0 378.0 276.0 Grasp 0
277.0 308.0 246.0 259.0 265.0 247.0 296.0 296.0 Grasp 0
300.0 302.0 277.0 244.0 298.0 236.0 320.0 294.0 Grasp 0
292.0 305.0 260.0 253.0 279.0 241.0 311.0 294.0 Grasp 0
294.0 308.0 269.0 241.0 289.0 233.0 315.0 300.0 Grasp 0
365.0 293.0 349.0 207.0 371.0 203.0 387.0 289.0 Grasp 0
317.0 299.0 293.0 238.0 314.0 230.0 337.0 291.0 Grasp 0
308.0 299.0 287.0 242.0 307.0 234.0 329.0 291.0 Grasp 0
339.0 294.0 325.0 220.0 347.0 216.0 360.0 290.0 Grasp 0
325.0 291.0 306.0 240.0 326.0 232.0 346.0 283.0 Grasp 0
375.0 287.0 337.0 226.0 356.0 214.0 394.0 275.0 Grasp 0
325.0 303.0 297.0 230.0 317.0 222.0 345.0 295.0 Grasp 0
281.0 312.0 256.0 246.0 276.0 238.0 302.0 304.0 Grasp 0
353.0 290.0 319.0 235.0 338.0 223.0 372.0 278.0 Grasp 0
336.0 293.0 311.0 229.0 332.0 221.0 357.0 285.0 Grasp 0
285.0 239.0 270.0 318.0 248.0 314.0 263.0 235.0 Grasp 0
