541.0 31.0 541.0 31.0 530.0 16.0 530.0 16.0 Grasp 0
385.0 122.0 372.0 190.0 351.0 186.0 363.0 118.0 Grasp 0
388.0 162.0 315.0 183.0 309.0 162.0 382.0 141.0 Grasp 0
390.0 149.0 382.0 190.0 360.0 186.0 368.0 145.0 Grasp 0
384.0 148.0 371.0 181.0 351.0 173.0 363.0 140.0 Grasp 0
402.0 168.0 392.0 195.0 371.0 187.0 381.0 160.0 Grasp 0
334.0 201.0 311.0 184.0 324.0 166.0 347.0 183.0 Grasp 0
324.0 231.0 305.0 226.0 311.0 205.0 330.0 210.0 Grasp 0
340.0 191.0 309.0 167.0 322.0 149.0 353.0 173.0 Grasp 0
420.0 193.0 406.0 208.0 390.0 193.0 403.0 178.0 Grasp 0
450.0 230.0 431.0 245.0 418.0 227.0 437.0 213.0 Grasp 0
376.0 141.0 319.0 169.0 310.0 150.0 366.0 122.0 Grasp 0
329.0 209.0 309.0 194.0 322.0 177.0 343.0 192.0 Grasp 0
408.0 173.0 397.0 201.0 376.0 193.0 387.0 165.0 Grasp 0
367.0 129.0 313.0 144.0 307.0 123.0 361.0 108.0 Grasp 0
442.0 222.0 426.0 234.0 412.0 217.0 429.0 204.0 Grasp 0
326.0 226.0 302.0 208.0 315.0 190.0 339.0 208.0 Grasp 0
436.0 210.0 422.0 227.0 405.0 212.0 420.0 196.0 Grasp 0
361.0 135.0 330.0 112.0 343.0 94.0 374.0 118.0 Grasp 0
321.0 266.0 301.0 265.0 303.0 242.0 324.0 244.0 Grasp 0
324.0 242.0 303.0 240.0 305.0 218.0 326.0 220.0 Grasp 0
364.0 124.0 330.0 107.0 340.0 87.0 374.0 104.0 Grasp 0
364.0 137.0 320.0 150.0 314.0 129.0 358.0 116.0 Grasp 0
374.0 134.0 320.0 161.0 310.0 141.0 364.0 114.0 Grasp 0
432.0 205.0 417.0 221.0 401.0 206.0 415.0 190.0 Grasp 0
330.0 217.0 304.0 197.0 318.0 180.0 343.0 199.0 Grasp 0
412.0 184.0 397.0 200.0 381.0 185.0 395.0 169.0 Grasp 0
454.0 240.0 438.0 252.0 425.0 235.0 440.0 223.0 Grasp 0
382.0 161.0 317.0 167.0 315.0 145.0 380.0 139.0 Grasp 0
377.0 153.0 309.0 204.0 296.0 187.0 363.0 136.0 Grasp 0
390.0 175.0 320.0 182.0 318.0 160.0 388.0 154.0 Grasp 0
428.0 199.0 413.0 215.0 397.0 200.0 411.0 184.0 Grasp 0
375.0 150.0 319.0 178.0 309.0 158.0 365.0 130.0 Grasp 0
331.0 110.0 313.0 140.0 294.0 128.0 313.0 99.0 Grasp 0
328.0 224.0 305.0 217.0 311.0 196.0 334.0 203.0 Grasp 0
355.0 134.0 307.0 110.0 317.0 90.0 365.0 114.0 Grasp 0
468.0 263.0 454.0 273.0 441.0 256.0 455.0 245.0 Grasp 0
333.0 104.0 324.0 150.0 302.0 146.0 311.0 100.0 Grasp 0
458.0 249.0 443.0 259.0 430.0 242.0 444.0 231.0 Grasp 0
393.0 164.0 384.0 188.0 363.0 180.0 373.0 156.0 Grasp 0
383.0 102.0 367.0 189.0 345.0 185.0 362.0 98.0 Grasp 0
318.0 319.0 299.0 317.0 301.0 295.0 320.0 297.0 Grasp 0
