298.0 186.0 261.0 204.0 252.0 184.0 288.0 166.0 Grasp 0
298.0 179.0 254.0 200.0 244.0 181.0 288.0 159.0 Grasp 0
290.0 176.0 257.0 193.0 247.0 173.0 280.0 156.0 Grasp 0
310.0 211.0 278.0 236.0 264.0 218.0 297.0 193.0 Grasp 0
298.0 198.0 269.0 212.0 259.0 193.0 288.0 178.0 Grasp 0
285.0 158.0 247.0 178.0 237.0 158.0 276.0 139.0 Grasp 0
289.0 173.0 248.0 185.0 242.0 163.0 283.0 152.0 Grasp 0
310.0 199.0 269.0 230.0 256.0 212.0 297.0 181.0 Grasp 0
291.0 157.0 249.0 189.0 236.0 171.0 278.0 140.0 Grasp 0
277.0 154.0 247.0 169.0 237.0 149.0 267.0 134.0 Grasp 0
310.0 211.0 262.0 224.0 256.0 203.0 304.0 189.0 Grasp 0
321.0 228.0 269.0 243.0 263.0 221.0 315.0 207.0 Grasp 0
319.0 231.0 281.0 250.0 271.0 230.0 309.0 211.0 Grasp 0
314.0 219.0 266.0 232.0 260.0 211.0 308.0 197.0 Grasp 0
302.0 204.0 270.0 219.0 260.0 200.0 292.0 184.0 Grasp 0
