396.0 250.0 359.0 261.0 352.0 239.0 390.0 228.0 Grasp 0
332.0 110.0 266.0 104.0 268.0 81.0 334.0 88.0 Grasp 0
404.0 144.0 340.0 112.0 350.0 91.0 415.0 124.0 Grasp 0
384.0 201.0 341.0 213.0 335.0 191.0 378.0 179.0 Grasp 0
404.0 173.0 331.0 209.0 321.0 188.0 394.0 152.0 Grasp 0
332.0 107.0 271.0 76.0 281.0 56.0 342.0 86.0 Grasp 0
231.0 226.0 206.0 199.0 223.0 184.0 247.0 211.0 Grasp 0
388.0 215.0 345.0 227.0 339.0 205.0 381.0 193.0 Grasp 0
320.0 98.0 295.0 59.0 315.0 47.0 339.0 86.0 Grasp 0
412.0 132.0 339.0 125.0 341.0 103.0 414.0 109.0 Grasp 0
391.0 171.0 327.0 189.0 321.0 167.0 385.0 149.0 Grasp 0
404.0 266.0 363.0 277.0 356.0 255.0 398.0 244.0 Grasp 0
276.0 204.0 240.0 166.0 257.0 151.0 292.0 189.0 Grasp 0
225.0 234.0 198.0 205.0 215.0 189.0 241.0 218.0 Grasp 0
402.0 231.0 353.0 256.0 342.0 236.0 392.0 211.0 Grasp 0
254.0 208.0 230.0 182.0 247.0 167.0 271.0 192.0 Grasp 0
267.0 208.0 233.0 171.0 250.0 155.0 283.0 192.0 Grasp 0
402.0 121.0 324.0 129.0 322.0 106.0 400.0 98.0 Grasp 0
390.0 222.0 349.0 234.0 343.0 212.0 384.0 200.0 Grasp 0
373.0 179.0 328.0 129.0 345.0 114.0 390.0 163.0 Grasp 0
254.0 216.0 223.0 182.0 240.0 167.0 271.0 201.0 Grasp 0
383.0 209.0 345.0 219.0 339.0 197.0 377.0 187.0 Grasp 0
380.0 181.0 336.0 193.0 330.0 171.0 374.0 159.0 Grasp 0
394.0 32.0 357.0 93.0 337.0 81.0 375.0 20.0 Grasp 0
284.0 195.0 248.0 156.0 265.0 141.0 301.0 180.0 Grasp 0
319.0 115.0 275.0 66.0 292.0 51.0 336.0 99.0 Grasp 0
328.0 98.0 313.0 22.0 336.0 18.0 350.0 94.0 Grasp 0
399.0 61.0 340.0 126.0 323.0 110.0 382.0 45.0 Grasp 0
409.0 134.0 326.0 175.0 316.0 154.0 398.0 113.0 Grasp 0
394.0 226.0 356.0 245.0 346.0 224.0 384.0 205.0 Grasp 0
376.0 32.0 331.0 105.0 312.0 93.0 357.0 20.0 Grasp 0
404.0 273.0 370.0 283.0 363.0 261.0 397.0 251.0 Grasp 0
216.0 234.0 196.0 212.0 213.0 196.0 233.0 219.0 Grasp 0
241.0 219.0 216.0 192.0 233.0 176.0 258.0 204.0 Grasp 0
394.0 144.0 318.0 122.0 325.0 100.0 400.0 122.0 Grasp 0
369.0 195.0 298.0 202.0 296.0 179.0 367.0 172.0 Grasp 0
351.0 115.0 327.0 178.0 305.0 169.0 329.0 106.0 Grasp 0
406.0 77.0 351.0 104.0 340.0 84.0 396.0 56.0 Grasp 0
416.0 127.0 336.0 187.0 322.0 169.0 402.0 108.0 Grasp 0
295.0 189.0 249.0 115.0 268.0 103.0 314.0 177.0 Grasp 0
395.0 128.0 322.0 107.0 328.0 85.0 402.0 106.0 Grasp 0
389.0 159.0 339.0 121.0 353.0 103.0 403.0 140.0 Grasp 0
244.0 232.0 193.0 207.0 203.0 186.0 254.0 212.0 Grasp 0
333.0 112.0 265.0 118.0 262.0 95.0 331.0 89.0 Grasp 0
330.0 119.0 270.0 137.0 264.0 115.0 324.0 97.0 Grasp 0
301.0 176.0 260.0 130.0 277.0 115.0 318.0 160.0 Grasp 0
392.0 244.0 359.0 253.0 353.0 231.0 386.0 221.0 Grasp 0
411.0 103.0 352.0 120.0 346.0 98.0 405.0 81.0 Grasp 0
329.0 117.0 305.0 178.0 283.0 170.0 307.0 109.0 Grasp 0
292.0 179.0 265.0 149.0 282.0 133.0 309.0 164.0 Grasp 0
275.0 212.0 218.0 183.0 228.0 163.0 285.0 191.0 Grasp 0
