315.0 273.0 293.0 216.0 314.0 207.0 336.0 265.0 Grasp 0
291.0 298.0 260.0 247.0 279.0 235.0 311.0 286.0 Grasp 0
270.0 321.0 235.0 265.0 255.0 253.0 289.0 309.0 Grasp 0
288.0 309.0 243.0 260.0 260.0 245.0 305.0 294.0 Grasp 0
279.0 325.0 212.0 292.0 222.0 272.0 289.0 305.0 Grasp 0
309.0 290.0 257.0 251.0 270.0 233.0 323.0 272.0 Grasp 0
262.0 328.0 220.0 282.0 237.0 267.0 279.0 313.0 Grasp 0
318.0 277.0 276.0 231.0 292.0 216.0 334.0 262.0 Grasp 0
299.0 306.0 218.0 298.0 220.0 276.0 301.0 283.0 Grasp 0
284.0 316.0 235.0 263.0 252.0 247.0 300.0 301.0 Grasp 0
308.0 285.0 267.0 239.0 284.0 224.0 325.0 269.0 Grasp 0
321.0 278.0 265.0 250.0 275.0 230.0 331.0 258.0 Grasp 0
313.0 212.0 313.0 294.0 290.0 294.0 290.0 212.0 Grasp 0
293.0 292.0 271.0 234.0 292.0 226.0 314.0 284.0 Grasp 0
311.0 292.0 243.0 272.0 249.0 250.0 317.0 270.0 Grasp 0
326.0 266.0 288.0 224.0 304.0 209.0 342.0 251.0 Grasp 0
271.0 327.0 223.0 274.0 240.0 259.0 288.0 312.0 Grasp 0
305.0 278.0 285.0 225.0 306.0 217.0 326.0 270.0 Grasp 0
290.0 300.0 251.0 256.0 267.0 241.0 307.0 285.0 Grasp 0
271.0 320.0 245.0 252.0 266.0 244.0 293.0 312.0 Grasp 0
271.0 311.0 258.0 243.0 280.0 239.0 293.0 307.0 Grasp 0
326.0 272.0 271.0 245.0 281.0 224.0 337.0 252.0 Grasp 0
300.0 290.0 275.0 226.0 297.0 218.0 321.0 282.0 Grasp 0
319.0 269.0 285.0 232.0 302.0 216.0 336.0 254.0 Grasp 0
279.0 307.0 265.0 234.0 288.0 230.0 301.0 303.0 Grasp 0
