363.0 252.0 309.0 225.0 319.0 205.0 373.0 232.0 Grasp 0
320.0 296.0 288.0 273.0 302.0 255.0 333.0 279.0 Grasp 0
350.0 264.0 307.0 231.0 320.0 214.0 363.0 246.0 Grasp 0
344.0 273.0 299.0 251.0 309.0 231.0 353.0 253.0 Grasp 0
339.0 285.0 290.0 260.0 299.0 241.0 349.0 265.0 Grasp 0
362.0 244.0 320.0 223.0 329.0 203.0 372.0 224.0 Grasp 0
315.0 304.0 282.0 280.0 296.0 262.0 328.0 286.0 Grasp 0
297.0 326.0 269.0 305.0 282.0 288.0 310.0 309.0 Grasp 0
352.0 261.0 312.0 218.0 328.0 203.0 368.0 247.0 Grasp 0
352.0 253.0 315.0 234.0 324.0 214.0 362.0 233.0 Grasp 0
352.0 269.0 299.0 242.0 308.0 223.0 362.0 250.0 Grasp 0
301.0 320.0 272.0 298.0 285.0 280.0 315.0 303.0 Grasp 0
326.0 291.0 286.0 261.0 300.0 244.0 339.0 274.0 Grasp 0
305.0 314.0 276.0 293.0 290.0 275.0 318.0 296.0 Grasp 0
332.0 279.0 299.0 255.0 312.0 237.0 345.0 262.0 Grasp 0
