361.0 182.0 301.0 199.0 295.0 177.0 355.0 160.0 Grasp 0
373.0 210.0 297.0 231.0 291.0 210.0 367.0 188.0 Grasp 0
366.0 211.0 301.0 217.0 299.0 194.0 364.0 188.0 Grasp 0
379.0 259.0 303.0 266.0 301.0 244.0 377.0 237.0 Grasp 0
359.0 170.0 301.0 186.0 295.0 164.0 353.0 148.0 Grasp 0
365.0 191.0 300.0 209.0 294.0 187.0 358.0 169.0 Grasp 0
361.0 182.0 291.0 176.0 294.0 153.0 363.0 160.0 Grasp 0
378.0 240.0 302.0 262.0 296.0 240.0 372.0 219.0 Grasp 0
387.0 282.0 304.0 305.0 298.0 284.0 381.0 260.0 Grasp 0
372.0 220.0 301.0 240.0 295.0 219.0 366.0 199.0 Grasp 0
377.0 230.0 299.0 252.0 292.0 231.0 371.0 208.0 Grasp 0
392.0 297.0 305.0 322.0 299.0 301.0 386.0 276.0 Grasp 0
364.0 154.0 301.0 201.0 288.0 183.0 350.0 136.0 Grasp 0
380.0 274.0 306.0 281.0 304.0 259.0 378.0 252.0 Grasp 0
