356.0 221.0 257.0 231.0 255.0 208.0 354.0 199.0 Grasp 0
340.0 204.0 309.0 188.0 318.0 168.0 350.0 184.0 Grasp 0
343.0 236.0 270.0 242.0 268.0 220.0 341.0 213.0 Grasp 0
336.0 255.0 276.0 210.0 289.0 192.0 349.0 237.0 Grasp 0
335.0 215.0 303.0 199.0 313.0 180.0 345.0 195.0 Grasp 0
341.0 247.0 271.0 227.0 277.0 206.0 347.0 226.0 Grasp 0
341.0 234.0 276.0 216.0 282.0 194.0 347.0 213.0 Grasp 0
351.0 181.0 320.0 172.0 326.0 151.0 357.0 160.0 Grasp 0
309.0 317.0 236.0 296.0 243.0 274.0 315.0 295.0 Grasp 0
333.0 271.0 260.0 250.0 266.0 228.0 340.0 249.0 Grasp 0
299.0 334.0 233.0 284.0 247.0 266.0 313.0 316.0 Grasp 0
327.0 284.0 253.0 247.0 263.0 227.0 337.0 264.0 Grasp 0
335.0 262.0 265.0 228.0 275.0 207.0 345.0 242.0 Grasp 0
338.0 232.0 287.0 207.0 297.0 187.0 348.0 212.0 Grasp 0
318.0 297.0 245.0 276.0 251.0 255.0 324.0 275.0 Grasp 0
323.0 290.0 254.0 256.0 264.0 236.0 333.0 270.0 Grasp 0
343.0 215.0 278.0 209.0 280.0 187.0 346.0 193.0 Grasp 0
330.0 271.0 270.0 205.0 286.0 190.0 346.0 255.0 Grasp 0
315.0 321.0 231.0 279.0 241.0 259.0 325.0 301.0 Grasp 0
323.0 306.0 233.0 281.0 239.0 259.0 329.0 285.0 Grasp 0
337.0 224.0 295.0 203.0 305.0 183.0 347.0 204.0 Grasp 0
344.0 197.0 312.0 181.0 322.0 161.0 354.0 177.0 Grasp 0
345.0 210.0 299.0 197.0 305.0 175.0 351.0 188.0 Grasp 0
