300.0 279.0 226.0 300.0 220.0 278.0 293.0 258.0 Grasp 0
298.0 277.0 222.0 270.0 224.0 247.0 300.0 254.0 Grasp 0
289.0 303.0 221.0 284.0 227.0 262.0 295.0 282.0 Grasp 0
296.0 241.0 236.0 306.0 220.0 291.0 279.0 226.0 Grasp 0
308.0 276.0 211.0 249.0 217.0 227.0 314.0 254.0 Grasp 0
268.0 228.0 252.0 309.0 231.0 305.0 246.0 224.0 Grasp 0
271.0 312.0 240.0 231.0 261.0 223.0 292.0 304.0 Grasp 0
301.0 284.0 216.0 276.0 218.0 254.0 303.0 261.0 Grasp 0
300.0 256.0 227.0 292.0 217.0 272.0 290.0 236.0 Grasp 0
280.0 229.0 280.0 311.0 258.0 311.0 258.0 229.0 Grasp 0
302.0 293.0 217.0 301.0 215.0 279.0 300.0 271.0 Grasp 0
300.0 248.0 244.0 310.0 227.0 295.0 283.0 233.0 Grasp 0
300.0 256.0 227.0 277.0 221.0 255.0 293.0 235.0 Grasp 0
295.0 294.0 217.0 255.0 227.0 235.0 305.0 274.0 Grasp 0
293.0 289.0 224.0 283.0 226.0 260.0 295.0 267.0 Grasp 0
253.0 320.0 237.0 230.0 259.0 226.0 275.0 316.0 Grasp 0
