327.0 306.0 275.0 267.0 288.0 249.0 340.0 289.0 Grasp 0
316.0 315.0 269.0 279.0 282.0 262.0 329.0 297.0 Grasp 0
465.0 245.0 452.0 230.0 468.0 215.0 481.0 230.0 Grasp 0
396.0 278.0 382.0 255.0 400.0 243.0 415.0 267.0 Grasp 0
345.0 186.0 321.0 179.0 327.0 158.0 351.0 165.0 Grasp 0
343.0 303.0 286.0 259.0 299.0 242.0 356.0 285.0 Grasp 0
360.0 258.0 353.0 292.0 332.0 288.0 338.0 254.0 Grasp 0
338.0 223.0 309.0 225.0 307.0 203.0 336.0 201.0 Grasp 0
358.0 292.0 297.0 246.0 311.0 229.0 371.0 274.0 Grasp 0
333.0 292.0 300.0 255.0 316.0 240.0 350.0 277.0 Grasp 0
337.0 199.0 318.0 194.0 324.0 172.0 343.0 178.0 Grasp 0
334.0 239.0 311.0 241.0 309.0 220.0 332.0 217.0 Grasp 0
456.0 252.0 437.0 232.0 453.0 217.0 472.0 238.0 Grasp 0
420.0 271.0 401.0 250.0 418.0 236.0 436.0 256.0 Grasp 0
349.0 252.0 266.0 276.0 260.0 255.0 343.0 231.0 Grasp 0
372.0 281.0 364.0 259.0 384.0 251.0 393.0 273.0 Grasp 0
325.0 303.0 287.0 261.0 303.0 246.0 341.0 288.0 Grasp 0
342.0 181.0 325.0 173.0 335.0 153.0 351.0 161.0 Grasp 0
365.0 300.0 289.0 262.0 299.0 242.0 375.0 280.0 Grasp 0
370.0 131.0 350.0 129.0 352.0 107.0 372.0 109.0 Grasp 0
309.0 333.0 265.0 263.0 284.0 251.0 327.0 321.0 Grasp 0
371.0 255.0 365.0 288.0 343.0 284.0 349.0 251.0 Grasp 0
352.0 250.0 340.0 314.0 319.0 310.0 331.0 246.0 Grasp 0
340.0 240.0 305.0 250.0 299.0 228.0 334.0 219.0 Grasp 0
380.0 255.0 374.0 284.0 353.0 280.0 358.0 251.0 Grasp 0
346.0 172.0 330.0 164.0 340.0 144.0 356.0 152.0 Grasp 0
318.0 323.0 278.0 258.0 297.0 246.0 337.0 311.0 Grasp 0
352.0 163.0 334.0 154.0 344.0 134.0 362.0 143.0 Grasp 0
433.0 263.0 416.0 245.0 432.0 230.0 449.0 248.0 Grasp 0
296.0 264.0 288.0 303.0 267.0 298.0 274.0 260.0 Grasp 0
339.0 251.0 295.0 264.0 289.0 243.0 333.0 230.0 Grasp 0
327.0 316.0 288.0 319.0 286.0 297.0 325.0 294.0 Grasp 0
334.0 212.0 313.0 206.0 319.0 185.0 340.0 191.0 Grasp 0
333.0 252.0 304.0 254.0 302.0 232.0 331.0 230.0 Grasp 0
409.0 276.0 389.0 254.0 405.0 240.0 425.0 261.0 Grasp 0
364.0 137.0 348.0 129.0 358.0 110.0 374.0 118.0 Grasp 0
396.0 253.0 383.0 286.0 362.0 278.0 375.0 245.0 Grasp 0
441.0 259.0 425.0 241.0 441.0 226.0 457.0 244.0 Grasp 0
341.0 191.0 321.0 185.0 327.0 164.0 347.0 170.0 Grasp 0
449.0 254.0 433.0 237.0 449.0 222.0 465.0 239.0 Grasp 0
339.0 288.0 300.0 226.0 319.0 214.0 357.0 276.0 Grasp 0
337.0 231.0 310.0 233.0 308.0 211.0 335.0 209.0 Grasp 0
