506.0 147.0 474.0 65.0 495.0 57.0 527.0 138.0 Grasp 0
542.0 91.0 523.0 140.0 502.0 132.0 521.0 83.0 Grasp 0
517.0 78.0 495.0 136.0 474.0 128.0 496.0 70.0 Grasp 0
530.0 80.0 506.0 141.0 485.0 133.0 509.0 72.0 Grasp 0
433.0 55.0 416.0 100.0 395.0 92.0 412.0 47.0 Grasp 0
499.0 77.0 480.0 125.0 459.0 117.0 478.0 69.0 Grasp 0
450.0 68.0 427.0 105.0 408.0 93.0 431.0 56.0 Grasp 0
498.0 73.0 466.0 123.0 447.0 111.0 478.0 61.0 Grasp 0
328.0 34.0 317.0 51.0 299.0 40.0 309.0 23.0 Grasp 0
510.0 73.0 486.0 135.0 465.0 127.0 489.0 65.0 Grasp 0
392.0 58.0 375.0 76.0 359.0 61.0 376.0 43.0 Grasp 0
478.0 133.0 465.0 66.0 488.0 62.0 500.0 129.0 Grasp 0
544.0 87.0 509.0 143.0 489.0 131.0 524.0 75.0 Grasp 0
487.0 71.0 457.0 119.0 438.0 107.0 468.0 59.0 Grasp 0
467.0 71.0 451.0 112.0 430.0 104.0 446.0 63.0 Grasp 0
489.0 68.0 478.0 127.0 456.0 123.0 467.0 64.0 Grasp 0
461.0 68.0 436.0 108.0 417.0 97.0 442.0 56.0 Grasp 0
514.0 77.0 467.0 129.0 450.0 113.0 497.0 62.0 Grasp 0
481.0 68.0 471.0 123.0 449.0 119.0 459.0 64.0 Grasp 0
475.0 72.0 459.0 113.0 438.0 105.0 454.0 64.0 Grasp 0
383.0 55.0 367.0 72.0 351.0 57.0 367.0 40.0 Grasp 0
446.0 61.0 418.0 107.0 399.0 95.0 427.0 50.0 Grasp 0
