335.0 219.0 321.0 254.0 301.0 246.0 314.0 211.0 Grasp 0
271.0 217.0 266.0 246.0 244.0 242.0 250.0 213.0 Grasp 0
391.0 221.0 378.0 256.0 357.0 248.0 371.0 213.0 Grasp 0
327.0 218.0 313.0 254.0 293.0 246.0 306.0 210.0 Grasp 0
303.0 217.0 289.0 254.0 268.0 246.0 282.0 209.0 Grasp 0
407.0 222.0 394.0 257.0 373.0 249.0 387.0 214.0 Grasp 0
382.0 218.0 366.0 258.0 346.0 250.0 361.0 210.0 Grasp 0
293.0 217.0 280.0 251.0 259.0 243.0 273.0 209.0 Grasp 0
415.0 222.0 401.0 259.0 381.0 251.0 395.0 214.0 Grasp 0
419.0 225.0 414.0 252.0 392.0 248.0 397.0 221.0 Grasp 0
314.0 217.0 300.0 253.0 279.0 245.0 293.0 209.0 Grasp 0
355.0 220.0 342.0 253.0 321.0 246.0 334.0 212.0 Grasp 0
346.0 217.0 331.0 256.0 311.0 248.0 326.0 209.0 Grasp 0
367.0 221.0 354.0 253.0 334.0 245.0 346.0 213.0 Grasp 0
281.0 217.0 268.0 250.0 248.0 242.0 261.0 209.0 Grasp 0
375.0 217.0 359.0 258.0 338.0 250.0 354.0 209.0 Grasp 0
253.0 255.0 237.0 212.0 257.0 204.0 274.0 247.0 Grasp 0
267.0 217.0 255.0 247.0 235.0 239.0 246.0 209.0 Grasp 0
399.0 222.0 385.0 258.0 365.0 250.0 379.0 214.0 Grasp 0
