323.0 207.0 238.0 215.0 236.0 192.0 320.0 185.0 Grasp 0
293.0 275.0 233.0 245.0 243.0 225.0 303.0 255.0 Grasp 0
325.0 245.0 234.0 254.0 232.0 231.0 323.0 223.0 Grasp 0
297.0 272.0 247.0 277.0 245.0 255.0 295.0 250.0 Grasp 0
325.0 187.0 238.0 195.0 236.0 172.0 323.0 164.0 Grasp 0
297.0 267.0 233.0 235.0 243.0 215.0 307.0 247.0 Grasp 0
314.0 246.0 234.0 223.0 240.0 202.0 320.0 224.0 Grasp 0
311.0 255.0 242.0 261.0 240.0 239.0 309.0 233.0 Grasp 0
321.0 236.0 240.0 244.0 238.0 222.0 319.0 214.0 Grasp 0
281.0 310.0 253.0 307.0 255.0 285.0 283.0 287.0 Grasp 0
287.0 284.0 245.0 280.0 247.0 258.0 289.0 262.0 Grasp 0
307.0 263.0 242.0 269.0 240.0 247.0 305.0 241.0 Grasp 0
318.0 239.0 231.0 215.0 238.0 193.0 324.0 218.0 Grasp 0
295.0 263.0 231.0 215.0 245.0 197.0 309.0 245.0 Grasp 0
292.0 294.0 253.0 298.0 251.0 276.0 290.0 272.0 Grasp 0
325.0 228.0 236.0 236.0 234.0 214.0 323.0 206.0 Grasp 0
