515.0 240.0 485.0 289.0 466.0 277.0 496.0 229.0 Grasp 0
527.0 240.0 490.0 301.0 471.0 290.0 509.0 229.0 Grasp 0
487.0 223.0 459.0 268.0 440.0 256.0 468.0 212.0 Grasp 0
479.0 209.0 444.0 265.0 425.0 254.0 460.0 197.0 Grasp 0
530.0 240.0 503.0 310.0 483.0 302.0 510.0 232.0 Grasp 0
456.0 202.0 418.0 244.0 401.0 229.0 439.0 187.0 Grasp 0
468.0 209.0 441.0 254.0 422.0 242.0 449.0 197.0 Grasp 0
503.0 232.0 473.0 281.0 454.0 269.0 484.0 220.0 Grasp 0
501.0 220.0 462.0 283.0 443.0 272.0 482.0 208.0 Grasp 0
441.0 198.0 413.0 229.0 397.0 215.0 425.0 183.0 Grasp 0
460.0 208.0 427.0 244.0 411.0 229.0 444.0 193.0 Grasp 0
424.0 195.0 410.0 219.0 391.0 207.0 406.0 183.0 Grasp 0
513.0 228.0 474.0 292.0 455.0 280.0 494.0 217.0 Grasp 0
370.0 164.0 357.0 178.0 340.0 163.0 354.0 149.0 Grasp 0
442.0 192.0 423.0 240.0 403.0 232.0 421.0 184.0 Grasp 0
454.0 190.0 429.0 255.0 409.0 247.0 434.0 182.0 Grasp 0
415.0 192.0 400.0 208.0 384.0 194.0 399.0 177.0 Grasp 0
322.0 131.0 308.0 147.0 292.0 132.0 306.0 117.0 Grasp 0
377.0 168.0 364.0 183.0 347.0 168.0 360.0 153.0 Grasp 0
398.0 180.0 382.0 198.0 365.0 183.0 381.0 166.0 Grasp 0
541.0 254.0 495.0 304.0 479.0 289.0 524.0 239.0 Grasp 0
405.0 186.0 394.0 204.0 376.0 192.0 387.0 175.0 Grasp 0
352.0 153.0 339.0 167.0 323.0 152.0 336.0 138.0 Grasp 0
333.0 139.0 319.0 154.0 303.0 139.0 317.0 124.0 Grasp 0
478.0 220.0 453.0 260.0 434.0 249.0 460.0 208.0 Grasp 0
385.0 173.0 372.0 187.0 355.0 172.0 369.0 158.0 Grasp 0
472.0 203.0 425.0 255.0 409.0 240.0 456.0 188.0 Grasp 0
340.0 145.0 327.0 159.0 311.0 144.0 324.0 130.0 Grasp 0
431.0 194.0 412.0 226.0 393.0 214.0 412.0 183.0 Grasp 0
287.0 109.0 275.0 122.0 259.0 107.0 271.0 94.0 Grasp 0
