347.0 230.0 298.0 225.0 300.0 203.0 349.0 208.0 Grasp 0
348.0 182.0 299.0 177.0 301.0 155.0 350.0 160.0 Grasp 0
347.0 197.0 302.0 193.0 304.0 171.0 349.0 176.0 Grasp 0
342.0 304.0 299.0 300.0 301.0 278.0 344.0 282.0 Grasp 0
347.0 284.0 294.0 279.0 296.0 257.0 349.0 262.0 Grasp 0
347.0 268.0 294.0 263.0 296.0 241.0 349.0 246.0 Grasp 0
346.0 294.0 303.0 306.0 297.0 285.0 340.0 273.0 Grasp 0
342.0 238.0 304.0 242.0 302.0 220.0 340.0 217.0 Grasp 0
344.0 218.0 304.0 222.0 302.0 200.0 342.0 196.0 Grasp 0
345.0 206.0 304.0 209.0 302.0 187.0 343.0 184.0 Grasp 0
349.0 251.0 298.0 255.0 296.0 234.0 347.0 229.0 Grasp 0
353.0 282.0 296.0 299.0 290.0 278.0 347.0 261.0 Grasp 0
351.0 233.0 296.0 238.0 294.0 216.0 349.0 211.0 Grasp 0
352.0 212.0 296.0 217.0 294.0 196.0 350.0 190.0 Grasp 0
344.0 271.0 299.0 275.0 297.0 253.0 342.0 249.0 Grasp 0
346.0 292.0 295.0 287.0 297.0 265.0 348.0 270.0 Grasp 0
351.0 177.0 302.0 191.0 296.0 170.0 345.0 156.0 Grasp 0
342.0 259.0 304.0 262.0 302.0 240.0 340.0 237.0 Grasp 0
353.0 190.0 300.0 205.0 294.0 184.0 347.0 169.0 Grasp 0
342.0 189.0 304.0 185.0 306.0 163.0 344.0 167.0 Grasp 0
343.0 247.0 304.0 250.0 302.0 228.0 341.0 225.0 Grasp 0
