417.0 223.0 389.0 295.0 365.0 286.0 393.0 214.0 Grasp 0
320.0 223.0 235.0 266.0 224.0 243.0 309.0 201.0 Grasp 0
356.0 223.0 344.0 287.0 319.0 282.0 331.0 218.0 Grasp 0
337.0 209.0 337.0 294.0 312.0 294.0 312.0 209.0 Grasp 0
321.0 209.0 306.0 289.0 282.0 284.0 297.0 205.0 Grasp 0
311.0 212.0 265.0 286.0 243.0 273.0 289.0 199.0 Grasp 0
298.0 205.0 283.0 283.0 258.0 278.0 272.0 200.0 Grasp 0
323.0 207.0 323.0 285.0 298.0 285.0 298.0 207.0 Grasp 0
365.0 222.0 353.0 287.0 329.0 282.0 341.0 217.0 Grasp 0
409.0 288.0 356.0 230.0 375.0 212.0 428.0 270.0 Grasp 0
429.0 267.0 359.0 287.0 352.0 262.0 422.0 242.0 Grasp 0
282.0 196.0 282.0 287.0 256.0 287.0 256.0 196.0 Grasp 0
419.0 208.0 400.0 309.0 375.0 304.0 394.0 203.0 Grasp 0
375.0 215.0 360.0 294.0 336.0 290.0 351.0 210.0 Grasp 0
277.0 278.0 263.0 203.0 288.0 198.0 302.0 273.0 Grasp 0
393.0 304.0 360.0 217.0 384.0 208.0 417.0 294.0 Grasp 0
398.0 206.0 398.0 303.0 373.0 303.0 373.0 206.0 Grasp 0
336.0 218.0 324.0 286.0 299.0 281.0 312.0 214.0 Grasp 0
333.0 218.0 263.0 295.0 244.0 277.0 314.0 201.0 Grasp 0
288.0 282.0 273.0 202.0 297.0 197.0 312.0 278.0 Grasp 0
323.0 232.0 243.0 271.0 232.0 249.0 312.0 209.0 Grasp 0
377.0 219.0 377.0 288.0 352.0 288.0 352.0 219.0 Grasp 0
293.0 207.0 264.0 280.0 241.0 270.0 269.0 198.0 Grasp 0
403.0 208.0 366.0 302.0 342.0 293.0 379.0 199.0 Grasp 0
392.0 301.0 347.0 229.0 369.0 216.0 414.0 288.0 Grasp 0
