414.0 241.0 407.0 280.0 385.0 276.0 393.0 237.0 Grasp 0
401.0 240.0 388.0 275.0 367.0 267.0 381.0 232.0 Grasp 0
366.0 226.0 342.0 264.0 324.0 253.0 347.0 214.0 Grasp 0
385.0 228.0 367.0 275.0 346.0 267.0 364.0 220.0 Grasp 0
290.0 198.0 275.0 239.0 254.0 231.0 270.0 190.0 Grasp 0
332.0 213.0 317.0 252.0 297.0 244.0 312.0 205.0 Grasp 0
376.0 226.0 358.0 270.0 338.0 262.0 355.0 218.0 Grasp 0
342.0 213.0 325.0 257.0 304.0 249.0 321.0 205.0 Grasp 0
318.0 201.0 287.0 250.0 269.0 238.0 299.0 189.0 Grasp 0
409.0 233.0 390.0 282.0 370.0 274.0 389.0 225.0 Grasp 0
350.0 216.0 332.0 262.0 312.0 254.0 329.0 208.0 Grasp 0
302.0 203.0 287.0 242.0 266.0 235.0 282.0 195.0 Grasp 0
324.0 213.0 310.0 249.0 290.0 241.0 304.0 205.0 Grasp 0
284.0 189.0 265.0 237.0 244.0 230.0 263.0 181.0 Grasp 0
317.0 205.0 300.0 250.0 279.0 243.0 297.0 197.0 Grasp 0
395.0 239.0 372.0 275.0 353.0 263.0 376.0 227.0 Grasp 0
355.0 225.0 342.0 258.0 321.0 251.0 335.0 217.0 Grasp 0
401.0 227.0 380.0 281.0 359.0 273.0 380.0 219.0 Grasp 0
363.0 215.0 353.0 271.0 331.0 267.0 342.0 211.0 Grasp 0
