352.0 240.0 295.0 268.0 285.0 248.0 342.0 220.0 Grasp 0
333.0 198.0 286.0 233.0 273.0 215.0 319.0 180.0 Grasp 0
363.0 278.0 302.0 296.0 296.0 274.0 357.0 257.0 Grasp 0
353.0 267.0 303.0 281.0 297.0 259.0 347.0 245.0 Grasp 0
360.0 287.0 309.0 301.0 303.0 279.0 354.0 265.0 Grasp 0
342.0 225.0 295.0 249.0 285.0 228.0 332.0 205.0 Grasp 0
333.0 205.0 285.0 219.0 279.0 197.0 326.0 183.0 Grasp 0
367.0 288.0 312.0 315.0 302.0 295.0 357.0 268.0 Grasp 0
357.0 273.0 303.0 288.0 297.0 266.0 351.0 251.0 Grasp 0
337.0 217.0 293.0 239.0 283.0 219.0 327.0 197.0 Grasp 0
354.0 260.0 295.0 276.0 289.0 255.0 348.0 238.0 Grasp 0
356.0 250.0 305.0 289.0 292.0 271.0 343.0 232.0 Grasp 0
348.0 253.0 291.0 258.0 289.0 236.0 346.0 231.0 Grasp 0
325.0 187.0 283.0 208.0 273.0 188.0 315.0 167.0 Grasp 0
365.0 267.0 309.0 309.0 296.0 291.0 351.0 249.0 Grasp 0
345.0 237.0 292.0 252.0 286.0 231.0 339.0 216.0 Grasp 0
362.0 259.0 305.0 302.0 291.0 284.0 349.0 241.0 Grasp 0
330.0 192.0 290.0 222.0 276.0 204.0 317.0 174.0 Grasp 0
368.0 299.0 303.0 305.0 300.0 282.0 366.0 276.0 Grasp 0
354.0 271.0 281.0 250.0 287.0 228.0 360.0 249.0 Grasp 0
359.0 306.0 299.0 289.0 306.0 267.0 365.0 284.0 Grasp 0
348.0 222.0 296.0 262.0 282.0 244.0 335.0 204.0 Grasp 0
347.0 216.0 306.0 282.0 287.0 270.0 328.0 204.0 Grasp 0
338.0 206.0 294.0 254.0 277.0 239.0 321.0 190.0 Grasp 0
341.0 232.0 284.0 237.0 282.0 215.0 339.0 209.0 Grasp 0
