316.0 263.0 304.0 199.0 326.0 195.0 338.0 258.0 Grasp 0
460.0 235.0 450.0 262.0 429.0 255.0 440.0 227.0 Grasp 0
452.0 232.0 439.0 266.0 418.0 258.0 431.0 224.0 Grasp 0
426.0 184.0 405.0 161.0 422.0 146.0 443.0 169.0 Grasp 0
431.0 228.0 392.0 270.0 376.0 255.0 414.0 213.0 Grasp 0
338.0 267.0 323.0 189.0 345.0 185.0 360.0 263.0 Grasp 0
447.0 265.0 434.0 231.0 455.0 223.0 468.0 257.0 Grasp 0
420.0 196.0 374.0 173.0 384.0 153.0 430.0 176.0 Grasp 0
327.0 261.0 315.0 196.0 336.0 192.0 348.0 257.0 Grasp 0
347.0 268.0 332.0 184.0 353.0 180.0 369.0 264.0 Grasp 0
404.0 205.0 359.0 183.0 369.0 163.0 413.0 185.0 Grasp 0
403.0 227.0 359.0 275.0 343.0 260.0 386.0 212.0 Grasp 0
376.0 260.0 348.0 186.0 369.0 178.0 397.0 252.0 Grasp 0
378.0 257.0 363.0 176.0 385.0 172.0 400.0 253.0 Grasp 0
290.0 273.0 275.0 191.0 297.0 187.0 312.0 269.0 Grasp 0
301.0 269.0 288.0 199.0 310.0 195.0 323.0 265.0 Grasp 0
434.0 188.0 389.0 166.0 399.0 146.0 444.0 168.0 Grasp 0
324.0 194.0 324.0 270.0 302.0 270.0 302.0 194.0 Grasp 0
439.0 230.0 415.0 269.0 397.0 257.0 421.0 218.0 Grasp 0
445.0 231.0 431.0 266.0 411.0 258.0 425.0 223.0 Grasp 0
420.0 192.0 386.0 166.0 399.0 149.0 433.0 175.0 Grasp 0
396.0 214.0 345.0 188.0 355.0 169.0 406.0 194.0 Grasp 0
432.0 231.0 409.0 267.0 390.0 255.0 413.0 219.0 Grasp 0
415.0 229.0 380.0 267.0 363.0 252.0 398.0 214.0 Grasp 0
417.0 203.0 361.0 175.0 371.0 155.0 427.0 183.0 Grasp 0
392.0 218.0 319.0 197.0 325.0 176.0 398.0 196.0 Grasp 0
429.0 178.0 415.0 155.0 433.0 144.0 448.0 167.0 Grasp 0
424.0 190.0 397.0 161.0 414.0 146.0 440.0 175.0 Grasp 0
397.0 196.0 381.0 172.0 400.0 160.0 415.0 185.0 Grasp 0
361.0 262.0 333.0 190.0 353.0 182.0 381.0 254.0 Grasp 0
293.0 279.0 257.0 187.0 278.0 179.0 314.0 271.0 Grasp 0
397.0 240.0 342.0 198.0 356.0 181.0 410.0 222.0 Grasp 0
297.0 189.0 297.0 283.0 275.0 283.0 275.0 189.0 Grasp 0
