400.0 218.0 376.0 181.0 396.0 169.0 419.0 206.0 Grasp 0
416.0 210.0 390.0 168.0 409.0 156.0 436.0 198.0 Grasp 0
424.0 209.0 393.0 160.0 413.0 148.0 443.0 197.0 Grasp 0
381.0 233.0 353.0 202.0 370.0 187.0 398.0 218.0 Grasp 0
445.0 196.0 407.0 155.0 424.0 140.0 462.0 181.0 Grasp 0
389.0 242.0 338.0 203.0 351.0 185.0 403.0 224.0 Grasp 0
395.0 225.0 369.0 183.0 388.0 171.0 415.0 213.0 Grasp 0
452.0 191.0 414.0 150.0 431.0 134.0 469.0 175.0 Grasp 0
364.0 249.0 337.0 206.0 356.0 194.0 383.0 237.0 Grasp 0
439.0 204.0 397.0 158.0 414.0 143.0 456.0 188.0 Grasp 0
408.0 219.0 379.0 172.0 398.0 160.0 427.0 208.0 Grasp 0
461.0 181.0 426.0 143.0 443.0 127.0 478.0 166.0 Grasp 0
285.0 295.0 266.0 280.0 279.0 263.0 298.0 277.0 Grasp 0
442.0 205.0 386.0 177.0 397.0 156.0 452.0 184.0 Grasp 0
390.0 231.0 359.0 197.0 376.0 182.0 407.0 216.0 Grasp 0
300.0 283.0 282.0 269.0 295.0 251.0 314.0 265.0 Grasp 0
465.0 193.0 414.0 137.0 431.0 121.0 482.0 177.0 Grasp 0
473.0 180.0 404.0 161.0 410.0 139.0 479.0 158.0 Grasp 0
324.0 261.0 312.0 247.0 328.0 232.0 341.0 246.0 Grasp 0
452.0 189.0 429.0 131.0 451.0 123.0 473.0 181.0 Grasp 0
436.0 216.0 378.0 171.0 391.0 153.0 450.0 198.0 Grasp 0
323.0 280.0 272.0 275.0 274.0 253.0 325.0 258.0 Grasp 0
378.0 241.0 338.0 210.0 352.0 192.0 392.0 223.0 Grasp 0
411.0 223.0 369.0 192.0 383.0 174.0 424.0 205.0 Grasp 0
280.0 304.0 252.0 290.0 261.0 270.0 289.0 284.0 Grasp 0
