325.0 299.0 303.0 263.0 322.0 251.0 344.0 287.0 Grasp 0
423.0 270.0 402.0 218.0 423.0 210.0 443.0 262.0 Grasp 0
354.0 289.0 329.0 249.0 348.0 237.0 372.0 277.0 Grasp 0
395.0 281.0 371.0 218.0 392.0 210.0 416.0 273.0 Grasp 0
473.0 255.0 444.0 208.0 463.0 197.0 492.0 244.0 Grasp 0
303.0 306.0 284.0 275.0 302.0 263.0 322.0 295.0 Grasp 0
457.0 262.0 436.0 207.0 457.0 199.0 478.0 254.0 Grasp 0
473.0 188.0 473.0 274.0 451.0 274.0 451.0 188.0 Grasp 0
401.0 279.0 388.0 208.0 410.0 203.0 423.0 274.0 Grasp 0
336.0 306.0 302.0 251.0 321.0 239.0 355.0 294.0 Grasp 0
369.0 295.0 332.0 236.0 351.0 224.0 388.0 284.0 Grasp 0
465.0 200.0 465.0 264.0 443.0 264.0 443.0 200.0 Grasp 0
386.0 288.0 350.0 230.0 369.0 218.0 405.0 276.0 Grasp 0
484.0 209.0 461.0 268.0 440.0 260.0 463.0 201.0 Grasp 0
440.0 281.0 409.0 202.0 430.0 194.0 460.0 273.0 Grasp 0
378.0 290.0 341.0 231.0 360.0 219.0 396.0 278.0 Grasp 0
339.0 302.0 316.0 242.0 337.0 234.0 360.0 294.0 Grasp 0
413.0 278.0 380.0 224.0 399.0 212.0 432.0 266.0 Grasp 0
455.0 202.0 443.0 266.0 421.0 262.0 433.0 198.0 Grasp 0
319.0 307.0 298.0 253.0 319.0 245.0 340.0 299.0 Grasp 0
441.0 271.0 428.0 202.0 450.0 197.0 463.0 266.0 Grasp 0
390.0 280.0 360.0 231.0 379.0 219.0 409.0 268.0 Grasp 0
454.0 272.0 415.0 208.0 434.0 197.0 473.0 261.0 Grasp 0
345.0 290.0 322.0 253.0 340.0 242.0 363.0 279.0 Grasp 0
311.0 307.0 287.0 268.0 306.0 256.0 330.0 296.0 Grasp 0
484.0 265.0 427.0 202.0 443.0 187.0 500.0 250.0 Grasp 0
414.0 268.0 396.0 221.0 416.0 213.0 435.0 260.0 Grasp 0
396.0 269.0 379.0 226.0 400.0 218.0 417.0 261.0 Grasp 0
446.0 204.0 434.0 268.0 412.0 264.0 424.0 200.0 Grasp 0
458.0 277.0 426.0 195.0 447.0 187.0 479.0 269.0 Grasp 0
466.0 266.0 439.0 198.0 460.0 190.0 486.0 258.0 Grasp 0
