368.0 290.0 268.0 300.0 265.0 274.0 365.0 265.0 Grasp 0
368.0 300.0 268.0 310.0 266.0 284.0 366.0 275.0 Grasp 0
354.0 243.0 335.0 349.0 310.0 344.0 330.0 239.0 Grasp 0
345.0 252.0 294.0 335.0 272.0 322.0 324.0 238.0 Grasp 0
364.0 270.0 270.0 297.0 263.0 273.0 357.0 246.0 Grasp 0
366.0 260.0 312.0 347.0 291.0 333.0 345.0 246.0 Grasp 0
337.0 244.0 319.0 344.0 294.0 339.0 312.0 239.0 Grasp 0
354.0 331.0 263.0 286.0 274.0 263.0 366.0 309.0 Grasp 0
371.0 305.0 277.0 331.0 270.0 307.0 364.0 280.0 Grasp 0
364.0 324.0 265.0 315.0 268.0 289.0 367.0 299.0 Grasp 0
320.0 342.0 302.0 245.0 327.0 240.0 345.0 337.0 Grasp 0
295.0 347.0 276.0 247.0 301.0 242.0 320.0 342.0 Grasp 0
