295.0 267.0 257.0 238.0 270.0 220.0 309.0 249.0 Grasp 0
269.0 308.0 226.0 286.0 236.0 266.0 279.0 288.0 Grasp 0
278.0 291.0 238.0 260.0 251.0 242.0 292.0 273.0 Grasp 0
270.0 301.0 232.0 272.0 246.0 254.0 284.0 283.0 Grasp 0
287.0 281.0 246.0 251.0 260.0 233.0 300.0 264.0 Grasp 0
304.0 255.0 266.0 226.0 279.0 208.0 317.0 238.0 Grasp 0
317.0 248.0 269.0 211.0 282.0 194.0 330.0 230.0 Grasp 0
288.0 274.0 253.0 247.0 267.0 230.0 301.0 256.0 Grasp 0
316.0 238.0 278.0 209.0 291.0 191.0 330.0 220.0 Grasp 0
313.0 246.0 271.0 225.0 281.0 206.0 323.0 227.0 Grasp 0
261.0 313.0 226.0 274.0 242.0 259.0 277.0 298.0 Grasp 0
333.0 234.0 278.0 193.0 292.0 176.0 346.0 217.0 Grasp 0
272.0 293.0 240.0 269.0 253.0 251.0 285.0 275.0 Grasp 0
308.0 264.0 264.0 194.0 283.0 183.0 327.0 252.0 Grasp 0
279.0 283.0 247.0 259.0 261.0 241.0 293.0 265.0 Grasp 0
317.0 254.0 273.0 182.0 292.0 170.0 336.0 242.0 Grasp 0
327.0 239.0 272.0 198.0 286.0 180.0 341.0 221.0 Grasp 0
310.0 262.0 255.0 235.0 265.0 215.0 320.0 242.0 Grasp 0
