361.0 273.0 314.0 221.0 330.0 206.0 377.0 258.0 Grasp 0
381.0 249.0 331.0 211.0 345.0 192.0 395.0 230.0 Grasp 0
272.0 318.0 254.0 271.0 275.0 263.0 293.0 309.0 Grasp 0
332.0 298.0 288.0 250.0 305.0 235.0 348.0 282.0 Grasp 0
281.0 322.0 267.0 249.0 289.0 245.0 303.0 318.0 Grasp 0
380.0 264.0 310.0 230.0 320.0 209.0 390.0 244.0 Grasp 0
340.0 297.0 290.0 242.0 307.0 226.0 357.0 281.0 Grasp 0
355.0 272.0 306.0 235.0 319.0 217.0 368.0 254.0 Grasp 0
348.0 282.0 295.0 242.0 309.0 224.0 361.0 264.0 Grasp 0
314.0 320.0 275.0 256.0 294.0 244.0 334.0 308.0 Grasp 0
295.0 321.0 264.0 270.0 283.0 258.0 315.0 309.0 Grasp 0
386.0 256.0 319.0 223.0 329.0 203.0 396.0 236.0 Grasp 0
298.0 315.0 285.0 249.0 308.0 245.0 320.0 310.0 Grasp 0
278.0 314.0 261.0 269.0 282.0 261.0 299.0 305.0 Grasp 0
256.0 323.0 239.0 279.0 260.0 271.0 277.0 315.0 Grasp 0
359.0 262.0 322.0 222.0 339.0 207.0 375.0 246.0 Grasp 0
334.0 302.0 275.0 257.0 288.0 239.0 348.0 284.0 Grasp 0
270.0 319.0 248.0 282.0 267.0 271.0 289.0 307.0 Grasp 0
320.0 320.0 257.0 272.0 271.0 254.0 334.0 302.0 Grasp 0
286.0 319.0 247.0 276.0 263.0 261.0 302.0 304.0 Grasp 0
369.0 254.0 330.0 212.0 347.0 196.0 385.0 239.0 Grasp 0
325.0 308.0 267.0 264.0 280.0 246.0 338.0 290.0 Grasp 0
