350.0 256.0 325.0 215.0 344.0 204.0 369.0 244.0 Grasp 0
358.0 255.0 330.0 211.0 349.0 199.0 377.0 243.0 Grasp 0
334.0 262.0 310.0 223.0 329.0 211.0 353.0 250.0 Grasp 0
330.0 271.0 299.0 221.0 318.0 209.0 349.0 259.0 Grasp 0
375.0 247.0 348.0 203.0 367.0 192.0 394.0 236.0 Grasp 0
293.0 279.0 275.0 233.0 296.0 225.0 313.0 271.0 Grasp 0
267.0 288.0 246.0 254.0 265.0 242.0 286.0 276.0 Grasp 0
318.0 277.0 278.0 232.0 294.0 217.0 335.0 262.0 Grasp 0
325.0 277.0 292.0 224.0 312.0 212.0 344.0 266.0 Grasp 0
286.0 281.0 263.0 244.0 282.0 233.0 305.0 269.0 Grasp 0
271.0 281.0 258.0 247.0 279.0 239.0 292.0 273.0 Grasp 0
310.0 274.0 290.0 224.0 311.0 216.0 331.0 266.0 Grasp 0
367.0 254.0 337.0 205.0 356.0 193.0 386.0 242.0 Grasp 0
337.0 262.0 318.0 213.0 339.0 205.0 358.0 254.0 Grasp 0
300.0 277.0 282.0 230.0 303.0 222.0 321.0 269.0 Grasp 0
276.0 294.0 245.0 244.0 264.0 232.0 294.0 282.0 Grasp 0
301.0 283.0 263.0 241.0 280.0 226.0 318.0 268.0 Grasp 0
310.0 281.0 270.0 237.0 287.0 222.0 327.0 266.0 Grasp 0
284.0 288.0 253.0 253.0 269.0 238.0 301.0 273.0 Grasp 0
347.0 260.0 313.0 222.0 329.0 207.0 364.0 245.0 Grasp 0
