386.0 217.0 363.0 278.0 342.0 270.0 366.0 209.0 Grasp 0
354.0 206.0 342.0 270.0 320.0 266.0 332.0 202.0 Grasp 0
349.0 206.0 325.0 267.0 305.0 259.0 328.0 198.0 Grasp 0
341.0 206.0 319.0 262.0 299.0 254.0 321.0 198.0 Grasp 0
375.0 206.0 361.0 282.0 339.0 278.0 353.0 202.0 Grasp 0
310.0 267.0 298.0 198.0 319.0 194.0 332.0 262.0 Grasp 0
390.0 226.0 372.0 274.0 351.0 266.0 370.0 218.0 Grasp 0
447.0 233.0 421.0 300.0 400.0 292.0 426.0 225.0 Grasp 0
438.0 235.0 415.0 293.0 395.0 285.0 417.0 227.0 Grasp 0
424.0 233.0 403.0 287.0 382.0 279.0 403.0 225.0 Grasp 0
404.0 212.0 389.0 296.0 367.0 292.0 383.0 208.0 Grasp 0
445.0 227.0 399.0 300.0 381.0 288.0 426.0 215.0 Grasp 0
411.0 217.0 397.0 296.0 375.0 292.0 390.0 213.0 Grasp 0
365.0 218.0 347.0 266.0 326.0 258.0 345.0 210.0 Grasp 0
341.0 203.0 303.0 264.0 284.0 252.0 322.0 191.0 Grasp 0
393.0 218.0 381.0 283.0 359.0 279.0 371.0 214.0 Grasp 0
325.0 195.0 313.0 264.0 291.0 260.0 303.0 191.0 Grasp 0
412.0 307.0 396.0 221.0 418.0 217.0 434.0 303.0 Grasp 0
374.0 205.0 345.0 280.0 324.0 272.0 353.0 197.0 Grasp 0
426.0 218.0 410.0 306.0 388.0 302.0 405.0 214.0 Grasp 0
