373.0 278.0 355.0 298.0 338.0 283.0 357.0 263.0 Grasp 0
359.0 251.0 331.0 282.0 315.0 267.0 342.0 236.0 Grasp 0
358.0 227.0 314.0 276.0 298.0 261.0 342.0 212.0 Grasp 0
357.0 213.0 306.0 268.0 289.0 253.0 340.0 198.0 Grasp 0
356.0 249.0 293.0 266.0 287.0 245.0 349.0 227.0 Grasp 0
345.0 196.0 278.0 246.0 265.0 228.0 331.0 178.0 Grasp 0
359.0 240.0 323.0 279.0 307.0 264.0 342.0 225.0 Grasp 0
331.0 174.0 273.0 238.0 256.0 223.0 315.0 159.0 Grasp 0
354.0 221.0 286.0 255.0 276.0 235.0 344.0 201.0 Grasp 0
324.0 171.0 257.0 221.0 243.0 203.0 310.0 153.0 Grasp 0
355.0 229.0 292.0 261.0 282.0 240.0 345.0 209.0 Grasp 0
353.0 246.0 272.0 254.0 270.0 232.0 351.0 224.0 Grasp 0
350.0 197.0 295.0 258.0 278.0 242.0 333.0 182.0 Grasp 0
369.0 276.0 345.0 294.0 331.0 276.0 356.0 258.0 Grasp 0
356.0 210.0 275.0 251.0 265.0 231.0 346.0 190.0 Grasp 0
312.0 152.0 280.0 236.0 259.0 228.0 291.0 144.0 Grasp 0
