384.0 303.0 346.0 322.0 336.0 302.0 374.0 283.0 Grasp 0
379.0 275.0 323.0 291.0 317.0 269.0 373.0 253.0 Grasp 0
377.0 250.0 302.0 271.0 296.0 250.0 370.0 228.0 Grasp 0
374.0 316.0 346.0 324.0 340.0 303.0 368.0 295.0 Grasp 0
383.0 257.0 330.0 296.0 317.0 279.0 369.0 239.0 Grasp 0
377.0 266.0 298.0 273.0 296.0 251.0 375.0 244.0 Grasp 0
381.0 237.0 317.0 285.0 304.0 267.0 368.0 219.0 Grasp 0
382.0 286.0 329.0 302.0 322.0 280.0 376.0 265.0 Grasp 0
369.0 202.0 290.0 225.0 284.0 203.0 362.0 180.0 Grasp 0
380.0 216.0 303.0 275.0 289.0 257.0 367.0 198.0 Grasp 0
376.0 230.0 286.0 239.0 284.0 216.0 374.0 208.0 Grasp 0
380.0 254.0 316.0 285.0 307.0 265.0 370.0 234.0 Grasp 0
376.0 286.0 304.0 280.0 306.0 257.0 378.0 264.0 Grasp 0
379.0 230.0 292.0 254.0 286.0 233.0 373.0 208.0 Grasp 0
392.0 270.0 339.0 311.0 325.0 293.0 379.0 253.0 Grasp 0
386.0 234.0 332.0 294.0 315.0 278.0 370.0 219.0 Grasp 0
382.0 247.0 286.0 256.0 284.0 233.0 379.0 224.0 Grasp 0
