255.0 285.0 234.0 252.0 253.0 241.0 274.0 273.0 Grasp 0
372.0 248.0 345.0 218.0 361.0 203.0 388.0 233.0 Grasp 0
315.0 265.0 295.0 233.0 314.0 221.0 333.0 253.0 Grasp 0
358.0 253.0 336.0 217.0 355.0 205.0 377.0 241.0 Grasp 0
392.0 237.0 374.0 209.0 392.0 197.0 410.0 226.0 Grasp 0
306.0 271.0 282.0 233.0 301.0 221.0 325.0 260.0 Grasp 0
384.0 240.0 366.0 211.0 384.0 199.0 403.0 229.0 Grasp 0
275.0 277.0 260.0 240.0 281.0 232.0 295.0 269.0 Grasp 0
344.0 259.0 320.0 221.0 338.0 209.0 362.0 248.0 Grasp 0
333.0 258.0 315.0 228.0 334.0 216.0 352.0 246.0 Grasp 0
374.0 245.0 355.0 215.0 374.0 203.0 392.0 233.0 Grasp 0
293.0 275.0 270.0 237.0 289.0 225.0 312.0 263.0 Grasp 0
277.0 280.0 248.0 248.0 265.0 233.0 294.0 265.0 Grasp 0
324.0 263.0 303.0 229.0 322.0 217.0 343.0 251.0 Grasp 0
264.0 282.0 240.0 244.0 259.0 232.0 283.0 270.0 Grasp 0
286.0 277.0 257.0 245.0 273.0 230.0 302.0 262.0 Grasp 0
350.0 254.0 330.0 222.0 349.0 211.0 369.0 242.0 Grasp 0
362.0 247.0 349.0 214.0 369.0 206.0 382.0 239.0 Grasp 0
