314.0 269.0 289.0 250.0 303.0 233.0 328.0 252.0 Grasp 0
349.0 230.0 316.0 205.0 329.0 188.0 362.0 212.0 Grasp 0
327.0 258.0 297.0 234.0 310.0 217.0 341.0 240.0 Grasp 0
315.0 279.0 278.0 261.0 288.0 241.0 325.0 259.0 Grasp 0
320.0 265.0 292.0 243.0 305.0 226.0 334.0 247.0 Grasp 0
308.0 283.0 278.0 268.0 288.0 248.0 318.0 263.0 Grasp 0
333.0 251.0 301.0 227.0 314.0 209.0 346.0 233.0 Grasp 0
338.0 238.0 309.0 216.0 322.0 198.0 352.0 220.0 Grasp 0
306.0 283.0 278.0 253.0 295.0 239.0 322.0 268.0 Grasp 0
342.0 231.0 318.0 213.0 331.0 195.0 355.0 213.0 Grasp 0
