352.0 231.0 278.0 252.0 272.0 230.0 345.0 209.0 Grasp 0
342.0 209.0 274.0 215.0 272.0 192.0 340.0 186.0 Grasp 0
347.0 218.0 272.0 225.0 270.0 202.0 345.0 195.0 Grasp 0
348.0 190.0 265.0 197.0 263.0 175.0 346.0 167.0 Grasp 0
338.0 137.0 261.0 144.0 259.0 122.0 336.0 115.0 Grasp 0
349.0 197.0 265.0 205.0 263.0 182.0 347.0 175.0 Grasp 0
348.0 215.0 286.0 245.0 276.0 225.0 337.0 194.0 Grasp 0
345.0 232.0 278.0 238.0 276.0 216.0 343.0 209.0 Grasp 0
342.0 168.0 273.0 187.0 267.0 165.0 335.0 146.0 Grasp 0
336.0 128.0 260.0 134.0 258.0 113.0 334.0 106.0 Grasp 0
341.0 183.0 268.0 190.0 266.0 167.0 339.0 161.0 Grasp 0
339.0 165.0 267.0 172.0 265.0 150.0 337.0 143.0 Grasp 0
336.0 144.0 265.0 151.0 263.0 129.0 334.0 123.0 Grasp 0
348.0 169.0 274.0 206.0 264.0 186.0 338.0 149.0 Grasp 0
340.0 101.0 258.0 125.0 252.0 104.0 334.0 80.0 Grasp 0
337.0 155.0 266.0 162.0 264.0 140.0 335.0 133.0 Grasp 0
335.0 117.0 259.0 124.0 257.0 102.0 333.0 95.0 Grasp 0
339.0 225.0 282.0 231.0 279.0 208.0 337.0 202.0 Grasp 0
353.0 200.0 278.0 238.0 268.0 217.0 343.0 180.0 Grasp 0
