517.0 199.0 479.0 137.0 498.0 125.0 536.0 187.0 Grasp 0
409.0 281.0 355.0 223.0 372.0 208.0 425.0 266.0 Grasp 0
498.0 212.0 459.0 150.0 478.0 138.0 517.0 201.0 Grasp 0
342.0 324.0 312.0 246.0 332.0 238.0 363.0 316.0 Grasp 0
450.0 254.0 394.0 193.0 411.0 178.0 466.0 239.0 Grasp 0
389.0 294.0 347.0 225.0 366.0 213.0 408.0 282.0 Grasp 0
368.0 307.0 327.0 241.0 346.0 229.0 387.0 295.0 Grasp 0
387.0 297.0 333.0 238.0 350.0 223.0 403.0 282.0 Grasp 0
433.0 262.0 391.0 194.0 410.0 182.0 452.0 250.0 Grasp 0
460.0 243.0 408.0 186.0 424.0 171.0 477.0 228.0 Grasp 0
419.0 274.0 375.0 203.0 394.0 191.0 438.0 262.0 Grasp 0
357.0 312.0 319.0 249.0 338.0 237.0 376.0 300.0 Grasp 0
510.0 204.0 471.0 141.0 490.0 130.0 529.0 192.0 Grasp 0
485.0 227.0 431.0 168.0 447.0 153.0 501.0 213.0 Grasp 0
353.0 316.0 303.0 262.0 320.0 247.0 370.0 301.0 Grasp 0
470.0 236.0 428.0 168.0 447.0 156.0 489.0 225.0 Grasp 0
493.0 224.0 439.0 164.0 455.0 149.0 510.0 209.0 Grasp 0
376.0 310.0 298.0 272.0 308.0 252.0 386.0 290.0 Grasp 0
462.0 237.0 423.0 175.0 442.0 164.0 481.0 226.0 Grasp 0
429.0 270.0 382.0 194.0 401.0 182.0 448.0 258.0 Grasp 0
