343.0 289.0 330.0 219.0 352.0 215.0 364.0 284.0 Grasp 0
356.0 296.0 339.0 207.0 360.0 203.0 377.0 292.0 Grasp 0
366.0 279.0 343.0 220.0 364.0 212.0 387.0 271.0 Grasp 0
408.0 173.0 356.0 212.0 343.0 194.0 394.0 155.0 Grasp 0
348.0 211.0 348.0 281.0 326.0 281.0 326.0 211.0 Grasp 0
411.0 257.0 353.0 212.0 366.0 194.0 425.0 239.0 Grasp 0
381.0 156.0 343.0 219.0 324.0 207.0 362.0 144.0 Grasp 0
403.0 194.0 348.0 189.0 350.0 167.0 405.0 172.0 Grasp 0
413.0 264.0 341.0 228.0 351.0 208.0 423.0 244.0 Grasp 0
359.0 205.0 287.0 211.0 285.0 189.0 357.0 182.0 Grasp 0
413.0 181.0 344.0 201.0 337.0 179.0 407.0 160.0 Grasp 0
417.0 192.0 351.0 211.0 345.0 189.0 411.0 171.0 Grasp 0
402.0 208.0 323.0 200.0 325.0 178.0 404.0 185.0 Grasp 0
385.0 273.0 350.0 217.0 369.0 205.0 404.0 261.0 Grasp 0
424.0 236.0 349.0 214.0 355.0 193.0 430.0 214.0 Grasp 0
428.0 218.0 341.0 210.0 343.0 188.0 430.0 196.0 Grasp 0
313.0 297.0 254.0 232.0 270.0 217.0 330.0 282.0 Grasp 0
328.0 288.0 277.0 206.0 296.0 194.0 347.0 276.0 Grasp 0
306.0 300.0 241.0 251.0 254.0 233.0 319.0 283.0 Grasp 0
418.0 233.0 355.0 228.0 357.0 205.0 420.0 211.0 Grasp 0
291.0 309.0 248.0 239.0 267.0 227.0 310.0 297.0 Grasp 0
344.0 219.0 332.0 281.0 310.0 277.0 322.0 214.0 Grasp 0
