347.0 275.0 327.0 222.0 348.0 214.0 368.0 267.0 Grasp 0
366.0 270.0 336.0 222.0 355.0 210.0 385.0 259.0 Grasp 0
370.0 272.0 343.0 204.0 364.0 196.0 390.0 264.0 Grasp 0
385.0 267.0 349.0 208.0 368.0 196.0 404.0 255.0 Grasp 0
317.0 275.0 296.0 241.0 315.0 229.0 336.0 263.0 Grasp 0
390.0 261.0 376.0 184.0 398.0 180.0 412.0 257.0 Grasp 0
394.0 273.0 335.0 228.0 349.0 210.0 408.0 255.0 Grasp 0
319.0 268.0 308.0 240.0 329.0 232.0 340.0 260.0 Grasp 0
330.0 276.0 313.0 233.0 334.0 225.0 350.0 268.0 Grasp 0
431.0 255.0 402.0 178.0 423.0 170.0 452.0 246.0 Grasp 0
374.0 266.0 360.0 189.0 382.0 185.0 396.0 262.0 Grasp 0
380.0 187.0 380.0 269.0 358.0 269.0 358.0 187.0 Grasp 0
411.0 263.0 356.0 203.0 373.0 188.0 428.0 248.0 Grasp 0
414.0 262.0 383.0 181.0 404.0 173.0 435.0 254.0 Grasp 0
428.0 263.0 393.0 174.0 414.0 166.0 449.0 255.0 Grasp 0
373.0 195.0 373.0 268.0 351.0 268.0 351.0 195.0 Grasp 0
389.0 280.0 324.0 231.0 338.0 213.0 403.0 262.0 Grasp 0
