354.0 159.0 286.0 210.0 273.0 192.0 340.0 142.0 Grasp 0
336.0 221.0 282.0 216.0 284.0 194.0 338.0 199.0 Grasp 0
332.0 209.0 319.0 139.0 340.0 135.0 353.0 205.0 Grasp 0
360.0 171.0 298.0 219.0 284.0 201.0 347.0 154.0 Grasp 0
355.0 207.0 349.0 176.0 371.0 172.0 376.0 203.0 Grasp 0
327.0 145.0 303.0 206.0 283.0 198.0 306.0 137.0 Grasp 0
319.0 225.0 305.0 148.0 326.0 144.0 341.0 221.0 Grasp 0
332.0 211.0 304.0 137.0 324.0 129.0 353.0 203.0 Grasp 0
348.0 148.0 304.0 218.0 285.0 207.0 329.0 136.0 Grasp 0
351.0 173.0 278.0 193.0 272.0 172.0 345.0 151.0 Grasp 0
329.0 217.0 271.0 188.0 281.0 167.0 339.0 197.0 Grasp 0
347.0 211.0 336.0 153.0 358.0 149.0 368.0 207.0 Grasp 0
332.0 245.0 308.0 243.0 310.0 221.0 334.0 223.0 Grasp 0
332.0 237.0 307.0 235.0 309.0 213.0 334.0 215.0 Grasp 0
344.0 206.0 274.0 171.0 284.0 151.0 354.0 186.0 Grasp 0
385.0 183.0 381.0 203.0 359.0 199.0 363.0 179.0 Grasp 0
341.0 222.0 266.0 201.0 273.0 180.0 347.0 201.0 Grasp 0
330.0 217.0 266.0 169.0 280.0 151.0 343.0 199.0 Grasp 0
340.0 212.0 326.0 140.0 348.0 136.0 361.0 208.0 Grasp 0
356.0 168.0 268.0 176.0 266.0 154.0 354.0 146.0 Grasp 0
346.0 156.0 286.0 201.0 273.0 183.0 332.0 138.0 Grasp 0
