312.0 271.0 300.0 285.0 282.0 269.0 295.0 255.0 Grasp 0
380.0 186.0 370.0 203.0 350.0 190.0 360.0 173.0 Grasp 0
334.0 274.0 326.0 295.0 303.0 287.0 312.0 265.0 Grasp 0
343.0 275.0 340.0 295.0 316.0 290.0 320.0 270.0 Grasp 0
367.0 278.0 355.0 264.0 372.0 248.0 385.0 262.0 Grasp 0
385.0 196.0 367.0 210.0 353.0 191.0 371.0 177.0 Grasp 0
373.0 184.0 362.0 197.0 344.0 181.0 356.0 168.0 Grasp 0
297.0 258.0 283.0 269.0 269.0 250.0 283.0 239.0 Grasp 0
354.0 169.0 346.0 190.0 324.0 181.0 332.0 161.0 Grasp 0
374.0 175.0 364.0 200.0 342.0 192.0 352.0 166.0 Grasp 0
288.0 220.0 268.0 214.0 274.0 191.0 294.0 197.0 Grasp 0
385.0 264.0 364.0 259.0 371.0 236.0 391.0 242.0 Grasp 0
343.0 293.0 332.0 275.0 352.0 262.0 363.0 281.0 Grasp 0
288.0 214.0 271.0 205.0 281.0 184.0 298.0 193.0 Grasp 0
293.0 251.0 276.0 260.0 265.0 239.0 282.0 230.0 Grasp 0
377.0 277.0 355.0 266.0 366.0 245.0 387.0 256.0 Grasp 0
325.0 297.0 316.0 273.0 338.0 264.0 347.0 289.0 Grasp 0
392.0 257.0 369.0 254.0 372.0 231.0 394.0 233.0 Grasp 0
396.0 201.0 373.0 226.0 356.0 210.0 378.0 186.0 Grasp 0
309.0 196.0 294.0 172.0 315.0 159.0 330.0 183.0 Grasp 0
378.0 269.0 362.0 256.0 376.0 238.0 393.0 250.0 Grasp 0
289.0 245.0 271.0 250.0 265.0 227.0 283.0 222.0 Grasp 0
317.0 269.0 310.0 287.0 288.0 279.0 295.0 261.0 Grasp 0
298.0 205.0 278.0 189.0 292.0 170.0 313.0 186.0 Grasp 0
