438.0 325.0 418.0 274.0 439.0 266.0 459.0 317.0 Grasp 0
419.0 386.0 381.0 405.0 371.0 385.0 409.0 366.0 Grasp 0
435.0 417.0 406.0 439.0 392.0 421.0 422.0 399.0 Grasp 0
494.0 313.0 468.0 272.0 488.0 260.0 513.0 301.0 Grasp 0
501.0 311.0 475.0 269.0 494.0 257.0 521.0 299.0 Grasp 0
395.0 329.0 381.0 256.0 404.0 252.0 417.0 325.0 Grasp 0
465.0 315.0 448.0 273.0 470.0 264.0 486.0 306.0 Grasp 0
331.0 314.0 261.0 320.0 259.0 297.0 329.0 291.0 Grasp 0
405.0 265.0 364.0 311.0 347.0 296.0 388.0 250.0 Grasp 0
406.0 259.0 342.0 307.0 328.0 289.0 392.0 241.0 Grasp 0
416.0 365.0 374.0 397.0 361.0 379.0 403.0 347.0 Grasp 0
414.0 272.0 345.0 306.0 335.0 285.0 403.0 251.0 Grasp 0
332.0 305.0 289.0 237.0 309.0 225.0 351.0 293.0 Grasp 0
455.0 321.0 437.0 275.0 459.0 267.0 476.0 312.0 Grasp 0
394.0 362.0 338.0 334.0 348.0 313.0 404.0 341.0 Grasp 0
481.0 318.0 452.0 271.0 471.0 259.0 501.0 306.0 Grasp 0
416.0 330.0 386.0 252.0 407.0 244.0 437.0 321.0 Grasp 0
339.0 317.0 271.0 336.0 265.0 314.0 333.0 295.0 Grasp 0
324.0 302.0 261.0 254.0 274.0 236.0 337.0 283.0 Grasp 0
322.0 298.0 278.0 249.0 295.0 234.0 339.0 283.0 Grasp 0
338.0 298.0 338.0 376.0 315.0 376.0 315.0 298.0 Grasp 0
444.0 319.0 427.0 276.0 448.0 267.0 465.0 311.0 Grasp 0
502.0 307.0 487.0 268.0 508.0 260.0 523.0 299.0 Grasp 0
447.0 434.0 416.0 457.0 402.0 439.0 433.0 415.0 Grasp 0
437.0 394.0 397.0 438.0 380.0 422.0 420.0 378.0 Grasp 0
428.0 387.0 387.0 418.0 373.0 400.0 414.0 369.0 Grasp 0
402.0 329.0 389.0 263.0 412.0 259.0 424.0 325.0 Grasp 0
446.0 448.0 418.0 462.0 408.0 442.0 436.0 428.0 Grasp 0
413.0 323.0 405.0 277.0 427.0 273.0 436.0 319.0 Grasp 0
405.0 322.0 396.0 275.0 419.0 271.0 428.0 318.0 Grasp 0
409.0 355.0 344.0 387.0 334.0 367.0 398.0 335.0 Grasp 0
511.0 305.0 497.0 266.0 518.0 258.0 533.0 296.0 Grasp 0
521.0 262.0 511.0 312.0 489.0 307.0 498.0 257.0 Grasp 0
383.0 244.0 361.0 302.0 339.0 294.0 362.0 235.0 Grasp 0
350.0 320.0 305.0 370.0 288.0 354.0 333.0 305.0 Grasp 0
403.0 333.0 351.0 307.0 361.0 286.0 414.0 312.0 Grasp 0
337.0 379.0 324.0 309.0 346.0 305.0 359.0 374.0 Grasp 0
420.0 378.0 377.0 400.0 366.0 380.0 410.0 358.0 Grasp 0
427.0 290.0 363.0 322.0 353.0 301.0 417.0 269.0 Grasp 0
426.0 406.0 395.0 421.0 384.0 401.0 415.0 385.0 Grasp 0
451.0 435.0 422.0 467.0 405.0 452.0 434.0 420.0 Grasp 0
429.0 320.0 413.0 279.0 434.0 271.0 450.0 312.0 Grasp 0
429.0 414.0 399.0 429.0 389.0 409.0 419.0 394.0 Grasp 0
322.0 309.0 251.0 302.0 253.0 279.0 324.0 286.0 Grasp 0
397.0 251.0 361.0 309.0 342.0 297.0 378.0 239.0 Grasp 0
329.0 295.0 318.0 235.0 340.0 231.0 351.0 291.0 Grasp 0
438.0 431.0 408.0 446.0 398.0 425.0 428.0 410.0 Grasp 0
443.0 276.0 435.0 323.0 412.0 319.0 421.0 272.0 Grasp 0
339.0 326.0 300.0 356.0 286.0 338.0 325.0 308.0 Grasp 0
