333.0 274.0 288.0 278.0 286.0 257.0 331.0 252.0 Grasp 0
334.0 244.0 286.0 257.0 280.0 236.0 328.0 223.0 Grasp 0
327.0 217.0 281.0 222.0 279.0 200.0 325.0 195.0 Grasp 0
319.0 197.0 284.0 201.0 282.0 179.0 317.0 175.0 Grasp 0
333.0 267.0 291.0 271.0 289.0 249.0 331.0 245.0 Grasp 0
338.0 298.0 286.0 293.0 288.0 271.0 340.0 276.0 Grasp 0
322.0 174.0 279.0 186.0 273.0 165.0 316.0 153.0 Grasp 0
333.0 283.0 293.0 287.0 290.0 265.0 331.0 261.0 Grasp 0
326.0 226.0 285.0 230.0 283.0 208.0 324.0 204.0 Grasp 0
330.0 208.0 277.0 213.0 274.0 192.0 328.0 187.0 Grasp 0
336.0 259.0 284.0 264.0 282.0 242.0 334.0 237.0 Grasp 0
337.0 288.0 295.0 300.0 289.0 278.0 331.0 266.0 Grasp 0
333.0 234.0 285.0 239.0 283.0 217.0 331.0 212.0 Grasp 0
323.0 185.0 276.0 190.0 274.0 168.0 321.0 164.0 Grasp 0
331.0 242.0 285.0 246.0 283.0 224.0 329.0 220.0 Grasp 0
320.0 206.0 285.0 209.0 283.0 187.0 318.0 184.0 Grasp 0
328.0 255.0 291.0 258.0 289.0 236.0 326.0 233.0 Grasp 0
346.0 270.0 288.0 299.0 278.0 279.0 336.0 250.0 Grasp 0
316.0 173.0 280.0 176.0 278.0 154.0 314.0 151.0 Grasp 0
