329.0 206.0 266.0 188.0 272.0 167.0 335.0 185.0 Grasp 0
300.0 312.0 250.0 274.0 263.0 256.0 314.0 294.0 Grasp 0
309.0 296.0 253.0 268.0 263.0 248.0 319.0 276.0 Grasp 0
277.0 101.0 257.0 152.0 237.0 144.0 256.0 93.0 Grasp 0
304.0 316.0 240.0 284.0 250.0 264.0 314.0 296.0 Grasp 0
322.0 249.0 264.0 243.0 266.0 221.0 324.0 226.0 Grasp 0
329.0 186.0 271.0 181.0 273.0 159.0 331.0 164.0 Grasp 0
343.0 174.0 297.0 99.0 316.0 87.0 362.0 162.0 Grasp 0
332.0 204.0 266.0 210.0 264.0 187.0 330.0 181.0 Grasp 0
326.0 235.0 264.0 229.0 266.0 207.0 328.0 213.0 Grasp 0
322.0 221.0 269.0 216.0 271.0 193.0 324.0 198.0 Grasp 0
314.0 279.0 260.0 264.0 266.0 242.0 320.0 258.0 Grasp 0
322.0 257.0 262.0 251.0 264.0 229.0 324.0 234.0 Grasp 0
331.0 195.0 271.0 200.0 269.0 178.0 329.0 172.0 Grasp 0
287.0 319.0 247.0 289.0 261.0 271.0 301.0 301.0 Grasp 0
321.0 107.0 278.0 154.0 261.0 139.0 304.0 92.0 Grasp 0
331.0 161.0 280.0 105.0 297.0 90.0 347.0 146.0 Grasp 0
334.0 114.0 290.0 162.0 273.0 147.0 317.0 99.0 Grasp 0
300.0 106.0 272.0 151.0 253.0 139.0 281.0 94.0 Grasp 0
319.0 272.0 257.0 254.0 263.0 233.0 325.0 250.0 Grasp 0
318.0 299.0 244.0 279.0 250.0 257.0 324.0 278.0 Grasp 0
370.0 121.0 363.0 163.0 340.0 159.0 348.0 117.0 Grasp 0
333.0 229.0 257.0 222.0 259.0 200.0 335.0 207.0 Grasp 0
287.0 104.0 270.0 147.0 249.0 139.0 266.0 96.0 Grasp 0
313.0 157.0 295.0 109.0 316.0 101.0 334.0 149.0 Grasp 0
353.0 174.0 276.0 167.0 279.0 145.0 356.0 152.0 Grasp 0
311.0 98.0 273.0 159.0 254.0 148.0 293.0 86.0 Grasp 0
319.0 170.0 263.0 109.0 280.0 94.0 336.0 155.0 Grasp 0
326.0 281.0 251.0 274.0 253.0 252.0 328.0 259.0 Grasp 0
266.0 104.0 259.0 142.0 237.0 137.0 244.0 100.0 Grasp 0
344.0 120.0 285.0 185.0 268.0 170.0 327.0 105.0 Grasp 0
334.0 162.0 323.0 104.0 345.0 100.0 356.0 157.0 Grasp 0
339.0 109.0 274.0 158.0 261.0 141.0 326.0 91.0 Grasp 0
329.0 182.0 247.0 159.0 253.0 137.0 335.0 160.0 Grasp 0
