370.0 267.0 354.0 181.0 376.0 177.0 392.0 263.0 Grasp 0
412.0 240.0 397.0 161.0 419.0 157.0 434.0 236.0 Grasp 0
337.0 292.0 281.0 230.0 297.0 215.0 354.0 277.0 Grasp 0
358.0 276.0 315.0 207.0 335.0 195.0 377.0 264.0 Grasp 0
324.0 300.0 268.0 239.0 285.0 223.0 340.0 284.0 Grasp 0
343.0 283.0 302.0 217.0 321.0 205.0 362.0 271.0 Grasp 0
432.0 233.0 377.0 173.0 393.0 158.0 448.0 218.0 Grasp 0
398.0 251.0 357.0 186.0 376.0 174.0 417.0 239.0 Grasp 0
410.0 248.0 379.0 168.0 400.0 160.0 431.0 239.0 Grasp 0
306.0 307.0 273.0 223.0 294.0 215.0 326.0 299.0 Grasp 0
329.0 295.0 275.0 236.0 292.0 220.0 346.0 279.0 Grasp 0
308.0 295.0 283.0 230.0 304.0 221.0 329.0 287.0 Grasp 0
365.0 272.0 323.0 203.0 342.0 191.0 385.0 260.0 Grasp 0
355.0 275.0 306.0 221.0 322.0 205.0 372.0 260.0 Grasp 0
395.0 260.0 348.0 184.0 367.0 173.0 414.0 248.0 Grasp 0
375.0 267.0 331.0 197.0 350.0 185.0 394.0 256.0 Grasp 0
336.0 289.0 293.0 219.0 312.0 208.0 355.0 277.0 Grasp 0
421.0 237.0 370.0 181.0 386.0 166.0 438.0 222.0 Grasp 0
398.0 250.0 370.0 177.0 391.0 169.0 419.0 242.0 Grasp 0
383.0 262.0 340.0 192.0 359.0 180.0 402.0 250.0 Grasp 0
377.0 270.0 307.0 217.0 320.0 199.0 390.0 252.0 Grasp 0
