348.0 237.0 299.0 251.0 293.0 230.0 342.0 216.0 Grasp 0
353.0 247.0 300.0 262.0 294.0 241.0 347.0 225.0 Grasp 0
334.0 174.0 281.0 200.0 271.0 180.0 324.0 154.0 Grasp 0
324.0 148.0 271.0 163.0 265.0 142.0 318.0 126.0 Grasp 0
370.0 274.0 300.0 294.0 294.0 273.0 364.0 253.0 Grasp 0
372.0 287.0 311.0 318.0 301.0 298.0 363.0 268.0 Grasp 0
350.0 220.0 286.0 238.0 280.0 217.0 344.0 198.0 Grasp 0
317.0 138.0 268.0 152.0 262.0 130.0 311.0 117.0 Grasp 0
374.0 279.0 303.0 314.0 293.0 295.0 364.0 259.0 Grasp 0
376.0 307.0 315.0 324.0 309.0 303.0 370.0 285.0 Grasp 0
358.0 259.0 303.0 275.0 297.0 254.0 351.0 238.0 Grasp 0
337.0 193.0 288.0 218.0 278.0 198.0 327.0 173.0 Grasp 0
337.0 187.0 281.0 203.0 275.0 182.0 331.0 166.0 Grasp 0
330.0 167.0 275.0 183.0 269.0 161.0 324.0 146.0 Grasp 0
381.0 300.0 302.0 308.0 300.0 286.0 379.0 278.0 Grasp 0
390.0 309.0 304.0 333.0 298.0 312.0 384.0 288.0 Grasp 0
349.0 206.0 284.0 224.0 278.0 203.0 343.0 185.0 Grasp 0
325.0 162.0 277.0 176.0 271.0 154.0 319.0 140.0 Grasp 0
364.0 268.0 301.0 287.0 295.0 265.0 358.0 247.0 Grasp 0
382.0 291.0 306.0 329.0 296.0 309.0 372.0 271.0 Grasp 0
347.0 228.0 294.0 243.0 288.0 222.0 341.0 206.0 Grasp 0
365.0 281.0 309.0 297.0 303.0 276.0 359.0 260.0 Grasp 0
365.0 249.0 291.0 270.0 285.0 249.0 359.0 228.0 Grasp 0
