324.0 176.0 295.0 184.0 289.0 163.0 318.0 155.0 Grasp 0
338.0 215.0 308.0 230.0 298.0 210.0 328.0 195.0 Grasp 0
351.0 261.0 320.0 270.0 314.0 248.0 345.0 240.0 Grasp 0
364.0 280.0 327.0 298.0 317.0 279.0 354.0 260.0 Grasp 0
345.0 236.0 313.0 252.0 303.0 232.0 335.0 216.0 Grasp 0
327.0 189.0 299.0 197.0 293.0 176.0 321.0 168.0 Grasp 0
355.0 272.0 323.0 281.0 317.0 259.0 349.0 250.0 Grasp 0
342.0 228.0 312.0 242.0 302.0 223.0 332.0 208.0 Grasp 0
334.0 199.0 297.0 210.0 291.0 188.0 328.0 178.0 Grasp 0
364.0 300.0 324.0 304.0 322.0 282.0 362.0 278.0 Grasp 0
319.0 169.0 295.0 176.0 289.0 155.0 313.0 148.0 Grasp 0
333.0 212.0 305.0 220.0 299.0 199.0 327.0 191.0 Grasp 0
365.0 277.0 318.0 290.0 312.0 269.0 359.0 256.0 Grasp 0
349.0 248.0 317.0 264.0 307.0 245.0 339.0 228.0 Grasp 0
357.0 265.0 318.0 276.0 312.0 255.0 351.0 244.0 Grasp 0
328.0 181.0 294.0 191.0 288.0 170.0 321.0 160.0 Grasp 0
