485.0 222.0 465.0 273.0 444.0 265.0 464.0 214.0 Grasp 0
331.0 144.0 317.0 214.0 296.0 210.0 309.0 140.0 Grasp 0
409.0 197.0 394.0 237.0 373.0 229.0 389.0 189.0 Grasp 0
374.0 181.0 346.0 225.0 328.0 213.0 355.0 169.0 Grasp 0
459.0 209.0 437.0 266.0 416.0 258.0 439.0 201.0 Grasp 0
329.0 142.0 301.0 217.0 280.0 209.0 309.0 135.0 Grasp 0
322.0 144.0 282.0 208.0 263.0 197.0 303.0 132.0 Grasp 0
371.0 168.0 333.0 230.0 314.0 218.0 353.0 156.0 Grasp 0
448.0 207.0 428.0 258.0 407.0 250.0 427.0 199.0 Grasp 0
499.0 230.0 467.0 281.0 448.0 269.0 480.0 218.0 Grasp 0
501.0 237.0 476.0 277.0 457.0 265.0 482.0 225.0 Grasp 0
417.0 195.0 398.0 244.0 377.0 236.0 396.0 187.0 Grasp 0
354.0 161.0 315.0 223.0 297.0 212.0 335.0 149.0 Grasp 0
404.0 186.0 368.0 245.0 349.0 233.0 385.0 175.0 Grasp 0
462.0 217.0 445.0 262.0 425.0 253.0 442.0 209.0 Grasp 0
509.0 238.0 494.0 277.0 473.0 269.0 488.0 230.0 Grasp 0
341.0 156.0 318.0 215.0 298.0 207.0 320.0 148.0 Grasp 0
442.0 211.0 418.0 249.0 399.0 238.0 423.0 199.0 Grasp 0
311.0 133.0 296.0 210.0 275.0 206.0 289.0 129.0 Grasp 0
494.0 219.0 482.0 283.0 460.0 279.0 472.0 215.0 Grasp 0
366.0 165.0 355.0 223.0 334.0 219.0 345.0 161.0 Grasp 0
383.0 179.0 363.0 230.0 343.0 222.0 363.0 171.0 Grasp 0
433.0 203.0 405.0 248.0 386.0 237.0 414.0 192.0 Grasp 0
373.0 167.0 362.0 228.0 340.0 223.0 351.0 163.0 Grasp 0
479.0 216.0 456.0 276.0 435.0 268.0 458.0 208.0 Grasp 0
471.0 211.0 447.0 272.0 426.0 264.0 450.0 203.0 Grasp 0
360.0 170.0 328.0 223.0 309.0 211.0 342.0 159.0 Grasp 0
504.0 226.0 504.0 280.0 482.0 280.0 482.0 226.0 Grasp 0
386.0 165.0 372.0 239.0 351.0 235.0 364.0 161.0 Grasp 0
354.0 156.0 342.0 222.0 320.0 218.0 333.0 152.0 Grasp 0
362.0 152.0 347.0 231.0 326.0 227.0 341.0 148.0 Grasp 0
395.0 190.0 366.0 236.0 348.0 225.0 376.0 178.0 Grasp 0
404.0 188.0 384.0 240.0 363.0 232.0 383.0 180.0 Grasp 0
