351.0 100.0 308.0 147.0 291.0 132.0 334.0 85.0 Grasp 0
404.0 244.0 338.0 250.0 336.0 228.0 402.0 222.0 Grasp 0
390.0 294.0 342.0 290.0 344.0 267.0 392.0 272.0 Grasp 0
381.0 117.0 323.0 180.0 306.0 164.0 364.0 101.0 Grasp 0
307.0 89.0 295.0 120.0 275.0 112.0 287.0 81.0 Grasp 0
400.0 258.0 338.0 252.0 340.0 230.0 403.0 236.0 Grasp 0
407.0 203.0 333.0 224.0 327.0 202.0 401.0 181.0 Grasp 0
356.0 107.0 315.0 151.0 298.0 136.0 339.0 92.0 Grasp 0
289.0 87.0 278.0 115.0 257.0 107.0 268.0 79.0 Grasp 0
398.0 274.0 344.0 279.0 342.0 256.0 396.0 251.0 Grasp 0
405.0 236.0 340.0 242.0 338.0 219.0 403.0 213.0 Grasp 0
334.0 93.0 297.0 133.0 280.0 118.0 317.0 78.0 Grasp 0
396.0 287.0 337.0 270.0 343.0 248.0 402.0 265.0 Grasp 0
391.0 154.0 328.0 185.0 317.0 165.0 380.0 133.0 Grasp 0
396.0 162.0 328.0 196.0 318.0 175.0 386.0 142.0 Grasp 0
396.0 183.0 332.0 201.0 326.0 179.0 390.0 161.0 Grasp 0
279.0 88.0 275.0 111.0 253.0 107.0 258.0 84.0 Grasp 0
382.0 126.0 329.0 184.0 312.0 169.0 365.0 111.0 Grasp 0
391.0 141.0 317.0 178.0 306.0 158.0 380.0 121.0 Grasp 0
335.0 86.0 311.0 148.0 290.0 140.0 314.0 77.0 Grasp 0
398.0 271.0 338.0 266.0 340.0 243.0 400.0 249.0 Grasp 0
375.0 120.0 314.0 166.0 300.0 148.0 361.0 102.0 Grasp 0
344.0 98.0 306.0 140.0 289.0 124.0 327.0 83.0 Grasp 0
403.0 260.0 345.0 276.0 339.0 254.0 397.0 238.0 Grasp 0
405.0 220.0 333.0 227.0 330.0 204.0 403.0 197.0 Grasp 0
368.0 116.0 313.0 158.0 299.0 140.0 354.0 98.0 Grasp 0
384.0 301.0 344.0 298.0 346.0 275.0 386.0 279.0 Grasp 0
403.0 194.0 333.0 214.0 327.0 192.0 396.0 172.0 Grasp 0
