490.0 71.0 455.0 33.0 477.0 13.0 512.0 51.0 Grasp 0
421.0 397.0 410.0 426.0 382.0 415.0 393.0 386.0 Grasp 0
335.0 314.0 323.0 282.0 351.0 271.0 363.0 304.0 Grasp 0
272.0 239.0 226.0 244.0 224.0 215.0 270.0 211.0 Grasp 0
336.0 327.0 317.0 297.0 343.0 281.0 362.0 311.0 Grasp 0
327.0 345.0 300.0 325.0 317.0 301.0 345.0 322.0 Grasp 0
462.0 386.0 457.0 413.0 428.0 408.0 433.0 381.0 Grasp 0
279.0 244.0 234.0 257.0 227.0 229.0 271.0 217.0 Grasp 0
406.0 398.0 391.0 423.0 366.0 408.0 382.0 383.0 Grasp 0
290.0 233.0 246.0 237.0 243.0 208.0 287.0 204.0 Grasp 0
278.0 226.0 234.0 222.0 237.0 193.0 281.0 198.0 Grasp 0
469.0 394.0 463.0 423.0 434.0 418.0 439.0 388.0 Grasp 0
362.0 316.0 328.0 306.0 336.0 278.0 370.0 287.0 Grasp 0
281.0 266.0 238.0 287.0 225.0 261.0 268.0 240.0 Grasp 0
428.0 252.0 387.0 240.0 396.0 211.0 437.0 222.0 Grasp 0
441.0 378.0 435.0 412.0 407.0 406.0 413.0 373.0 Grasp 0
274.0 255.0 229.0 268.0 221.0 240.0 266.0 227.0 Grasp 0
501.0 66.0 474.0 22.0 500.0 7.0 527.0 50.0 Grasp 0
423.0 386.0 412.0 414.0 385.0 404.0 396.0 375.0 Grasp 0
361.0 329.0 324.0 326.0 327.0 297.0 364.0 300.0 Grasp 0
432.0 388.0 421.0 416.0 394.0 406.0 405.0 378.0 Grasp 0
264.0 271.0 221.0 293.0 208.0 267.0 251.0 245.0 Grasp 0
447.0 394.0 442.0 423.0 412.0 418.0 417.0 389.0 Grasp 0
330.0 340.0 312.0 311.0 338.0 295.0 356.0 324.0 Grasp 0
420.0 416.0 402.0 446.0 373.0 429.0 392.0 398.0 Grasp 0
451.0 386.0 446.0 413.0 418.0 408.0 423.0 381.0 Grasp 0
497.0 80.0 470.0 37.0 495.0 21.0 522.0 65.0 Grasp 0
347.0 299.0 336.0 273.0 364.0 263.0 374.0 289.0 Grasp 0
479.0 82.0 453.0 39.0 478.0 23.0 505.0 66.0 Grasp 0
270.0 261.0 227.0 282.0 214.0 256.0 257.0 235.0 Grasp 0
383.0 272.0 353.0 263.0 361.0 235.0 391.0 243.0 Grasp 0
301.0 378.0 262.0 374.0 264.0 344.0 304.0 347.0 Grasp 0
337.0 301.0 333.0 277.0 362.0 272.0 367.0 296.0 Grasp 0
357.0 190.0 307.0 108.0 334.0 92.0 384.0 173.0 Grasp 0
372.0 299.0 341.0 290.0 349.0 262.0 380.0 271.0 Grasp 0
342.0 320.0 330.0 288.0 358.0 277.0 371.0 309.0 Grasp 0
474.0 380.0 469.0 412.0 440.0 407.0 446.0 375.0 Grasp 0
332.0 357.0 299.0 341.0 313.0 314.0 345.0 331.0 Grasp 0
460.0 400.0 451.0 424.0 422.0 413.0 431.0 389.0 Grasp 0
