293.0 303.0 239.0 298.0 241.0 269.0 296.0 274.0 Grasp 0
420.0 73.0 390.0 58.0 403.0 33.0 433.0 47.0 Grasp 0
320.0 260.0 265.0 255.0 268.0 225.0 323.0 230.0 Grasp 0
319.0 246.0 267.0 221.0 281.0 193.0 332.0 219.0 Grasp 0
313.0 279.0 263.0 254.0 276.0 227.0 326.0 252.0 Grasp 0
327.0 220.0 293.0 203.0 306.0 176.0 341.0 193.0 Grasp 0
333.0 232.0 269.0 238.0 266.0 207.0 330.0 201.0 Grasp 0
403.0 128.0 372.0 105.0 389.0 82.0 420.0 106.0 Grasp 0
288.0 314.0 233.0 309.0 236.0 280.0 291.0 285.0 Grasp 0
343.0 211.0 305.0 200.0 313.0 171.0 351.0 182.0 Grasp 0
427.0 63.0 406.0 40.0 428.0 21.0 448.0 44.0 Grasp 0
396.0 112.0 362.0 95.0 375.0 70.0 409.0 87.0 Grasp 0
430.0 56.0 413.0 29.0 438.0 14.0 454.0 41.0 Grasp 0
318.0 287.0 263.0 271.0 271.0 242.0 326.0 258.0 Grasp 0
301.0 297.0 247.0 282.0 256.0 253.0 309.0 269.0 Grasp 0
447.0 42.0 422.0 23.0 439.0 1.0 464.0 19.0 Grasp 0
286.0 307.0 235.0 282.0 248.0 255.0 299.0 280.0 Grasp 0
427.0 77.0 402.0 58.0 419.0 35.0 444.0 55.0 Grasp 0
629.0 154.0 579.0 159.0 576.0 129.0 626.0 124.0 Grasp 0
293.0 326.0 238.0 321.0 241.0 291.0 296.0 296.0 Grasp 0
393.0 131.0 356.0 113.0 368.0 87.0 406.0 106.0 Grasp 0
394.0 144.0 360.0 119.0 378.0 96.0 411.0 121.0 Grasp 0
438.0 45.0 414.0 33.0 427.0 8.0 451.0 20.0 Grasp 0
379.0 147.0 338.0 127.0 351.0 101.0 392.0 121.0 Grasp 0
633.0 142.0 581.0 137.0 584.0 107.0 636.0 112.0 Grasp 0
410.0 99.0 380.0 84.0 393.0 58.0 423.0 73.0 Grasp 0
291.0 335.0 237.0 340.0 235.0 311.0 288.0 306.0 Grasp 0
297.0 280.0 245.0 254.0 259.0 227.0 310.0 253.0 Grasp 0
324.0 268.0 274.0 243.0 287.0 216.0 337.0 241.0 Grasp 0
378.0 165.0 345.0 140.0 362.0 117.0 395.0 142.0 Grasp 0
626.0 143.0 573.0 148.0 570.0 118.0 623.0 113.0 Grasp 0
306.0 257.0 257.0 232.0 270.0 205.0 320.0 230.0 Grasp 0
396.0 122.0 361.0 104.0 374.0 79.0 409.0 96.0 Grasp 0
420.0 88.0 391.0 74.0 403.0 48.0 433.0 63.0 Grasp 0
306.0 274.0 269.0 215.0 294.0 199.0 331.0 258.0 Grasp 0
382.0 138.0 344.0 119.0 357.0 94.0 394.0 113.0 Grasp 0
385.0 167.0 355.0 135.0 376.0 116.0 406.0 148.0 Grasp 0
429.0 55.0 404.0 43.0 417.0 17.0 441.0 29.0 Grasp 0
275.0 326.0 219.0 331.0 216.0 301.0 272.0 296.0 Grasp 0
390.0 157.0 360.0 124.0 382.0 105.0 411.0 137.0 Grasp 0
341.0 231.0 284.0 215.0 293.0 186.0 349.0 202.0 Grasp 0
406.0 108.0 374.0 92.0 387.0 66.0 419.0 82.0 Grasp 0
315.0 259.0 273.0 213.0 296.0 192.0 337.0 238.0 Grasp 0
306.0 309.0 252.0 293.0 261.0 264.0 315.0 280.0 Grasp 0
272.0 503.0 227.0 388.0 257.0 377.0 301.0 492.0 Grasp 0
273.0 336.0 221.0 341.0 218.0 312.0 271.0 307.0 Grasp 0
399.0 425.0 353.0 500.0 326.0 483.0 372.0 409.0 Grasp 0
303.0 299.0 259.0 265.0 277.0 241.0 322.0 275.0 Grasp 0
384.0 149.0 350.0 124.0 367.0 101.0 401.0 126.0 Grasp 0
432.0 65.0 402.0 51.0 415.0 25.0 444.0 40.0 Grasp 0
297.0 287.0 242.0 271.0 250.0 242.0 306.0 258.0 Grasp 0
