481.0 65.0 481.0 120.0 452.0 120.0 452.0 65.0 Grasp 0
269.0 143.0 206.0 244.0 182.0 229.0 245.0 128.0 Grasp 0
312.0 16.0 298.0 89.0 270.0 83.0 284.0 10.0 Grasp 0
357.0 37.0 298.0 101.0 277.0 81.0 335.0 17.0 Grasp 0
265.0 135.0 204.0 203.0 183.0 183.0 244.0 116.0 Grasp 0
480.0 130.0 454.0 63.0 481.0 53.0 507.0 120.0 Grasp 0
450.0 131.0 421.0 56.0 447.0 46.0 477.0 121.0 Grasp 0
449.0 136.0 398.0 53.0 422.0 38.0 474.0 121.0 Grasp 0
278.0 152.0 278.0 264.0 248.0 264.0 248.0 152.0 Grasp 0
292.0 12.0 292.0 81.0 263.0 81.0 263.0 12.0 Grasp 0
341.0 293.0 281.0 310.0 273.0 281.0 333.0 263.0 Grasp 0
330.0 35.0 261.0 69.0 248.0 44.0 317.0 9.0 Grasp 0
240.0 315.0 184.0 253.0 206.0 234.0 262.0 295.0 Grasp 0
261.0 130.0 201.0 175.0 184.0 152.0 244.0 107.0 Grasp 0
511.0 74.0 502.0 124.0 474.0 119.0 483.0 69.0 Grasp 0
451.0 312.0 376.0 334.0 367.0 305.0 443.0 283.0 Grasp 0
519.0 77.0 511.0 120.0 483.0 114.0 491.0 72.0 Grasp 0
467.0 130.0 440.0 59.0 467.0 49.0 494.0 119.0 Grasp 0
434.0 332.0 369.0 338.0 366.0 308.0 431.0 302.0 Grasp 0
467.0 61.0 467.0 120.0 438.0 120.0 438.0 61.0 Grasp 0
328.0 23.0 302.0 91.0 275.0 81.0 301.0 12.0 Grasp 0
370.0 287.0 277.0 296.0 274.0 266.0 367.0 257.0 Grasp 0
239.0 317.0 193.0 282.0 210.0 260.0 256.0 294.0 Grasp 0
