398.0 133.0 333.0 84.0 351.0 61.0 416.0 110.0 Grasp 0
342.0 182.0 293.0 128.0 315.0 109.0 363.0 162.0 Grasp 0
612.0 189.0 530.0 182.0 532.0 152.0 615.0 159.0 Grasp 0
324.0 204.0 270.0 163.0 288.0 139.0 342.0 180.0 Grasp 0
594.0 234.0 519.0 196.0 532.0 169.0 607.0 207.0 Grasp 0
333.0 187.0 288.0 138.0 310.0 118.0 355.0 167.0 Grasp 0
379.0 146.0 322.0 102.0 339.0 79.0 397.0 122.0 Grasp 0
416.0 116.0 349.0 65.0 367.0 42.0 434.0 93.0 Grasp 0
334.0 281.0 334.0 363.0 304.0 363.0 304.0 281.0 Grasp 0
615.0 170.0 537.0 177.0 534.0 147.0 613.0 140.0 Grasp 0
601.0 205.0 527.0 184.0 535.0 155.0 610.0 176.0 Grasp 0
315.0 281.0 315.0 362.0 285.0 362.0 285.0 281.0 Grasp 0
339.0 256.0 254.0 214.0 267.0 188.0 352.0 231.0 Grasp 0
304.0 280.0 304.0 361.0 273.0 361.0 273.0 280.0 Grasp 0
588.0 264.0 512.0 226.0 526.0 199.0 601.0 237.0 Grasp 0
374.0 156.0 313.0 109.0 331.0 86.0 392.0 132.0 Grasp 0
358.0 281.0 358.0 363.0 328.0 363.0 328.0 281.0 Grasp 0
593.0 37.0 530.0 106.0 509.0 86.0 571.0 18.0 Grasp 0
361.0 169.0 301.0 124.0 319.0 101.0 379.0 146.0 Grasp 0
416.0 112.0 356.0 46.0 377.0 27.0 437.0 93.0 Grasp 0
602.0 184.0 531.0 164.0 539.0 135.0 610.0 155.0 Grasp 0
598.0 218.0 526.0 197.0 534.0 168.0 606.0 189.0 Grasp 0
577.0 304.0 503.0 223.0 525.0 203.0 599.0 284.0 Grasp 0
466.0 165.0 425.0 231.0 401.0 216.0 442.0 150.0 Grasp 0
431.0 101.0 363.0 49.0 380.0 26.0 448.0 78.0 Grasp 0
290.0 281.0 290.0 360.0 260.0 360.0 260.0 281.0 Grasp 0
462.0 359.0 395.0 285.0 417.0 265.0 484.0 339.0 Grasp 0
436.0 108.0 349.0 64.0 362.0 39.0 449.0 82.0 Grasp 0
277.0 280.0 277.0 359.0 247.0 359.0 247.0 280.0 Grasp 0
472.0 354.0 416.0 263.0 442.0 247.0 498.0 338.0 Grasp 0
441.0 89.0 372.0 37.0 389.0 15.0 458.0 67.0 Grasp 0
372.0 283.0 372.0 363.0 342.0 363.0 342.0 283.0 Grasp 0
442.0 86.0 382.0 20.0 403.0 1.0 463.0 67.0 Grasp 0
312.0 211.0 264.0 175.0 282.0 151.0 330.0 187.0 Grasp 0
472.0 353.0 404.0 279.0 426.0 259.0 494.0 333.0 Grasp 0
600.0 44.0 539.0 110.0 517.0 91.0 578.0 24.0 Grasp 0
578.0 23.0 531.0 100.0 506.0 84.0 553.0 8.0 Grasp 0
456.0 166.0 413.0 234.0 389.0 219.0 432.0 151.0 Grasp 0
591.0 254.0 514.0 216.0 528.0 189.0 604.0 227.0 Grasp 0
620.0 65.0 548.0 119.0 530.0 96.0 602.0 42.0 Grasp 0
405.0 126.0 341.0 77.0 358.0 54.0 422.0 103.0 Grasp 0
213.0 359.0 190.0 301.0 218.0 290.0 241.0 348.0 Grasp 0
598.0 223.0 524.0 216.0 527.0 186.0 601.0 193.0 Grasp 0
322.0 261.0 234.0 217.0 247.0 191.0 335.0 235.0 Grasp 0
389.0 141.0 326.0 94.0 344.0 71.0 406.0 118.0 Grasp 0
358.0 179.0 287.0 144.0 300.0 118.0 371.0 153.0 Grasp 0
422.0 176.0 399.0 235.0 373.0 225.0 396.0 166.0 Grasp 0
318.0 204.0 277.0 138.0 303.0 123.0 344.0 189.0 Grasp 0
475.0 347.0 453.0 229.0 482.0 223.0 505.0 342.0 Grasp 0
442.0 169.0 399.0 238.0 375.0 223.0 418.0 154.0 Grasp 0
