240.0 256.0 198.0 277.0 184.0 250.0 227.0 229.0 Grasp 0
584.0 119.0 528.0 91.0 541.0 65.0 597.0 93.0 Grasp 0
524.0 178.0 468.0 162.0 476.0 134.0 532.0 150.0 Grasp 0
231.0 271.0 196.0 253.0 209.0 225.0 245.0 243.0 Grasp 0
418.0 339.0 361.0 311.0 375.0 283.0 432.0 311.0 Grasp 0
308.0 171.0 260.0 175.0 258.0 145.0 306.0 141.0 Grasp 0
552.0 147.0 497.0 120.0 511.0 93.0 566.0 120.0 Grasp 0
585.0 78.0 529.0 50.0 542.0 23.0 598.0 51.0 Grasp 0
450.0 353.0 388.0 347.0 391.0 316.0 453.0 322.0 Grasp 0
539.0 166.0 484.0 138.0 497.0 112.0 552.0 139.0 Grasp 0
536.0 172.0 479.0 156.0 487.0 128.0 544.0 144.0 Grasp 0
316.0 183.0 269.0 196.0 261.0 166.0 307.0 153.0 Grasp 0
240.0 281.0 193.0 277.0 196.0 247.0 243.0 252.0 Grasp 0
595.0 100.0 539.0 72.0 552.0 46.0 608.0 74.0 Grasp 0
567.0 301.0 518.0 247.0 540.0 227.0 589.0 281.0 Grasp 0
225.0 253.0 192.0 236.0 205.0 209.0 239.0 226.0 Grasp 0
232.0 293.0 191.0 273.0 204.0 246.0 245.0 267.0 Grasp 0
600.0 87.0 551.0 50.0 569.0 27.0 617.0 63.0 Grasp 0
566.0 115.0 509.0 87.0 522.0 61.0 579.0 89.0 Grasp 0
302.0 210.0 262.0 190.0 275.0 162.0 316.0 183.0 Grasp 0
317.0 160.0 273.0 181.0 259.0 154.0 303.0 132.0 Grasp 0
458.0 260.0 385.0 297.0 371.0 269.0 444.0 233.0 Grasp 0
243.0 283.0 200.0 262.0 213.0 235.0 256.0 256.0 Grasp 0
334.0 36.0 235.0 46.0 232.0 10.0 331.0 1.0 Grasp 0
251.0 300.0 204.0 287.0 212.0 259.0 259.0 272.0 Grasp 0
554.0 298.0 506.0 245.0 528.0 225.0 576.0 277.0 Grasp 0
559.0 344.0 534.0 363.0 517.0 340.0 542.0 321.0 Grasp 0
577.0 276.0 555.0 219.0 581.0 208.0 604.0 265.0 Grasp 0
226.0 348.0 217.0 343.0 230.0 318.0 239.0 322.0 Grasp 0
327.0 214.0 314.0 249.0 286.0 238.0 299.0 203.0 Grasp 0
576.0 340.0 555.0 364.0 533.0 345.0 555.0 321.0 Grasp 0
558.0 314.0 484.0 278.0 498.0 250.0 571.0 287.0 Grasp 0
438.0 345.0 379.0 328.0 387.0 298.0 447.0 315.0 Grasp 0
428.0 351.0 367.0 333.0 375.0 304.0 437.0 322.0 Grasp 0
245.0 283.0 197.0 297.0 188.0 268.0 237.0 254.0 Grasp 0
586.0 109.0 531.0 82.0 544.0 55.0 599.0 83.0 Grasp 0
535.0 314.0 493.0 247.0 519.0 230.0 561.0 298.0 Grasp 0
574.0 133.0 518.0 105.0 532.0 79.0 587.0 107.0 Grasp 0
589.0 88.0 536.0 61.0 549.0 35.0 602.0 61.0 Grasp 0
449.0 279.0 395.0 320.0 376.0 296.0 431.0 255.0 Grasp 0
595.0 330.0 582.0 350.0 558.0 335.0 570.0 315.0 Grasp 0
326.0 225.0 313.0 259.0 286.0 248.0 299.0 215.0 Grasp 0
447.0 273.0 381.0 306.0 367.0 279.0 433.0 246.0 Grasp 0
232.0 271.0 185.0 266.0 188.0 236.0 235.0 241.0 Grasp 0
247.0 337.0 231.0 333.0 239.0 305.0 255.0 310.0 Grasp 0
535.0 262.0 519.0 343.0 489.0 337.0 504.0 256.0 Grasp 0
253.0 326.0 237.0 322.0 244.0 294.0 261.0 299.0 Grasp 0
530.0 232.0 530.0 315.0 499.0 315.0 499.0 232.0 Grasp 0
581.0 330.0 559.0 353.0 538.0 334.0 560.0 311.0 Grasp 0
222.0 340.0 203.0 327.0 221.0 304.0 239.0 317.0 Grasp 0
557.0 122.0 501.0 94.0 514.0 67.0 570.0 95.0 Grasp 0
556.0 132.0 502.0 105.0 515.0 79.0 569.0 106.0 Grasp 0
559.0 161.0 499.0 156.0 502.0 126.0 562.0 132.0 Grasp 0
530.0 344.0 500.0 267.0 529.0 256.0 559.0 333.0 Grasp 0
296.0 177.0 249.0 181.0 247.0 151.0 293.0 147.0 Grasp 0
601.0 329.0 590.0 357.0 563.0 347.0 574.0 318.0 Grasp 0
250.0 356.0 201.0 331.0 214.0 305.0 263.0 329.0 Grasp 0
435.0 346.0 373.0 352.0 370.0 321.0 432.0 315.0 Grasp 0
305.0 192.0 257.0 187.0 260.0 157.0 308.0 161.0 Grasp 0
516.0 331.0 488.0 257.0 516.0 245.0 545.0 320.0 Grasp 0
303.0 199.0 261.0 178.0 274.0 151.0 316.0 172.0 Grasp 0
503.0 344.0 488.0 263.0 518.0 258.0 533.0 338.0 Grasp 0
247.0 358.0 192.0 342.0 200.0 313.0 255.0 329.0 Grasp 0
554.0 156.0 496.0 139.0 504.0 111.0 562.0 127.0 Grasp 0
426.0 323.0 363.0 291.0 376.0 264.0 440.0 295.0 Grasp 0
293.0 159.0 253.0 163.0 250.0 132.0 290.0 129.0 Grasp 0
254.0 350.0 232.0 344.0 240.0 316.0 262.0 322.0 Grasp 0
321.0 175.0 290.0 208.0 268.0 188.0 299.0 155.0 Grasp 0
576.0 288.0 514.0 242.0 532.0 218.0 593.0 265.0 Grasp 0
572.0 95.0 517.0 67.0 530.0 41.0 585.0 68.0 Grasp 0
244.0 272.0 200.0 285.0 191.0 256.0 236.0 244.0 Grasp 0
430.0 333.0 371.0 304.0 385.0 277.0 444.0 306.0 Grasp 0
322.0 208.0 304.0 237.0 279.0 221.0 296.0 193.0 Grasp 0
233.0 328.0 215.0 316.0 233.0 293.0 250.0 306.0 Grasp 0
551.0 182.0 493.0 166.0 501.0 137.0 559.0 154.0 Grasp 0
229.0 331.0 196.0 306.0 213.0 283.0 247.0 308.0 Grasp 0
585.0 337.0 568.0 357.0 547.0 338.0 564.0 318.0 Grasp 0
239.0 302.0 189.0 297.0 192.0 268.0 242.0 273.0 Grasp 0
323.0 196.0 303.0 227.0 278.0 211.0 297.0 180.0 Grasp 0
