266.0 145.0 244.0 169.0 222.0 149.0 243.0 125.0 Grasp 0
258.0 132.0 233.0 158.0 208.0 135.0 232.0 108.0 Grasp 0
398.0 93.0 368.0 96.0 365.0 64.0 395.0 62.0 Grasp 0
387.0 72.0 360.0 80.0 351.0 50.0 379.0 42.0 Grasp 0
307.0 207.0 296.0 178.0 326.0 167.0 337.0 195.0 Grasp 0
388.0 101.0 359.0 98.0 361.0 67.0 391.0 70.0 Grasp 0
381.0 150.0 352.0 136.0 367.0 105.0 396.0 119.0 Grasp 0
357.0 187.0 337.0 165.0 362.0 143.0 381.0 164.0 Grasp 0
377.0 316.0 331.0 367.0 310.0 348.0 356.0 297.0 Grasp 0
400.0 329.0 346.0 370.0 329.0 347.0 383.0 307.0 Grasp 0
394.0 148.0 365.0 140.0 374.0 108.0 403.0 117.0 Grasp 0
267.0 118.0 224.0 130.0 215.0 100.0 259.0 88.0 Grasp 0
397.0 115.0 366.0 112.0 369.0 79.0 400.0 82.0 Grasp 0
280.0 159.0 280.0 188.0 249.0 188.0 249.0 159.0 Grasp 0
304.0 202.0 287.0 175.0 316.0 157.0 333.0 184.0 Grasp 0
392.0 310.0 346.0 361.0 325.0 342.0 371.0 291.0 Grasp 0
395.0 129.0 367.0 126.0 370.0 94.0 398.0 96.0 Grasp 0
568.0 100.0 549.0 151.0 521.0 140.0 540.0 89.0 Grasp 0
366.0 180.0 343.0 155.0 368.0 132.0 391.0 157.0 Grasp 0
295.0 182.0 285.0 209.0 256.0 197.0 266.0 171.0 Grasp 0
305.0 177.0 300.0 207.0 268.0 201.0 274.0 171.0 Grasp 0
324.0 195.0 308.0 169.0 337.0 151.0 353.0 177.0 Grasp 0
256.0 146.0 234.0 170.0 211.0 149.0 233.0 125.0 Grasp 0
289.0 207.0 278.0 179.0 309.0 167.0 321.0 195.0 Grasp 0
376.0 171.0 351.0 152.0 371.0 124.0 396.0 143.0 Grasp 0
390.0 85.0 363.0 87.0 360.0 56.0 387.0 53.0 Grasp 0
345.0 185.0 325.0 162.0 349.0 140.0 370.0 163.0 Grasp 0
274.0 164.0 274.0 193.0 243.0 193.0 243.0 164.0 Grasp 0
262.0 155.0 245.0 182.0 218.0 165.0 235.0 138.0 Grasp 0
561.0 89.0 561.0 150.0 530.0 150.0 530.0 89.0 Grasp 0
518.0 137.0 506.0 75.0 536.0 69.0 547.0 132.0 Grasp 0
335.0 202.0 319.0 176.0 347.0 158.0 364.0 185.0 Grasp 0
354.0 32.0 340.0 36.0 332.0 8.0 346.0 4.0 Grasp 0
380.0 78.0 353.0 86.0 344.0 56.0 372.0 48.0 Grasp 0
317.0 176.0 312.0 207.0 280.0 201.0 286.0 170.0 Grasp 0
266.0 126.0 231.0 144.0 217.0 116.0 252.0 98.0 Grasp 0
329.0 122.0 312.0 210.0 282.0 205.0 299.0 116.0 Grasp 0
400.0 305.0 364.0 363.0 339.0 348.0 375.0 290.0 Grasp 0
375.0 344.0 314.0 374.0 301.0 349.0 362.0 319.0 Grasp 0
369.0 296.0 332.0 354.0 308.0 339.0 344.0 280.0 Grasp 0
267.0 139.0 240.0 159.0 222.0 135.0 249.0 115.0 Grasp 0
390.0 289.0 353.0 348.0 329.0 333.0 365.0 274.0 Grasp 0
378.0 161.0 351.0 147.0 365.0 117.0 393.0 131.0 Grasp 0
