386.0 111.0 351.0 56.0 379.0 39.0 413.0 94.0 Grasp 0
274.0 39.0 237.0 49.0 229.0 21.0 266.0 11.0 Grasp 0
553.0 232.0 533.0 285.0 505.0 275.0 526.0 221.0 Grasp 0
363.0 123.0 331.0 71.0 358.0 54.0 390.0 106.0 Grasp 0
265.0 452.0 240.0 459.0 232.0 432.0 257.0 424.0 Grasp 0
392.0 115.0 368.0 55.0 399.0 43.0 422.0 104.0 Grasp 0
364.0 473.0 338.0 465.0 346.0 437.0 372.0 444.0 Grasp 0
546.0 226.0 525.0 280.0 498.0 269.0 519.0 215.0 Grasp 0
260.0 472.0 232.0 475.0 229.0 446.0 257.0 444.0 Grasp 0
470.0 86.0 465.0 111.0 434.0 105.0 438.0 80.0 Grasp 0
274.0 468.0 255.0 489.0 234.0 470.0 253.0 449.0 Grasp 0
491.0 140.0 467.0 147.0 459.0 118.0 483.0 111.0 Grasp 0
269.0 29.0 233.0 48.0 219.0 21.0 256.0 3.0 Grasp 0
529.0 205.0 506.0 217.0 493.0 190.0 516.0 179.0 Grasp 0
569.0 306.0 553.0 310.0 545.0 283.0 561.0 278.0 Grasp 0
520.0 189.0 497.0 200.0 484.0 173.0 506.0 161.0 Grasp 0
437.0 270.0 422.0 350.0 393.0 345.0 408.0 265.0 Grasp 0
468.0 77.0 464.0 99.0 431.0 93.0 436.0 71.0 Grasp 0
461.0 72.0 456.0 94.0 425.0 89.0 429.0 66.0 Grasp 0
431.0 365.0 415.0 279.0 444.0 273.0 460.0 360.0 Grasp 0
561.0 305.0 546.0 309.0 539.0 283.0 553.0 278.0 Grasp 0
553.0 249.0 531.0 307.0 504.0 297.0 527.0 239.0 Grasp 0
575.0 224.0 543.0 276.0 518.0 261.0 550.0 208.0 Grasp 0
548.0 206.0 538.0 262.0 509.0 257.0 519.0 201.0 Grasp 0
253.0 441.0 230.0 447.0 222.0 419.0 245.0 413.0 Grasp 0
474.0 91.0 474.0 116.0 442.0 116.0 442.0 91.0 Grasp 0
425.0 271.0 411.0 349.0 382.0 344.0 397.0 265.0 Grasp 0
455.0 66.0 451.0 88.0 419.0 82.0 423.0 60.0 Grasp 0
562.0 220.0 551.0 280.0 522.0 274.0 533.0 214.0 Grasp 0
260.0 444.0 236.0 457.0 223.0 431.0 248.0 419.0 Grasp 0
358.0 483.0 333.0 476.0 341.0 448.0 366.0 455.0 Grasp 0
443.0 361.0 426.0 272.0 455.0 266.0 472.0 356.0 Grasp 0
398.0 100.0 366.0 48.0 394.0 30.0 426.0 83.0 Grasp 0
