435.0 111.0 392.0 158.0 370.0 138.0 413.0 91.0 Grasp 0
421.0 76.0 374.0 127.0 353.0 107.0 399.0 56.0 Grasp 0
294.0 192.0 238.0 165.0 252.0 138.0 307.0 166.0 Grasp 0
610.0 242.0 533.0 280.0 520.0 254.0 597.0 216.0 Grasp 0
239.0 299.0 192.0 264.0 209.0 240.0 256.0 276.0 Grasp 0
434.0 101.0 373.0 131.0 360.0 106.0 421.0 75.0 Grasp 0
278.0 258.0 222.0 231.0 235.0 204.0 291.0 232.0 Grasp 0
295.0 238.0 232.0 220.0 240.0 192.0 303.0 209.0 Grasp 0
453.0 124.0 412.0 169.0 391.0 150.0 432.0 104.0 Grasp 0
267.0 278.0 217.0 241.0 235.0 217.0 285.0 255.0 Grasp 0
273.0 242.0 217.0 214.0 230.0 188.0 286.0 216.0 Grasp 0
414.0 50.0 354.0 95.0 337.0 72.0 396.0 27.0 Grasp 0
305.0 217.0 256.0 180.0 274.0 156.0 323.0 194.0 Grasp 0
407.0 64.0 349.0 107.0 332.0 84.0 389.0 41.0 Grasp 0
383.0 45.0 321.0 92.0 304.0 69.0 366.0 22.0 Grasp 0
345.0 228.0 324.0 261.0 300.0 246.0 320.0 213.0 Grasp 0
548.0 139.0 506.0 127.0 514.0 99.0 556.0 111.0 Grasp 0
408.0 62.0 386.0 86.0 363.0 65.0 385.0 41.0 Grasp 0
416.0 76.0 361.0 117.0 344.0 95.0 399.0 53.0 Grasp 0
525.0 97.0 483.0 93.0 486.0 64.0 528.0 68.0 Grasp 0
296.0 221.0 229.0 227.0 226.0 197.0 293.0 191.0 Grasp 0
541.0 89.0 500.0 100.0 492.0 72.0 533.0 61.0 Grasp 0
523.0 68.0 485.0 78.0 477.0 50.0 515.0 40.0 Grasp 0
494.0 309.0 425.0 343.0 412.0 317.0 481.0 283.0 Grasp 0
293.0 225.0 240.0 199.0 253.0 172.0 306.0 198.0 Grasp 0
532.0 74.0 493.0 85.0 485.0 58.0 524.0 47.0 Grasp 0
405.0 43.0 336.0 77.0 324.0 52.0 392.0 18.0 Grasp 0
304.0 207.0 257.0 171.0 275.0 147.0 322.0 183.0 Grasp 0
250.0 281.0 194.0 252.0 207.0 226.0 264.0 254.0 Grasp 0
397.0 51.0 337.0 96.0 320.0 74.0 380.0 28.0 Grasp 0
281.0 226.0 222.0 209.0 230.0 181.0 289.0 197.0 Grasp 0
435.0 129.0 385.0 167.0 367.0 144.0 418.0 106.0 Grasp 0
288.0 208.0 233.0 181.0 247.0 154.0 301.0 182.0 Grasp 0
541.0 100.0 498.0 112.0 490.0 84.0 533.0 72.0 Grasp 0
438.0 123.0 380.0 152.0 367.0 126.0 425.0 97.0 Grasp 0
428.0 112.0 368.0 142.0 355.0 116.0 415.0 86.0 Grasp 0
283.0 269.0 228.0 242.0 241.0 215.0 297.0 243.0 Grasp 0
289.0 253.0 233.0 225.0 246.0 199.0 302.0 226.0 Grasp 0
523.0 81.0 486.0 77.0 488.0 48.0 525.0 52.0 Grasp 0
277.0 286.0 218.0 270.0 226.0 242.0 285.0 258.0 Grasp 0
551.0 130.0 507.0 135.0 504.0 106.0 548.0 101.0 Grasp 0
243.0 309.0 198.0 275.0 216.0 252.0 261.0 286.0 Grasp 0
618.0 260.0 548.0 294.0 535.0 268.0 605.0 233.0 Grasp 0
613.0 239.0 562.0 295.0 540.0 275.0 591.0 219.0 Grasp 0
259.0 301.0 207.0 276.0 220.0 249.0 272.0 275.0 Grasp 0
457.0 113.0 403.0 153.0 385.0 130.0 439.0 89.0 Grasp 0
277.0 276.0 217.0 259.0 225.0 230.0 285.0 248.0 Grasp 0
438.0 79.0 383.0 120.0 366.0 97.0 421.0 56.0 Grasp 0
447.0 96.0 392.0 137.0 374.0 113.0 429.0 72.0 Grasp 0
256.0 269.0 200.0 242.0 213.0 215.0 269.0 243.0 Grasp 0
362.0 233.0 336.0 261.0 315.0 241.0 340.0 213.0 Grasp 0
349.0 341.0 320.0 332.0 328.0 305.0 357.0 313.0 Grasp 0
600.0 198.0 541.0 263.0 519.0 243.0 579.0 178.0 Grasp 0
513.0 312.0 452.0 358.0 435.0 335.0 496.0 289.0 Grasp 0
397.0 96.0 330.0 115.0 322.0 88.0 389.0 68.0 Grasp 0
428.0 138.0 366.0 143.0 363.0 115.0 426.0 109.0 Grasp 0
310.0 192.0 256.0 165.0 269.0 139.0 323.0 166.0 Grasp 0
305.0 222.0 251.0 195.0 264.0 169.0 318.0 196.0 Grasp 0
397.0 26.0 337.0 72.0 320.0 49.0 380.0 4.0 Grasp 0
411.0 96.0 355.0 138.0 338.0 115.0 394.0 73.0 Grasp 0
