485.0 17.0 466.0 117.0 436.0 111.0 455.0 11.0 Grasp 0
475.0 274.0 429.0 199.0 453.0 184.0 500.0 259.0 Grasp 0
474.0 17.0 458.0 102.0 428.0 97.0 444.0 12.0 Grasp 0
489.0 33.0 433.0 95.0 410.0 74.0 466.0 13.0 Grasp 0
325.0 97.0 277.0 60.0 295.0 37.0 343.0 73.0 Grasp 0
338.0 76.0 296.0 30.0 318.0 10.0 359.0 56.0 Grasp 0
238.0 312.0 193.0 263.0 215.0 243.0 260.0 292.0 Grasp 0
506.0 274.0 436.0 198.0 458.0 179.0 527.0 255.0 Grasp 0
348.0 77.0 286.0 46.0 299.0 20.0 361.0 50.0 Grasp 0
465.0 286.0 429.0 380.0 401.0 369.0 437.0 276.0 Grasp 0
248.0 299.0 201.0 263.0 219.0 240.0 266.0 276.0 Grasp 0
326.0 115.0 248.0 92.0 256.0 64.0 334.0 86.0 Grasp 0
328.0 119.0 234.0 111.0 237.0 81.0 331.0 90.0 Grasp 0
367.0 222.0 319.0 300.0 294.0 285.0 342.0 207.0 Grasp 0
519.0 39.0 452.0 113.0 429.0 92.0 497.0 18.0 Grasp 0
315.0 111.0 265.0 74.0 283.0 51.0 332.0 88.0 Grasp 0
333.0 106.0 254.0 83.0 262.0 55.0 341.0 77.0 Grasp 0
451.0 360.0 438.0 292.0 468.0 286.0 480.0 354.0 Grasp 0
235.0 316.0 188.0 280.0 205.0 256.0 253.0 292.0 Grasp 0
475.0 289.0 461.0 366.0 431.0 360.0 446.0 283.0 Grasp 0
350.0 97.0 237.0 107.0 234.0 78.0 348.0 67.0 Grasp 0
440.0 363.0 426.0 288.0 455.0 283.0 469.0 358.0 Grasp 0
332.0 90.0 282.0 52.0 300.0 29.0 350.0 66.0 Grasp 0
468.0 27.0 426.0 94.0 401.0 78.0 442.0 11.0 Grasp 0
546.0 266.0 456.0 198.0 473.0 175.0 563.0 243.0 Grasp 0
475.0 287.0 440.0 379.0 412.0 368.0 447.0 276.0 Grasp 0
469.0 279.0 402.0 206.0 423.0 186.0 490.0 260.0 Grasp 0
453.0 288.0 453.0 365.0 423.0 365.0 423.0 288.0 Grasp 0
