252.0 74.0 228.0 137.0 201.0 127.0 225.0 63.0 Grasp 0
302.0 125.0 270.0 75.0 295.0 60.0 326.0 110.0 Grasp 0
500.0 226.0 500.0 295.0 470.0 295.0 470.0 226.0 Grasp 0
451.0 219.0 434.0 308.0 405.0 303.0 422.0 214.0 Grasp 0
327.0 164.0 262.0 170.0 260.0 142.0 325.0 136.0 Grasp 0
303.0 135.0 254.0 80.0 275.0 61.0 325.0 115.0 Grasp 0
486.0 224.0 486.0 296.0 456.0 296.0 456.0 224.0 Grasp 0
442.0 302.0 426.0 220.0 455.0 214.0 471.0 296.0 Grasp 0
391.0 213.0 391.0 304.0 363.0 304.0 363.0 213.0 Grasp 0
407.0 214.0 407.0 303.0 378.0 303.0 378.0 214.0 Grasp 0
313.0 152.0 232.0 90.0 249.0 67.0 331.0 129.0 Grasp 0
326.0 180.0 257.0 174.0 260.0 145.0 329.0 151.0 Grasp 0
330.0 127.0 272.0 64.0 294.0 44.0 351.0 108.0 Grasp 0
451.0 302.0 436.0 219.0 465.0 213.0 480.0 296.0 Grasp 0
359.0 208.0 359.0 308.0 331.0 308.0 331.0 208.0 Grasp 0
511.0 226.0 479.0 308.0 451.0 297.0 483.0 215.0 Grasp 0
337.0 79.0 275.0 147.0 254.0 127.0 316.0 60.0 Grasp 0
339.0 126.0 314.0 60.0 341.0 50.0 367.0 115.0 Grasp 0
307.0 62.0 262.0 136.0 237.0 121.0 283.0 47.0 Grasp 0
335.0 199.0 252.0 176.0 260.0 148.0 343.0 171.0 Grasp 0
335.0 127.0 294.0 61.0 319.0 46.0 360.0 112.0 Grasp 0
430.0 303.0 414.0 217.0 443.0 212.0 459.0 298.0 Grasp 0
465.0 221.0 449.0 305.0 420.0 299.0 436.0 215.0 Grasp 0
484.0 304.0 453.0 222.0 481.0 211.0 512.0 293.0 Grasp 0
346.0 127.0 334.0 65.0 363.0 60.0 374.0 122.0 Grasp 0
320.0 72.0 276.0 143.0 251.0 128.0 295.0 57.0 Grasp 0
267.0 66.0 254.0 134.0 226.0 129.0 239.0 61.0 Grasp 0
285.0 65.0 235.0 146.0 210.0 131.0 260.0 50.0 Grasp 0
319.0 124.0 247.0 70.0 265.0 47.0 336.0 101.0 Grasp 0
425.0 217.0 408.0 310.0 379.0 304.0 397.0 212.0 Grasp 0
271.0 265.0 192.0 257.0 195.0 227.0 274.0 234.0 Grasp 0
438.0 218.0 421.0 310.0 393.0 304.0 410.0 213.0 Grasp 0
474.0 223.0 459.0 303.0 430.0 298.0 445.0 218.0 Grasp 0
302.0 73.0 278.0 136.0 251.0 126.0 275.0 62.0 Grasp 0
296.0 63.0 246.0 143.0 221.0 127.0 271.0 48.0 Grasp 0
263.0 68.0 234.0 142.0 207.0 132.0 236.0 58.0 Grasp 0
