541.0 78.0 514.0 98.0 497.0 75.0 524.0 55.0 Grasp 0
315.0 289.0 289.0 331.0 264.0 315.0 290.0 274.0 Grasp 0
547.0 90.0 531.0 115.0 507.0 100.0 522.0 75.0 Grasp 0
332.0 138.0 332.0 215.0 302.0 215.0 302.0 138.0 Grasp 0
298.0 260.0 244.0 275.0 236.0 247.0 290.0 231.0 Grasp 0
291.0 261.0 221.0 254.0 224.0 224.0 294.0 230.0 Grasp 0
313.0 278.0 271.0 310.0 253.0 286.0 295.0 254.0 Grasp 0
275.0 49.0 206.0 68.0 198.0 40.0 267.0 21.0 Grasp 0
255.0 122.0 181.0 115.0 183.0 86.0 258.0 93.0 Grasp 0
511.0 66.0 473.0 85.0 460.0 59.0 498.0 40.0 Grasp 0
520.0 73.0 490.0 96.0 473.0 73.0 503.0 50.0 Grasp 0
325.0 353.0 313.0 290.0 342.0 285.0 354.0 348.0 Grasp 0
287.0 271.0 232.0 266.0 235.0 236.0 289.0 241.0 Grasp 0
560.0 84.0 541.0 105.0 519.0 86.0 539.0 64.0 Grasp 0
380.0 339.0 328.0 282.0 350.0 263.0 401.0 319.0 Grasp 0
549.0 84.0 528.0 106.0 507.0 87.0 528.0 64.0 Grasp 0
420.0 181.0 330.0 136.0 343.0 110.0 433.0 155.0 Grasp 0
271.0 38.0 202.0 31.0 205.0 3.0 273.0 9.0 Grasp 0
599.0 99.0 590.0 121.0 564.0 110.0 572.0 89.0 Grasp 0
576.0 85.0 562.0 109.0 537.0 94.0 551.0 70.0 Grasp 0
372.0 356.0 333.0 294.0 358.0 278.0 397.0 341.0 Grasp 0
303.0 277.0 256.0 300.0 243.0 273.0 290.0 250.0 Grasp 0
607.0 96.0 598.0 119.0 571.0 108.0 580.0 85.0 Grasp 0
585.0 82.0 575.0 109.0 548.0 98.0 558.0 72.0 Grasp 0
536.0 69.0 506.0 92.0 488.0 69.0 519.0 45.0 Grasp 0
338.0 371.0 283.0 343.0 296.0 317.0 351.0 344.0 Grasp 0
343.0 345.0 318.0 280.0 345.0 269.0 370.0 335.0 Grasp 0
305.0 291.0 274.0 325.0 251.0 305.0 283.0 270.0 Grasp 0
505.0 74.0 476.0 106.0 455.0 87.0 484.0 55.0 Grasp 0
354.0 361.0 328.0 294.0 355.0 284.0 381.0 351.0 Grasp 0
498.0 69.0 458.0 89.0 445.0 63.0 485.0 43.0 Grasp 0
298.0 209.0 284.0 136.0 314.0 131.0 327.0 204.0 Grasp 0
386.0 205.0 324.0 136.0 345.0 116.0 408.0 185.0 Grasp 0
284.0 225.0 231.0 167.0 254.0 147.0 307.0 205.0 Grasp 0
587.0 94.0 573.0 117.0 549.0 102.0 563.0 79.0 Grasp 0
288.0 216.0 274.0 141.0 304.0 135.0 318.0 210.0 Grasp 0
430.0 174.0 342.0 130.0 355.0 104.0 444.0 148.0 Grasp 0
403.0 239.0 359.0 252.0 351.0 223.0 395.0 211.0 Grasp 0
298.0 246.0 215.0 223.0 223.0 193.0 306.0 217.0 Grasp 0
291.0 278.0 245.0 300.0 232.0 274.0 277.0 251.0 Grasp 0
306.0 228.0 278.0 157.0 306.0 146.0 333.0 217.0 Grasp 0
