388.0 134.0 347.0 67.0 371.0 53.0 412.0 119.0 Grasp 0
560.0 329.0 535.0 393.0 508.0 383.0 533.0 319.0 Grasp 0
457.0 124.0 430.0 55.0 457.0 45.0 483.0 114.0 Grasp 0
502.0 316.0 466.0 375.0 441.0 360.0 478.0 301.0 Grasp 0
368.0 135.0 328.0 69.0 352.0 54.0 393.0 120.0 Grasp 0
399.0 128.0 375.0 65.0 401.0 54.0 426.0 118.0 Grasp 0
525.0 318.0 501.0 382.0 474.0 371.0 498.0 308.0 Grasp 0
304.0 268.0 243.0 314.0 225.0 291.0 286.0 245.0 Grasp 0
295.0 205.0 192.0 196.0 195.0 167.0 297.0 176.0 Grasp 0
584.0 335.0 558.0 402.0 531.0 392.0 557.0 325.0 Grasp 0
294.0 214.0 205.0 222.0 203.0 193.0 291.0 184.0 Grasp 0
537.0 44.0 507.0 119.0 481.0 109.0 510.0 34.0 Grasp 0
422.0 179.0 374.0 215.0 356.0 192.0 405.0 156.0 Grasp 0
485.0 114.0 471.0 43.0 500.0 38.0 513.0 109.0 Grasp 0
297.0 237.0 206.0 245.0 203.0 216.0 295.0 207.0 Grasp 0
424.0 290.0 401.0 348.0 374.0 337.0 396.0 280.0 Grasp 0
404.0 285.0 382.0 342.0 355.0 331.0 377.0 274.0 Grasp 0
437.0 55.0 437.0 119.0 409.0 119.0 409.0 55.0 Grasp 0
486.0 309.0 463.0 368.0 436.0 358.0 458.0 299.0 Grasp 0
453.0 50.0 439.0 124.0 411.0 118.0 425.0 45.0 Grasp 0
511.0 316.0 487.0 377.0 460.0 367.0 484.0 305.0 Grasp 0
440.0 116.0 429.0 57.0 457.0 52.0 468.0 111.0 Grasp 0
544.0 324.0 519.0 388.0 492.0 378.0 517.0 313.0 Grasp 0
436.0 126.0 411.0 60.0 437.0 50.0 463.0 116.0 Grasp 0
382.0 281.0 361.0 333.0 334.0 322.0 354.0 270.0 Grasp 0
498.0 113.0 461.0 53.0 485.0 37.0 523.0 98.0 Grasp 0
297.0 270.0 206.0 278.0 203.0 249.0 294.0 241.0 Grasp 0
430.0 56.0 417.0 125.0 389.0 120.0 402.0 50.0 Grasp 0
506.0 105.0 482.0 44.0 509.0 34.0 532.0 95.0 Grasp 0
451.0 299.0 428.0 357.0 401.0 346.0 424.0 288.0 Grasp 0
603.0 338.0 575.0 410.0 548.0 400.0 576.0 327.0 Grasp 0
433.0 289.0 421.0 354.0 392.0 349.0 404.0 284.0 Grasp 0
421.0 131.0 380.0 64.0 404.0 49.0 446.0 116.0 Grasp 0
425.0 127.0 400.0 62.0 426.0 52.0 451.0 116.0 Grasp 0
468.0 308.0 417.0 364.0 395.0 344.0 447.0 288.0 Grasp 0
294.0 282.0 217.0 289.0 214.0 260.0 292.0 252.0 Grasp 0
297.0 256.0 202.0 248.0 205.0 218.0 300.0 227.0 Grasp 0
469.0 306.0 447.0 362.0 420.0 352.0 442.0 295.0 Grasp 0
470.0 47.0 455.0 123.0 427.0 117.0 442.0 41.0 Grasp 0
364.0 139.0 304.0 72.0 325.0 53.0 385.0 119.0 Grasp 0
568.0 327.0 554.0 402.0 526.0 397.0 540.0 322.0 Grasp 0
479.0 122.0 450.0 49.0 477.0 38.0 506.0 112.0 Grasp 0
458.0 292.0 458.0 365.0 428.0 365.0 428.0 292.0 Grasp 0
393.0 282.0 369.0 343.0 342.0 332.0 366.0 271.0 Grasp 0
521.0 100.0 461.0 55.0 478.0 32.0 538.0 78.0 Grasp 0
432.0 184.0 384.0 221.0 366.0 198.0 415.0 161.0 Grasp 0
310.0 248.0 233.0 306.0 215.0 283.0 292.0 225.0 Grasp 0
403.0 140.0 313.0 72.0 330.0 50.0 420.0 117.0 Grasp 0
447.0 289.0 447.0 362.0 418.0 362.0 418.0 289.0 Grasp 0
484.0 312.0 430.0 370.0 409.0 350.0 462.0 292.0 Grasp 0
586.0 328.0 586.0 413.0 557.0 413.0 557.0 328.0 Grasp 0
300.0 239.0 205.0 266.0 197.0 237.0 292.0 211.0 Grasp 0
416.0 177.0 353.0 208.0 341.0 182.0 404.0 151.0 Grasp 0
432.0 185.0 409.0 223.0 384.0 208.0 408.0 170.0 Grasp 0
439.0 199.0 394.0 222.0 381.0 196.0 427.0 174.0 Grasp 0
467.0 126.0 439.0 53.0 466.0 43.0 494.0 115.0 Grasp 0
404.0 122.0 393.0 62.0 421.0 57.0 432.0 117.0 Grasp 0
485.0 41.0 485.0 116.0 457.0 116.0 457.0 41.0 Grasp 0
382.0 124.0 371.0 65.0 399.0 60.0 410.0 119.0 Grasp 0
606.0 334.0 591.0 415.0 562.0 410.0 577.0 329.0 Grasp 0
419.0 290.0 383.0 347.0 358.0 332.0 394.0 274.0 Grasp 0
400.0 133.0 359.0 67.0 383.0 52.0 424.0 118.0 Grasp 0
297.0 252.0 224.0 288.0 211.0 262.0 284.0 226.0 Grasp 0
474.0 297.0 474.0 371.0 445.0 371.0 445.0 297.0 Grasp 0
528.0 41.0 497.0 120.0 470.0 110.0 501.0 30.0 Grasp 0
369.0 126.0 358.0 66.0 386.0 60.0 397.0 121.0 Grasp 0
284.0 302.0 197.0 278.0 205.0 249.0 292.0 274.0 Grasp 0
