536.0 136.0 480.0 178.0 462.0 155.0 518.0 112.0 Grasp 0
564.0 286.0 522.0 332.0 500.0 312.0 542.0 266.0 Grasp 0
513.0 108.0 462.0 147.0 444.0 123.0 495.0 85.0 Grasp 0
545.0 273.0 506.0 315.0 484.0 296.0 523.0 253.0 Grasp 0
527.0 257.0 461.0 290.0 448.0 263.0 514.0 230.0 Grasp 0
552.0 147.0 475.0 185.0 462.0 159.0 539.0 121.0 Grasp 0
589.0 306.0 546.0 354.0 524.0 334.0 567.0 286.0 Grasp 0
574.0 172.0 476.0 199.0 468.0 172.0 566.0 144.0 Grasp 0
526.0 124.0 473.0 164.0 455.0 140.0 508.0 101.0 Grasp 0
307.0 341.0 225.0 301.0 238.0 275.0 319.0 315.0 Grasp 0
535.0 262.0 424.0 252.0 426.0 223.0 538.0 233.0 Grasp 0
601.0 315.0 556.0 365.0 534.0 344.0 579.0 295.0 Grasp 0
578.0 297.0 536.0 344.0 513.0 324.0 556.0 277.0 Grasp 0
248.0 137.0 197.0 82.0 219.0 61.0 270.0 117.0 Grasp 0
528.0 262.0 437.0 270.0 435.0 241.0 525.0 232.0 Grasp 0
289.0 256.0 192.0 229.0 200.0 200.0 297.0 228.0 Grasp 0
229.0 142.0 193.0 84.0 219.0 68.0 254.0 126.0 Grasp 0
538.0 272.0 494.0 305.0 476.0 282.0 520.0 248.0 Grasp 0
454.0 299.0 436.0 205.0 465.0 200.0 482.0 294.0 Grasp 0
535.0 260.0 484.0 299.0 466.0 275.0 517.0 237.0 Grasp 0
544.0 139.0 459.0 164.0 451.0 135.0 536.0 111.0 Grasp 0
506.0 92.0 469.0 151.0 444.0 136.0 481.0 76.0 Grasp 0
283.0 347.0 224.0 303.0 242.0 280.0 300.0 324.0 Grasp 0
535.0 255.0 508.0 323.0 480.0 312.0 507.0 244.0 Grasp 0
592.0 191.0 472.0 202.0 469.0 174.0 589.0 163.0 Grasp 0
275.0 133.0 213.0 66.0 236.0 45.0 297.0 113.0 Grasp 0
554.0 266.0 526.0 338.0 498.0 327.0 526.0 255.0 Grasp 0
555.0 158.0 494.0 204.0 477.0 181.0 538.0 135.0 Grasp 0
