529.0 16.0 514.0 97.0 483.0 91.0 498.0 10.0 Grasp 0
309.0 113.0 249.0 47.0 271.0 28.0 330.0 93.0 Grasp 0
588.0 191.0 508.0 151.0 522.0 124.0 602.0 164.0 Grasp 0
298.0 113.0 239.0 48.0 260.0 28.0 320.0 94.0 Grasp 0
410.0 59.0 397.0 126.0 370.0 121.0 382.0 54.0 Grasp 0
509.0 10.0 509.0 76.0 477.0 76.0 477.0 10.0 Grasp 0
335.0 342.0 280.0 300.0 298.0 276.0 353.0 318.0 Grasp 0
340.0 354.0 286.0 313.0 304.0 289.0 359.0 330.0 Grasp 0
425.0 51.0 425.0 115.0 395.0 115.0 395.0 51.0 Grasp 0
416.0 231.0 416.0 310.0 386.0 310.0 386.0 231.0 Grasp 0
435.0 232.0 420.0 315.0 390.0 309.0 405.0 226.0 Grasp 0
310.0 123.0 241.0 71.0 258.0 48.0 328.0 100.0 Grasp 0
311.0 128.0 234.0 90.0 247.0 63.0 324.0 102.0 Grasp 0
388.0 243.0 388.0 314.0 358.0 314.0 358.0 243.0 Grasp 0
576.0 215.0 489.0 172.0 503.0 145.0 589.0 188.0 Grasp 0
593.0 161.0 509.0 137.0 517.0 108.0 602.0 132.0 Grasp 0
250.0 237.0 208.0 191.0 230.0 171.0 272.0 217.0 Grasp 0
279.0 130.0 246.0 127.0 248.0 99.0 282.0 102.0 Grasp 0
419.0 58.0 407.0 125.0 379.0 119.0 391.0 53.0 Grasp 0
399.0 228.0 399.0 302.0 369.0 302.0 369.0 228.0 Grasp 0
308.0 347.0 295.0 278.0 325.0 272.0 338.0 341.0 Grasp 0
264.0 252.0 210.0 212.0 228.0 188.0 281.0 229.0 Grasp 0
328.0 376.0 291.0 317.0 317.0 301.0 354.0 360.0 Grasp 0
332.0 303.0 320.0 369.0 290.0 364.0 302.0 297.0 Grasp 0
570.0 226.0 481.0 181.0 495.0 154.0 584.0 198.0 Grasp 0
445.0 227.0 445.0 314.0 415.0 314.0 415.0 227.0 Grasp 0
344.0 373.0 283.0 327.0 301.0 303.0 362.0 349.0 Grasp 0
