401.0 67.0 318.0 90.0 310.0 63.0 393.0 39.0 Grasp 0
421.0 82.0 369.0 138.0 348.0 119.0 400.0 62.0 Grasp 0
393.0 44.0 333.0 90.0 316.0 67.0 376.0 22.0 Grasp 0
409.0 80.0 357.0 119.0 340.0 96.0 391.0 58.0 Grasp 0
385.0 35.0 314.0 70.0 301.0 45.0 373.0 9.0 Grasp 0
287.0 220.0 210.0 198.0 218.0 169.0 295.0 191.0 Grasp 0
622.0 217.0 558.0 266.0 541.0 243.0 605.0 194.0 Grasp 0
381.0 25.0 306.0 62.0 294.0 37.0 369.0 0.0 Grasp 0
399.0 58.0 342.0 101.0 325.0 78.0 382.0 35.0 Grasp 0
410.0 56.0 354.0 117.0 333.0 98.0 389.0 37.0 Grasp 0
395.0 54.0 309.0 78.0 302.0 51.0 387.0 27.0 Grasp 0
611.0 250.0 556.0 265.0 548.0 237.0 603.0 222.0 Grasp 0
403.0 29.0 351.0 113.0 327.0 98.0 378.0 14.0 Grasp 0
295.0 197.0 215.0 189.0 218.0 159.0 298.0 167.0 Grasp 0
