584.0 68.0 514.0 88.0 506.0 59.0 576.0 39.0 Grasp 0
602.0 211.0 589.0 277.0 559.0 271.0 572.0 205.0 Grasp 0
312.0 59.0 230.0 35.0 239.0 7.0 320.0 30.0 Grasp 0
541.0 194.0 527.0 272.0 498.0 267.0 512.0 189.0 Grasp 0
532.0 190.0 517.0 272.0 488.0 266.0 503.0 185.0 Grasp 0
584.0 205.0 570.0 276.0 541.0 270.0 554.0 200.0 Grasp 0
559.0 199.0 545.0 273.0 516.0 268.0 530.0 194.0 Grasp 0
306.0 116.0 241.0 220.0 214.0 204.0 279.0 99.0 Grasp 0
573.0 203.0 560.0 275.0 530.0 269.0 544.0 197.0 Grasp 0
459.0 97.0 347.0 86.0 349.0 55.0 462.0 66.0 Grasp 0
578.0 79.0 486.0 33.0 499.0 6.0 592.0 52.0 Grasp 0
574.0 286.0 540.0 199.0 568.0 188.0 602.0 275.0 Grasp 0
466.0 65.0 449.0 21.0 477.0 10.0 495.0 54.0 Grasp 0
307.0 74.0 226.0 51.0 234.0 22.0 315.0 45.0 Grasp 0
