546.0 55.0 465.0 62.0 462.0 33.0 543.0 25.0 Grasp 0
537.0 289.0 450.0 281.0 453.0 251.0 540.0 259.0 Grasp 0
562.0 184.0 466.0 175.0 468.0 146.0 565.0 155.0 Grasp 0
212.0 202.0 198.0 126.0 238.0 119.0 252.0 194.0 Grasp 0
467.0 337.0 391.0 345.0 388.0 316.0 465.0 309.0 Grasp 0
560.0 56.0 479.0 49.0 482.0 19.0 563.0 27.0 Grasp 0
267.0 174.0 195.0 138.0 213.0 101.0 286.0 137.0 Grasp 0
252.0 344.0 219.0 328.0 232.0 302.0 265.0 318.0 Grasp 0
284.0 206.0 203.0 198.0 207.0 156.0 288.0 164.0 Grasp 0
560.0 218.0 461.0 208.0 464.0 179.0 563.0 188.0 Grasp 0
275.0 182.0 189.0 190.0 185.0 149.0 271.0 141.0 Grasp 0
312.0 151.0 230.0 159.0 226.0 117.0 308.0 110.0 Grasp 0
567.0 53.0 495.0 32.0 503.0 4.0 575.0 25.0 Grasp 0
375.0 117.0 327.0 103.0 335.0 75.0 383.0 88.0 Grasp 0
508.0 307.0 442.0 257.0 460.0 233.0 526.0 283.0 Grasp 0
291.0 139.0 216.0 160.0 204.0 121.0 280.0 99.0 Grasp 0
300.0 184.0 222.0 206.0 211.0 167.0 288.0 145.0 Grasp 0
551.0 256.0 455.0 247.0 458.0 217.0 553.0 226.0 Grasp 0
247.0 352.0 216.0 336.0 229.0 311.0 260.0 327.0 Grasp 0
245.0 182.0 188.0 119.0 219.0 92.0 276.0 154.0 Grasp 0
299.0 177.0 216.0 184.0 212.0 144.0 295.0 136.0 Grasp 0
561.0 118.0 466.0 109.0 469.0 80.0 564.0 89.0 Grasp 0
318.0 208.0 226.0 234.0 216.0 198.0 307.0 172.0 Grasp 0
563.0 84.0 476.0 76.0 479.0 47.0 566.0 55.0 Grasp 0
560.0 66.0 472.0 74.0 469.0 45.0 557.0 37.0 Grasp 0
252.0 227.0 196.0 165.0 226.0 137.0 282.0 199.0 Grasp 0
388.0 292.0 362.0 226.0 390.0 215.0 416.0 281.0 Grasp 0
303.0 99.0 255.0 176.0 219.0 154.0 267.0 77.0 Grasp 0
555.0 40.0 476.0 47.0 473.0 18.0 552.0 10.0 Grasp 0
377.0 142.0 330.0 119.0 343.0 92.0 390.0 116.0 Grasp 0
564.0 96.0 475.0 87.0 478.0 58.0 567.0 66.0 Grasp 0
390.0 113.0 333.0 84.0 349.0 52.0 407.0 80.0 Grasp 0
263.0 135.0 219.0 205.0 184.0 184.0 228.0 113.0 Grasp 0
304.0 205.0 223.0 182.0 235.0 142.0 315.0 165.0 Grasp 0
271.0 160.0 196.0 197.0 178.0 160.0 253.0 123.0 Grasp 0
384.0 92.0 321.0 74.0 331.0 38.0 394.0 56.0 Grasp 0
270.0 135.0 203.0 186.0 178.0 152.0 245.0 102.0 Grasp 0
561.0 137.0 462.0 146.0 459.0 116.0 558.0 107.0 Grasp 0
322.0 168.0 237.0 176.0 233.0 135.0 319.0 127.0 Grasp 0
572.0 68.0 489.0 60.0 491.0 31.0 575.0 38.0 Grasp 0
518.0 296.0 451.0 245.0 468.0 221.0 536.0 272.0 Grasp 0
569.0 107.0 479.0 99.0 482.0 69.0 572.0 78.0 Grasp 0
283.0 162.0 201.0 169.0 197.0 129.0 279.0 121.0 Grasp 0
298.0 136.0 298.0 212.0 256.0 212.0 256.0 136.0 Grasp 0
540.0 300.0 455.0 292.0 458.0 262.0 543.0 270.0 Grasp 0
560.0 245.0 467.0 236.0 470.0 207.0 563.0 215.0 Grasp 0
569.0 157.0 469.0 148.0 472.0 118.0 572.0 127.0 Grasp 0
