493.0 141.0 451.0 95.0 473.0 76.0 514.0 121.0 Grasp 0
356.0 327.0 321.0 366.0 299.0 346.0 334.0 307.0 Grasp 0
564.0 68.0 532.0 52.0 547.0 23.0 579.0 39.0 Grasp 0
519.0 79.0 484.0 61.0 498.0 34.0 533.0 51.0 Grasp 0
554.0 90.0 510.0 78.0 519.0 48.0 563.0 60.0 Grasp 0
339.0 253.0 298.0 222.0 319.0 194.0 360.0 226.0 Grasp 0
540.0 99.0 480.0 69.0 493.0 44.0 552.0 73.0 Grasp 0
321.0 267.0 277.0 234.0 298.0 205.0 342.0 239.0 Grasp 0
516.0 112.0 479.0 84.0 497.0 60.0 534.0 88.0 Grasp 0
245.0 123.0 223.0 147.0 201.0 128.0 224.0 103.0 Grasp 0
342.0 244.0 308.0 218.0 329.0 190.0 363.0 216.0 Grasp 0
243.0 42.0 202.0 46.0 199.0 18.0 241.0 14.0 Grasp 0
245.0 56.0 203.0 60.0 201.0 32.0 242.0 28.0 Grasp 0
245.0 34.0 205.0 30.0 207.0 1.0 247.0 5.0 Grasp 0
276.0 175.0 228.0 228.0 206.0 208.0 254.0 155.0 Grasp 0
245.0 74.0 204.0 85.0 196.0 57.0 237.0 46.0 Grasp 0
244.0 104.0 215.0 126.0 198.0 103.0 226.0 81.0 Grasp 0
359.0 203.0 330.0 181.0 351.0 153.0 380.0 175.0 Grasp 0
245.0 138.0 218.0 158.0 201.0 136.0 228.0 115.0 Grasp 0
298.0 160.0 235.0 228.0 213.0 208.0 276.0 139.0 Grasp 0
414.0 149.0 383.0 126.0 404.0 97.0 435.0 121.0 Grasp 0
545.0 77.0 484.0 47.0 496.0 22.0 557.0 52.0 Grasp 0
386.0 177.0 356.0 154.0 377.0 126.0 407.0 149.0 Grasp 0
257.0 331.0 229.0 300.0 258.0 273.0 286.0 304.0 Grasp 0
497.0 163.0 465.0 112.0 489.0 97.0 521.0 148.0 Grasp 0
514.0 129.0 464.0 91.0 481.0 68.0 531.0 106.0 Grasp 0
238.0 120.0 204.0 129.0 197.0 102.0 230.0 93.0 Grasp 0
518.0 102.0 483.0 76.0 501.0 52.0 535.0 78.0 Grasp 0
243.0 67.0 201.0 71.0 198.0 43.0 240.0 39.0 Grasp 0
271.0 314.0 237.0 289.0 261.0 258.0 294.0 283.0 Grasp 0
260.0 47.0 219.0 44.0 221.0 15.0 262.0 19.0 Grasp 0
441.0 118.0 414.0 87.0 441.0 62.0 469.0 92.0 Grasp 0
506.0 113.0 449.0 84.0 462.0 58.0 519.0 87.0 Grasp 0
500.0 121.0 475.0 80.0 500.0 64.0 526.0 105.0 Grasp 0
520.0 58.0 493.0 45.0 506.0 19.0 533.0 32.0 Grasp 0
243.0 92.0 211.0 108.0 198.0 82.0 230.0 67.0 Grasp 0
399.0 171.0 369.0 148.0 390.0 120.0 420.0 143.0 Grasp 0
545.0 64.0 519.0 35.0 543.0 14.0 569.0 42.0 Grasp 0
532.0 107.0 472.0 90.0 480.0 63.0 539.0 80.0 Grasp 0
385.0 197.0 356.0 175.0 377.0 147.0 406.0 169.0 Grasp 0
244.0 116.0 216.0 137.0 199.0 114.0 227.0 93.0 Grasp 0
542.0 54.0 511.0 38.0 525.0 9.0 557.0 25.0 Grasp 0
246.0 95.0 209.0 98.0 206.0 69.0 243.0 66.0 Grasp 0
409.0 161.0 378.0 137.0 400.0 108.0 431.0 131.0 Grasp 0
553.0 58.0 525.0 50.0 533.0 20.0 561.0 28.0 Grasp 0
393.0 189.0 363.0 166.0 384.0 138.0 415.0 161.0 Grasp 0
570.0 54.0 540.0 31.0 559.0 5.0 590.0 29.0 Grasp 0
372.0 197.0 342.0 175.0 363.0 147.0 393.0 170.0 Grasp 0
234.0 149.0 207.0 169.0 190.0 146.0 217.0 126.0 Grasp 0
235.0 102.0 201.0 105.0 198.0 77.0 233.0 73.0 Grasp 0
347.0 323.0 308.0 365.0 287.0 346.0 325.0 304.0 Grasp 0
535.0 126.0 478.0 98.0 490.0 72.0 548.0 101.0 Grasp 0
532.0 65.0 504.0 51.0 518.0 25.0 545.0 39.0 Grasp 0
509.0 91.0 471.0 72.0 485.0 45.0 523.0 64.0 Grasp 0
285.0 315.0 248.0 287.0 271.0 257.0 308.0 284.0 Grasp 0
522.0 46.0 497.0 34.0 510.0 7.0 535.0 19.0 Grasp 0
372.0 210.0 342.0 187.0 363.0 160.0 393.0 182.0 Grasp 0
291.0 179.0 239.0 236.0 217.0 215.0 268.0 158.0 Grasp 0
427.0 142.0 397.0 119.0 418.0 90.0 449.0 113.0 Grasp 0
421.0 160.0 389.0 137.0 411.0 108.0 442.0 132.0 Grasp 0
374.0 320.0 299.0 376.0 282.0 352.0 356.0 296.0 Grasp 0
541.0 71.0 517.0 64.0 525.0 35.0 549.0 43.0 Grasp 0
567.0 50.0 532.0 40.0 540.0 10.0 575.0 20.0 Grasp 0
511.0 146.0 468.0 99.0 490.0 79.0 533.0 126.0 Grasp 0
533.0 85.0 500.0 75.0 508.0 47.0 542.0 56.0 Grasp 0
534.0 81.0 476.0 52.0 488.0 26.0 547.0 55.0 Grasp 0
243.0 146.0 221.0 171.0 200.0 152.0 222.0 127.0 Grasp 0
543.0 61.0 515.0 53.0 523.0 24.0 551.0 32.0 Grasp 0
240.0 89.0 201.0 86.0 204.0 57.0 243.0 61.0 Grasp 0
525.0 70.0 494.0 54.0 507.0 27.0 538.0 43.0 Grasp 0
237.0 155.0 218.0 184.0 194.0 169.0 212.0 139.0 Grasp 0
247.0 343.0 216.0 320.0 238.0 291.0 269.0 314.0 Grasp 0
506.0 73.0 475.0 57.0 488.0 31.0 519.0 47.0 Grasp 0
537.0 72.0 502.0 68.0 505.0 38.0 540.0 41.0 Grasp 0
264.0 60.0 223.0 56.0 226.0 28.0 266.0 32.0 Grasp 0
245.0 80.0 209.0 98.0 196.0 72.0 232.0 54.0 Grasp 0
535.0 98.0 498.0 88.0 506.0 59.0 543.0 70.0 Grasp 0
340.0 230.0 310.0 207.0 331.0 180.0 361.0 202.0 Grasp 0
