579.0 272.0 550.0 225.0 574.0 209.0 604.0 257.0 Grasp 0
559.0 307.0 500.0 277.0 513.0 251.0 572.0 281.0 Grasp 0
516.0 190.0 487.0 221.0 466.0 202.0 495.0 171.0 Grasp 0
274.0 284.0 180.0 237.0 193.0 211.0 287.0 258.0 Grasp 0
615.0 97.0 584.0 147.0 558.0 131.0 589.0 81.0 Grasp 0
277.0 297.0 209.0 291.0 211.0 261.0 280.0 267.0 Grasp 0
484.0 284.0 471.0 354.0 442.0 348.0 455.0 279.0 Grasp 0
572.0 274.0 540.0 240.0 562.0 220.0 593.0 255.0 Grasp 0
607.0 267.0 508.0 276.0 505.0 247.0 605.0 238.0 Grasp 0
446.0 283.0 446.0 350.0 416.0 350.0 416.0 283.0 Grasp 0
275.0 272.0 233.0 163.0 261.0 152.0 303.0 261.0 Grasp 0
532.0 301.0 517.0 220.0 545.0 214.0 561.0 296.0 Grasp 0
472.0 284.0 458.0 359.0 428.0 353.0 442.0 278.0 Grasp 0
529.0 312.0 500.0 279.0 521.0 260.0 551.0 292.0 Grasp 0
281.0 325.0 231.0 321.0 234.0 291.0 284.0 296.0 Grasp 0
458.0 351.0 445.0 286.0 475.0 280.0 487.0 346.0 Grasp 0
547.0 291.0 522.0 227.0 549.0 217.0 574.0 280.0 Grasp 0
456.0 285.0 456.0 349.0 427.0 349.0 427.0 285.0 Grasp 0
442.0 281.0 426.0 362.0 398.0 356.0 413.0 276.0 Grasp 0
564.0 285.0 541.0 224.0 568.0 214.0 591.0 275.0 Grasp 0
442.0 354.0 428.0 281.0 458.0 276.0 471.0 349.0 Grasp 0
605.0 93.0 564.0 138.0 542.0 118.0 583.0 73.0 Grasp 0
572.0 281.0 497.0 244.0 510.0 218.0 585.0 255.0 Grasp 0
539.0 222.0 498.0 243.0 485.0 217.0 526.0 196.0 Grasp 0
574.0 30.0 508.0 103.0 485.0 82.0 551.0 9.0 Grasp 0
441.0 282.0 384.0 374.0 360.0 358.0 417.0 266.0 Grasp 0
465.0 283.0 433.0 365.0 406.0 355.0 438.0 272.0 Grasp 0
529.0 209.0 496.0 234.0 479.0 211.0 512.0 186.0 Grasp 0
551.0 298.0 537.0 222.0 565.0 217.0 579.0 292.0 Grasp 0
548.0 219.0 531.0 312.0 502.0 306.0 519.0 214.0 Grasp 0
286.0 335.0 244.0 347.0 236.0 318.0 278.0 306.0 Grasp 0
591.0 287.0 500.0 279.0 503.0 250.0 593.0 258.0 Grasp 0
