311.0 259.0 296.0 341.0 267.0 336.0 282.0 254.0 Grasp 0
405.0 250.0 389.0 335.0 360.0 330.0 376.0 245.0 Grasp 0
259.0 153.0 249.0 208.0 221.0 203.0 231.0 148.0 Grasp 0
336.0 343.0 304.0 261.0 332.0 250.0 364.0 333.0 Grasp 0
326.0 343.0 295.0 262.0 322.0 252.0 353.0 332.0 Grasp 0
376.0 250.0 339.0 346.0 311.0 335.0 348.0 239.0 Grasp 0
302.0 346.0 271.0 268.0 299.0 257.0 329.0 335.0 Grasp 0
425.0 81.0 321.0 72.0 324.0 42.0 428.0 52.0 Grasp 0
294.0 262.0 294.0 336.0 265.0 336.0 265.0 262.0 Grasp 0
298.0 348.0 252.0 275.0 277.0 259.0 323.0 333.0 Grasp 0
419.0 95.0 316.0 85.0 319.0 56.0 422.0 65.0 Grasp 0
295.0 216.0 271.0 154.0 297.0 144.0 321.0 205.0 Grasp 0
411.0 92.0 332.0 53.0 345.0 27.0 424.0 66.0 Grasp 0
406.0 125.0 317.0 81.0 330.0 55.0 419.0 99.0 Grasp 0
341.0 336.0 327.0 257.0 355.0 251.0 370.0 331.0 Grasp 0
273.0 210.0 262.0 154.0 290.0 148.0 300.0 205.0 Grasp 0
342.0 254.0 342.0 335.0 313.0 335.0 313.0 254.0 Grasp 0
393.0 248.0 376.0 338.0 347.0 332.0 364.0 243.0 Grasp 0
421.0 166.0 368.0 225.0 347.0 205.0 400.0 147.0 Grasp 0
223.0 208.0 204.0 157.0 230.0 147.0 250.0 197.0 Grasp 0
408.0 111.0 323.0 69.0 336.0 43.0 421.0 85.0 Grasp 0
241.0 155.0 232.0 203.0 204.0 198.0 213.0 149.0 Grasp 0
405.0 130.0 311.0 103.0 319.0 75.0 413.0 102.0 Grasp 0
377.0 250.0 361.0 339.0 332.0 334.0 348.0 244.0 Grasp 0
349.0 225.0 286.0 156.0 307.0 137.0 370.0 206.0 Grasp 0
301.0 336.0 288.0 265.0 317.0 260.0 330.0 331.0 Grasp 0
274.0 342.0 249.0 277.0 277.0 266.0 302.0 331.0 Grasp 0
437.0 59.0 337.0 50.0 340.0 21.0 439.0 30.0 Grasp 0
263.0 209.0 253.0 153.0 280.0 148.0 291.0 204.0 Grasp 0
373.0 333.0 357.0 252.0 386.0 246.0 401.0 328.0 Grasp 0
394.0 151.0 307.0 108.0 320.0 82.0 407.0 125.0 Grasp 0
290.0 219.0 250.0 154.0 274.0 139.0 314.0 204.0 Grasp 0
316.0 221.0 274.0 154.0 298.0 139.0 340.0 206.0 Grasp 0
429.0 175.0 389.0 218.0 368.0 199.0 408.0 155.0 Grasp 0
256.0 214.0 232.0 153.0 258.0 143.0 282.0 204.0 Grasp 0
291.0 224.0 227.0 153.0 248.0 134.0 312.0 204.0 Grasp 0
417.0 166.0 337.0 226.0 320.0 204.0 400.0 143.0 Grasp 0
420.0 166.0 413.0 206.0 385.0 201.0 392.0 161.0 Grasp 0
318.0 225.0 254.0 154.0 275.0 135.0 339.0 205.0 Grasp 0
367.0 341.0 334.0 257.0 362.0 246.0 394.0 330.0 Grasp 0
275.0 154.0 265.0 208.0 237.0 203.0 248.0 149.0 Grasp 0
355.0 252.0 319.0 346.0 292.0 335.0 328.0 242.0 Grasp 0
377.0 348.0 299.0 263.0 320.0 243.0 398.0 329.0 Grasp 0
405.0 136.0 308.0 127.0 311.0 98.0 408.0 107.0 Grasp 0
433.0 57.0 347.0 32.0 355.0 4.0 441.0 28.0 Grasp 0
234.0 213.0 211.0 152.0 237.0 142.0 261.0 203.0 Grasp 0
417.0 114.0 310.0 124.0 307.0 95.0 414.0 85.0 Grasp 0
352.0 253.0 352.0 335.0 323.0 335.0 323.0 253.0 Grasp 0
437.0 38.0 345.0 46.0 342.0 17.0 435.0 8.0 Grasp 0
327.0 256.0 311.0 341.0 282.0 336.0 298.0 251.0 Grasp 0
