441.0 28.0 351.0 54.0 343.0 27.0 433.0 1.0 Grasp 0
475.0 164.0 384.0 190.0 376.0 162.0 467.0 136.0 Grasp 0
525.0 305.0 457.0 339.0 444.0 312.0 511.0 278.0 Grasp 0
460.0 109.0 369.0 135.0 361.0 107.0 452.0 81.0 Grasp 0
262.0 266.0 200.0 248.0 208.0 220.0 270.0 237.0 Grasp 0
263.0 286.0 184.0 279.0 187.0 249.0 266.0 257.0 Grasp 0
535.0 312.0 468.0 362.0 450.0 338.0 516.0 287.0 Grasp 0
490.0 245.0 396.0 253.0 393.0 225.0 488.0 216.0 Grasp 0
400.0 338.0 375.0 274.0 403.0 263.0 428.0 327.0 Grasp 0
243.0 328.0 177.0 295.0 191.0 269.0 257.0 301.0 Grasp 0
479.0 174.0 387.0 200.0 379.0 172.0 471.0 146.0 Grasp 0
467.0 131.0 375.0 157.0 368.0 130.0 459.0 104.0 Grasp 0
248.0 312.0 183.0 294.0 191.0 265.0 256.0 284.0 Grasp 0
411.0 338.0 384.0 268.0 412.0 258.0 439.0 327.0 Grasp 0
444.0 43.0 354.0 69.0 346.0 42.0 437.0 16.0 Grasp 0
539.0 298.0 465.0 353.0 447.0 329.0 520.0 273.0 Grasp 0
301.0 225.0 198.0 255.0 190.0 226.0 293.0 197.0 Grasp 0
316.0 202.0 203.0 235.0 195.0 206.0 308.0 174.0 Grasp 0
294.0 86.0 205.0 153.0 187.0 130.0 276.0 63.0 Grasp 0
487.0 208.0 395.0 234.0 387.0 206.0 479.0 180.0 Grasp 0
517.0 328.0 460.0 344.0 452.0 315.0 509.0 299.0 Grasp 0
269.0 278.0 192.0 271.0 195.0 241.0 271.0 248.0 Grasp 0
284.0 81.0 222.0 98.0 214.0 71.0 276.0 53.0 Grasp 0
456.0 88.0 365.0 114.0 357.0 87.0 448.0 61.0 Grasp 0
264.0 260.0 198.0 227.0 212.0 200.0 277.0 233.0 Grasp 0
521.0 275.0 486.0 366.0 458.0 355.0 493.0 264.0 Grasp 0
451.0 70.0 360.0 96.0 353.0 69.0 443.0 43.0 Grasp 0
290.0 87.0 211.0 126.0 198.0 101.0 277.0 61.0 Grasp 0
460.0 67.0 369.0 135.0 352.0 112.0 443.0 44.0 Grasp 0
290.0 106.0 200.0 174.0 183.0 151.0 272.0 83.0 Grasp 0
489.0 217.0 397.0 243.0 389.0 215.0 481.0 189.0 Grasp 0
284.0 254.0 196.0 262.0 193.0 233.0 281.0 224.0 Grasp 0
448.0 59.0 358.0 85.0 350.0 58.0 440.0 32.0 Grasp 0
255.0 304.0 186.0 269.0 199.0 243.0 268.0 277.0 Grasp 0
471.0 142.0 379.0 169.0 371.0 141.0 463.0 115.0 Grasp 0
481.0 186.0 389.0 212.0 381.0 184.0 473.0 158.0 Grasp 0
288.0 210.0 270.0 114.0 299.0 109.0 317.0 205.0 Grasp 0
459.0 100.0 368.0 126.0 360.0 98.0 451.0 72.0 Grasp 0
505.0 338.0 452.0 311.0 466.0 284.0 519.0 310.0 Grasp 0
277.0 236.0 207.0 201.0 220.0 174.0 290.0 209.0 Grasp 0
501.0 354.0 446.0 313.0 464.0 288.0 520.0 330.0 Grasp 0
