457.0 191.0 447.0 218.0 420.0 208.0 431.0 181.0 Grasp 0
229.0 175.0 199.0 98.0 227.0 88.0 257.0 164.0 Grasp 0
269.0 327.0 244.0 325.0 247.0 296.0 272.0 298.0 Grasp 0
413.0 360.0 382.0 326.0 403.0 306.0 434.0 340.0 Grasp 0
332.0 413.0 309.0 376.0 334.0 361.0 357.0 398.0 Grasp 0
429.0 355.0 405.0 316.0 430.0 301.0 454.0 340.0 Grasp 0
316.0 418.0 293.0 380.0 317.0 365.0 341.0 402.0 Grasp 0
485.0 157.0 485.0 189.0 456.0 189.0 456.0 157.0 Grasp 0
435.0 355.0 398.0 327.0 416.0 304.0 453.0 331.0 Grasp 0
243.0 68.0 243.0 150.0 213.0 150.0 213.0 68.0 Grasp 0
344.0 404.0 319.0 364.0 344.0 349.0 368.0 388.0 Grasp 0
354.0 386.0 330.0 347.0 354.0 332.0 379.0 371.0 Grasp 0
403.0 378.0 378.0 338.0 403.0 323.0 428.0 363.0 Grasp 0
258.0 334.0 230.0 326.0 237.0 299.0 266.0 307.0 Grasp 0
256.0 148.0 238.0 56.0 268.0 50.0 285.0 142.0 Grasp 0
354.0 397.0 330.0 359.0 354.0 343.0 378.0 382.0 Grasp 0
381.0 392.0 356.0 353.0 381.0 338.0 405.0 377.0 Grasp 0
306.0 224.0 263.0 212.0 272.0 183.0 315.0 195.0 Grasp 0
491.0 167.0 491.0 199.0 462.0 199.0 462.0 167.0 Grasp 0
420.0 367.0 395.0 327.0 420.0 312.0 444.0 352.0 Grasp 0
347.0 346.0 347.0 392.0 318.0 392.0 318.0 346.0 Grasp 0
370.0 381.0 346.0 342.0 370.0 326.0 395.0 366.0 Grasp 0
341.0 220.0 295.0 207.0 303.0 178.0 349.0 191.0 Grasp 0
269.0 319.0 240.0 310.0 247.0 283.0 277.0 291.0 Grasp 0
470.0 185.0 464.0 157.0 492.0 151.0 498.0 179.0 Grasp 0
483.0 178.0 475.0 157.0 502.0 146.0 510.0 168.0 Grasp 0
236.0 342.0 212.0 324.0 230.0 301.0 253.0 319.0 Grasp 0
267.0 148.0 249.0 55.0 279.0 50.0 296.0 143.0 Grasp 0
317.0 409.0 300.0 366.0 327.0 356.0 344.0 399.0 Grasp 0
285.0 248.0 249.0 230.0 262.0 204.0 298.0 222.0 Grasp 0
341.0 359.0 332.0 403.0 304.0 398.0 312.0 353.0 Grasp 0
379.0 330.0 379.0 376.0 350.0 376.0 350.0 330.0 Grasp 0
373.0 339.0 364.0 385.0 336.0 379.0 344.0 334.0 Grasp 0
453.0 200.0 442.0 231.0 415.0 220.0 427.0 190.0 Grasp 0
268.0 254.0 240.0 232.0 257.0 209.0 285.0 230.0 Grasp 0
343.0 390.0 319.0 352.0 344.0 336.0 367.0 375.0 Grasp 0
423.0 358.0 382.0 337.0 395.0 311.0 436.0 331.0 Grasp 0
360.0 353.0 344.0 394.0 317.0 384.0 333.0 342.0 Grasp 0
326.0 366.0 326.0 410.0 297.0 410.0 297.0 366.0 Grasp 0
307.0 243.0 268.0 224.0 281.0 197.0 321.0 216.0 Grasp 0
482.0 170.0 476.0 203.0 448.0 198.0 454.0 165.0 Grasp 0
247.0 161.0 215.0 80.0 243.0 69.0 275.0 151.0 Grasp 0
398.0 383.0 366.0 348.0 387.0 328.0 419.0 363.0 Grasp 0
483.0 180.0 476.0 214.0 448.0 209.0 455.0 175.0 Grasp 0
283.0 311.0 252.0 308.0 255.0 280.0 286.0 282.0 Grasp 0
413.0 377.0 388.0 337.0 413.0 321.0 438.0 362.0 Grasp 0
254.0 345.0 224.0 336.0 232.0 309.0 261.0 317.0 Grasp 0
327.0 401.0 303.0 362.0 328.0 347.0 352.0 385.0 Grasp 0
295.0 261.0 228.0 228.0 241.0 202.0 308.0 235.0 Grasp 0
323.0 232.0 280.0 219.0 288.0 190.0 331.0 202.0 Grasp 0
473.0 179.0 466.0 214.0 438.0 209.0 444.0 174.0 Grasp 0
488.0 172.0 480.0 152.0 507.0 141.0 515.0 161.0 Grasp 0
224.0 352.0 207.0 325.0 231.0 310.0 248.0 338.0 Grasp 0
381.0 382.0 356.0 342.0 381.0 327.0 406.0 367.0 Grasp 0
376.0 393.0 344.0 358.0 365.0 339.0 397.0 373.0 Grasp 0
263.0 271.0 219.0 223.0 241.0 203.0 285.0 251.0 Grasp 0
392.0 371.0 367.0 331.0 391.0 316.0 416.0 356.0 Grasp 0
284.0 321.0 256.0 318.0 259.0 290.0 286.0 293.0 Grasp 0
334.0 391.0 325.0 346.0 354.0 340.0 362.0 385.0 Grasp 0
380.0 384.0 338.0 364.0 351.0 338.0 393.0 358.0 Grasp 0
