420.0 292.0 409.0 350.0 379.0 344.0 390.0 286.0 Grasp 0
274.0 267.0 210.0 219.0 228.0 195.0 292.0 244.0 Grasp 0
421.0 316.0 409.0 377.0 380.0 372.0 391.0 310.0 Grasp 0
505.0 310.0 497.0 356.0 467.0 350.0 476.0 305.0 Grasp 0
260.0 146.0 224.0 156.0 217.0 128.0 252.0 118.0 Grasp 0
254.0 151.0 222.0 167.0 209.0 142.0 242.0 125.0 Grasp 0
380.0 309.0 380.0 371.0 351.0 371.0 351.0 309.0 Grasp 0
435.0 308.0 424.0 368.0 395.0 362.0 406.0 303.0 Grasp 0
278.0 123.0 242.0 126.0 239.0 98.0 276.0 94.0 Grasp 0
289.0 89.0 251.0 93.0 249.0 64.0 286.0 61.0 Grasp 0
403.0 303.0 392.0 363.0 362.0 357.0 374.0 298.0 Grasp 0
423.0 373.0 402.0 318.0 429.0 308.0 450.0 362.0 Grasp 0
359.0 300.0 359.0 362.0 329.0 362.0 329.0 300.0 Grasp 0
441.0 288.0 441.0 351.0 412.0 351.0 412.0 288.0 Grasp 0
387.0 293.0 376.0 353.0 346.0 348.0 358.0 287.0 Grasp 0
312.0 224.0 284.0 152.0 311.0 141.0 339.0 213.0 Grasp 0
463.0 316.0 452.0 376.0 423.0 371.0 434.0 311.0 Grasp 0
287.0 85.0 253.0 75.0 261.0 47.0 295.0 57.0 Grasp 0
267.0 117.0 231.0 120.0 229.0 92.0 265.0 89.0 Grasp 0
311.0 240.0 269.0 172.0 294.0 157.0 336.0 224.0 Grasp 0
446.0 314.0 435.0 372.0 406.0 367.0 417.0 309.0 Grasp 0
285.0 283.0 223.0 236.0 241.0 213.0 302.0 259.0 Grasp 0
347.0 212.0 306.0 145.0 331.0 130.0 372.0 196.0 Grasp 0
281.0 105.0 245.0 102.0 248.0 74.0 283.0 77.0 Grasp 0
317.0 234.0 243.0 213.0 251.0 185.0 326.0 206.0 Grasp 0
343.0 227.0 290.0 168.0 312.0 148.0 365.0 207.0 Grasp 0
434.0 357.0 422.0 297.0 451.0 291.0 463.0 352.0 Grasp 0
327.0 227.0 273.0 168.0 295.0 148.0 349.0 207.0 Grasp 0
463.0 290.0 451.0 353.0 422.0 347.0 434.0 284.0 Grasp 0
264.0 124.0 229.0 134.0 221.0 107.0 256.0 97.0 Grasp 0
358.0 369.0 336.0 312.0 363.0 301.0 385.0 359.0 Grasp 0
278.0 91.0 242.0 81.0 250.0 54.0 286.0 64.0 Grasp 0
487.0 319.0 466.0 371.0 439.0 360.0 459.0 308.0 Grasp 0
278.0 112.0 242.0 116.0 239.0 87.0 276.0 84.0 Grasp 0
408.0 314.0 397.0 373.0 368.0 368.0 379.0 309.0 Grasp 0
264.0 135.0 229.0 145.0 222.0 117.0 256.0 107.0 Grasp 0
494.0 320.0 485.0 366.0 456.0 361.0 465.0 315.0 Grasp 0
429.0 376.0 418.0 317.0 447.0 311.0 458.0 371.0 Grasp 0
425.0 295.0 425.0 354.0 395.0 354.0 395.0 295.0 Grasp 0
430.0 355.0 406.0 293.0 433.0 282.0 457.0 345.0 Grasp 0
348.0 376.0 324.0 316.0 352.0 305.0 375.0 365.0 Grasp 0
370.0 304.0 370.0 366.0 340.0 366.0 340.0 304.0 Grasp 0
359.0 291.0 348.0 352.0 318.0 347.0 330.0 286.0 Grasp 0
345.0 206.0 282.0 159.0 300.0 135.0 363.0 183.0 Grasp 0
277.0 93.0 241.0 97.0 238.0 68.0 274.0 64.0 Grasp 0
271.0 251.0 256.0 173.0 286.0 167.0 300.0 246.0 Grasp 0
356.0 202.0 292.0 153.0 310.0 130.0 374.0 178.0 Grasp 0
275.0 130.0 240.0 140.0 232.0 113.0 267.0 103.0 Grasp 0
309.0 252.0 266.0 183.0 292.0 167.0 334.0 236.0 Grasp 0
325.0 250.0 240.0 242.0 243.0 213.0 328.0 221.0 Grasp 0
314.0 246.0 235.0 223.0 243.0 195.0 322.0 218.0 Grasp 0
393.0 286.0 393.0 348.0 363.0 348.0 363.0 286.0 Grasp 0
408.0 355.0 384.0 294.0 412.0 283.0 436.0 344.0 Grasp 0
260.0 158.0 229.0 173.0 216.0 148.0 247.0 132.0 Grasp 0
477.0 357.0 461.0 315.0 488.0 305.0 504.0 346.0 Grasp 0
473.0 302.0 462.0 362.0 433.0 357.0 444.0 297.0 Grasp 0
451.0 364.0 429.0 306.0 456.0 295.0 479.0 354.0 Grasp 0
380.0 290.0 357.0 349.0 330.0 339.0 353.0 279.0 Grasp 0
303.0 273.0 230.0 237.0 243.0 211.0 316.0 247.0 Grasp 0
436.0 300.0 413.0 361.0 385.0 350.0 408.0 289.0 Grasp 0
