468.0 154.0 468.0 252.0 438.0 252.0 438.0 154.0 Grasp 0
425.0 266.0 395.0 190.0 424.0 179.0 454.0 255.0 Grasp 0
313.0 176.0 206.0 229.0 190.0 197.0 297.0 144.0 Grasp 0
313.0 213.0 209.0 243.0 199.0 208.0 303.0 179.0 Grasp 0
318.0 232.0 213.0 262.0 203.0 227.0 308.0 197.0 Grasp 0
406.0 274.0 369.0 214.0 395.0 197.0 433.0 258.0 Grasp 0
395.0 220.0 375.0 325.0 344.0 320.0 364.0 214.0 Grasp 0
582.0 234.0 556.0 168.0 583.0 158.0 608.0 224.0 Grasp 0
362.0 129.0 284.0 136.0 282.0 107.0 359.0 100.0 Grasp 0
249.0 383.0 210.0 320.0 236.0 304.0 275.0 366.0 Grasp 0
443.0 250.0 407.0 193.0 433.0 176.0 469.0 234.0 Grasp 0
426.0 252.0 412.0 179.0 443.0 173.0 456.0 247.0 Grasp 0
323.0 254.0 217.0 284.0 207.0 250.0 313.0 220.0 Grasp 0
377.0 207.0 355.0 323.0 323.0 318.0 345.0 201.0 Grasp 0
570.0 251.0 553.0 164.0 582.0 158.0 598.0 246.0 Grasp 0
378.0 159.0 277.0 131.0 285.0 102.0 386.0 131.0 Grasp 0
311.0 201.0 206.0 231.0 196.0 196.0 301.0 166.0 Grasp 0
372.0 203.0 335.0 298.0 304.0 286.0 341.0 191.0 Grasp 0
407.0 313.0 339.0 333.0 330.0 302.0 398.0 283.0 Grasp 0
434.0 264.0 380.0 205.0 403.0 184.0 456.0 244.0 Grasp 0
401.0 291.0 335.0 310.0 327.0 280.0 393.0 261.0 Grasp 0
