611.0 187.0 574.0 206.0 561.0 180.0 598.0 161.0 Grasp 0
603.0 252.0 566.0 242.0 574.0 213.0 611.0 224.0 Grasp 0
595.0 142.0 573.0 177.0 548.0 162.0 570.0 126.0 Grasp 0
302.0 94.0 253.0 57.0 270.0 34.0 319.0 71.0 Grasp 0
589.0 264.0 561.0 242.0 578.0 219.0 607.0 240.0 Grasp 0
470.0 196.0 435.0 186.0 443.0 158.0 478.0 168.0 Grasp 0
609.0 204.0 578.0 213.0 570.0 185.0 601.0 176.0 Grasp 0
567.0 114.0 567.0 172.0 538.0 172.0 538.0 114.0 Grasp 0
398.0 366.0 356.0 299.0 382.0 283.0 424.0 350.0 Grasp 0
427.0 332.0 346.0 325.0 349.0 295.0 429.0 302.0 Grasp 0
469.0 222.0 425.0 200.0 438.0 174.0 482.0 196.0 Grasp 0
617.0 221.0 579.0 225.0 576.0 195.0 614.0 192.0 Grasp 0
304.0 80.0 255.0 43.0 272.0 20.0 321.0 57.0 Grasp 0
602.0 236.0 572.0 233.0 575.0 204.0 605.0 207.0 Grasp 0
524.0 265.0 512.0 295.0 485.0 284.0 497.0 255.0 Grasp 0
544.0 113.0 536.0 157.0 507.0 151.0 515.0 107.0 Grasp 0
544.0 254.0 535.0 302.0 506.0 296.0 515.0 248.0 Grasp 0
493.0 230.0 474.0 281.0 447.0 270.0 466.0 219.0 Grasp 0
419.0 351.0 344.0 330.0 352.0 300.0 428.0 322.0 Grasp 0
310.0 52.0 265.0 39.0 272.0 11.0 318.0 25.0 Grasp 0
602.0 160.0 576.0 189.0 555.0 169.0 580.0 140.0 Grasp 0
509.0 170.0 473.0 131.0 495.0 111.0 530.0 151.0 Grasp 0
491.0 164.0 472.0 133.0 497.0 118.0 516.0 149.0 Grasp 0
574.0 131.0 561.0 164.0 534.0 154.0 547.0 120.0 Grasp 0
293.0 132.0 246.0 56.0 271.0 41.0 318.0 117.0 Grasp 0
576.0 277.0 547.0 256.0 565.0 232.0 593.0 254.0 Grasp 0
481.0 179.0 448.0 154.0 465.0 131.0 499.0 156.0 Grasp 0
501.0 180.0 443.0 163.0 451.0 135.0 509.0 151.0 Grasp 0
550.0 291.0 532.0 261.0 556.0 245.0 575.0 275.0 Grasp 0
506.0 252.0 492.0 289.0 465.0 279.0 479.0 242.0 Grasp 0
531.0 296.0 519.0 265.0 546.0 254.0 558.0 286.0 Grasp 0
309.0 61.0 267.0 57.0 270.0 29.0 312.0 33.0 Grasp 0
515.0 166.0 497.0 120.0 524.0 109.0 542.0 155.0 Grasp 0
498.0 233.0 488.0 288.0 459.0 283.0 470.0 228.0 Grasp 0
423.0 297.0 378.0 370.0 352.0 354.0 397.0 281.0 Grasp 0
406.0 284.0 406.0 364.0 376.0 364.0 376.0 284.0 Grasp 0
466.0 210.0 428.0 190.0 441.0 164.0 480.0 183.0 Grasp 0
391.0 273.0 294.0 225.0 307.0 199.0 404.0 247.0 Grasp 0
247.0 62.0 197.0 117.0 176.0 98.0 226.0 43.0 Grasp 0
503.0 255.0 451.0 270.0 443.0 241.0 494.0 226.0 Grasp 0
559.0 118.0 543.0 159.0 515.0 149.0 531.0 108.0 Grasp 0
254.0 66.0 196.0 161.0 171.0 146.0 230.0 51.0 Grasp 0
479.0 170.0 457.0 147.0 479.0 127.0 500.0 151.0 Grasp 0
390.0 228.0 302.0 236.0 299.0 207.0 387.0 199.0 Grasp 0
502.0 176.0 452.0 151.0 465.0 125.0 515.0 150.0 Grasp 0
543.0 297.0 521.0 260.0 545.0 244.0 568.0 281.0 Grasp 0
279.0 155.0 242.0 60.0 269.0 50.0 305.0 145.0 Grasp 0
306.0 67.0 258.0 30.0 275.0 7.0 324.0 44.0 Grasp 0
407.0 363.0 343.0 314.0 361.0 290.0 426.0 339.0 Grasp 0
581.0 123.0 571.0 178.0 542.0 173.0 552.0 118.0 Grasp 0
588.0 270.0 552.0 252.0 565.0 226.0 601.0 244.0 Grasp 0
476.0 235.0 422.0 209.0 435.0 183.0 489.0 209.0 Grasp 0
522.0 297.0 510.0 266.0 536.0 255.0 549.0 287.0 Grasp 0
503.0 160.0 489.0 123.0 516.0 112.0 530.0 150.0 Grasp 0
517.0 305.0 497.0 253.0 524.0 242.0 544.0 294.0 Grasp 0
595.0 158.0 572.0 176.0 554.0 153.0 577.0 135.0 Grasp 0
504.0 234.0 504.0 293.0 474.0 293.0 474.0 234.0 Grasp 0
472.0 188.0 439.0 171.0 452.0 145.0 485.0 162.0 Grasp 0
