563.0 57.0 547.0 99.0 520.0 89.0 536.0 47.0 Grasp 0
454.0 204.0 397.0 221.0 389.0 192.0 446.0 176.0 Grasp 0
547.0 51.0 502.0 64.0 494.0 36.0 539.0 23.0 Grasp 0
462.0 294.0 455.0 334.0 426.0 329.0 434.0 289.0 Grasp 0
592.0 78.0 576.0 120.0 549.0 110.0 565.0 68.0 Grasp 0
505.0 275.0 497.0 317.0 469.0 311.0 477.0 270.0 Grasp 0
486.0 325.0 471.0 286.0 497.0 276.0 512.0 315.0 Grasp 0
483.0 290.0 475.0 330.0 447.0 325.0 455.0 284.0 Grasp 0
462.0 161.0 412.0 135.0 424.0 109.0 475.0 135.0 Grasp 0
506.0 318.0 492.0 282.0 519.0 272.0 533.0 308.0 Grasp 0
483.0 278.0 475.0 317.0 447.0 312.0 454.0 272.0 Grasp 0
448.0 221.0 383.0 227.0 380.0 198.0 445.0 192.0 Grasp 0
522.0 330.0 508.0 292.0 534.0 281.0 549.0 320.0 Grasp 0
513.0 310.0 497.0 269.0 523.0 259.0 539.0 300.0 Grasp 0
352.0 23.0 352.0 70.0 324.0 70.0 324.0 23.0 Grasp 0
421.0 341.0 393.0 311.0 414.0 291.0 442.0 322.0 Grasp 0
417.0 343.0 409.0 303.0 439.0 297.0 446.0 337.0 Grasp 0
401.0 332.0 379.0 297.0 404.0 281.0 426.0 316.0 Grasp 0
402.0 53.0 394.0 73.0 368.0 63.0 376.0 43.0 Grasp 0
475.0 125.0 423.0 121.0 426.0 92.0 478.0 97.0 Grasp 0
463.0 119.0 405.0 114.0 408.0 85.0 465.0 91.0 Grasp 0
518.0 33.0 476.0 45.0 468.0 17.0 510.0 5.0 Grasp 0
437.0 218.0 398.0 175.0 420.0 155.0 459.0 198.0 Grasp 0
333.0 196.0 326.0 154.0 354.0 149.0 362.0 190.0 Grasp 0
293.0 91.0 226.0 110.0 218.0 81.0 284.0 62.0 Grasp 0
318.0 69.0 309.0 22.0 337.0 17.0 346.0 63.0 Grasp 0
445.0 188.0 411.0 150.0 433.0 130.0 467.0 168.0 Grasp 0
474.0 280.0 466.0 320.0 438.0 314.0 445.0 275.0 Grasp 0
568.0 71.0 521.0 75.0 519.0 46.0 566.0 42.0 Grasp 0
286.0 311.0 238.0 259.0 260.0 239.0 308.0 292.0 Grasp 0
427.0 188.0 384.0 156.0 402.0 133.0 445.0 165.0 Grasp 0
546.0 41.0 529.0 83.0 503.0 73.0 519.0 31.0 Grasp 0
278.0 128.0 224.0 87.0 242.0 63.0 296.0 103.0 Grasp 0
233.0 250.0 233.0 311.0 203.0 311.0 203.0 250.0 Grasp 0
321.0 241.0 271.0 216.0 284.0 191.0 333.0 216.0 Grasp 0
523.0 314.0 509.0 277.0 536.0 266.0 550.0 304.0 Grasp 0
433.0 243.0 370.0 238.0 373.0 209.0 435.0 214.0 Grasp 0
451.0 140.0 397.0 135.0 399.0 106.0 454.0 111.0 Grasp 0
309.0 103.0 238.0 110.0 235.0 80.0 306.0 73.0 Grasp 0
348.0 62.0 333.0 24.0 359.0 13.0 374.0 52.0 Grasp 0
309.0 226.0 254.0 210.0 262.0 183.0 317.0 198.0 Grasp 0
501.0 325.0 481.0 292.0 505.0 277.0 525.0 310.0 Grasp 0
378.0 33.0 369.0 79.0 341.0 74.0 350.0 28.0 Grasp 0
532.0 51.0 486.0 56.0 483.0 27.0 530.0 23.0 Grasp 0
367.0 38.0 358.0 85.0 330.0 79.0 339.0 33.0 Grasp 0
519.0 292.0 504.0 331.0 477.0 320.0 492.0 282.0 Grasp 0
367.0 23.0 358.0 69.0 330.0 64.0 339.0 17.0 Grasp 0
458.0 129.0 401.0 124.0 404.0 95.0 461.0 100.0 Grasp 0
313.0 57.0 304.0 10.0 332.0 4.0 341.0 52.0 Grasp 0
423.0 64.0 416.0 83.0 389.0 73.0 397.0 54.0 Grasp 0
536.0 283.0 528.0 327.0 500.0 322.0 508.0 278.0 Grasp 0
537.0 31.0 495.0 51.0 482.0 25.0 524.0 5.0 Grasp 0
443.0 160.0 393.0 135.0 406.0 109.0 455.0 134.0 Grasp 0
578.0 61.0 561.0 104.0 534.0 94.0 551.0 50.0 Grasp 0
571.0 141.0 555.0 149.0 543.0 124.0 558.0 116.0 Grasp 0
407.0 55.0 403.0 76.0 375.0 71.0 379.0 50.0 Grasp 0
438.0 188.0 396.0 156.0 413.0 133.0 456.0 165.0 Grasp 0
415.0 330.0 389.0 301.0 410.0 282.0 436.0 311.0 Grasp 0
390.0 39.0 375.0 77.0 349.0 67.0 364.0 29.0 Grasp 0
432.0 341.0 404.0 310.0 425.0 291.0 453.0 322.0 Grasp 0
470.0 111.0 458.0 98.0 479.0 79.0 491.0 92.0 Grasp 0
493.0 287.0 486.0 327.0 458.0 322.0 465.0 281.0 Grasp 0
468.0 145.0 418.0 131.0 426.0 104.0 476.0 118.0 Grasp 0
437.0 330.0 403.0 304.0 420.0 282.0 454.0 307.0 Grasp 0
373.0 11.0 364.0 59.0 336.0 54.0 345.0 6.0 Grasp 0
296.0 112.0 232.0 130.0 224.0 100.0 288.0 82.0 Grasp 0
520.0 274.0 513.0 311.0 485.0 306.0 492.0 268.0 Grasp 0
383.0 21.0 374.0 67.0 346.0 62.0 355.0 16.0 Grasp 0
442.0 330.0 415.0 301.0 437.0 282.0 463.0 311.0 Grasp 0
529.0 289.0 514.0 327.0 487.0 317.0 502.0 279.0 Grasp 0
475.0 324.0 461.0 288.0 488.0 277.0 502.0 314.0 Grasp 0
572.0 54.0 527.0 67.0 519.0 39.0 564.0 26.0 Grasp 0
448.0 170.0 399.0 146.0 412.0 120.0 460.0 144.0 Grasp 0
400.0 341.0 380.0 308.0 404.0 293.0 424.0 325.0 Grasp 0
584.0 144.0 570.0 154.0 553.0 132.0 567.0 121.0 Grasp 0
320.0 257.0 270.0 232.0 282.0 206.0 333.0 232.0 Grasp 0
604.0 75.0 587.0 119.0 559.0 108.0 576.0 65.0 Grasp 0
447.0 202.0 398.0 164.0 416.0 141.0 465.0 178.0 Grasp 0
516.0 133.0 505.0 120.0 525.0 100.0 537.0 114.0 Grasp 0
274.0 114.0 219.0 72.0 237.0 48.0 292.0 90.0 Grasp 0
491.0 270.0 491.0 310.0 462.0 310.0 462.0 270.0 Grasp 0
559.0 139.0 542.0 143.0 534.0 116.0 551.0 111.0 Grasp 0
305.0 131.0 235.0 125.0 238.0 94.0 308.0 101.0 Grasp 0
589.0 55.0 572.0 98.0 545.0 88.0 562.0 45.0 Grasp 0
450.0 334.0 443.0 294.0 471.0 289.0 478.0 329.0 Grasp 0
546.0 41.0 501.0 54.0 493.0 26.0 538.0 14.0 Grasp 0
255.0 306.0 206.0 268.0 224.0 245.0 273.0 282.0 Grasp 0
451.0 298.0 444.0 336.0 416.0 331.0 423.0 293.0 Grasp 0
426.0 221.0 361.0 227.0 359.0 198.0 423.0 192.0 Grasp 0
464.0 232.0 400.0 238.0 398.0 209.0 461.0 203.0 Grasp 0
401.0 226.0 379.0 171.0 407.0 160.0 428.0 215.0 Grasp 0
560.0 44.0 514.0 57.0 506.0 29.0 552.0 16.0 Grasp 0
