283.0 273.0 259.0 211.0 286.0 201.0 310.0 263.0 Grasp 0
380.0 365.0 362.0 351.0 379.0 328.0 397.0 342.0 Grasp 0
620.0 234.0 595.0 301.0 554.0 285.0 580.0 218.0 Grasp 0
308.0 273.0 296.0 210.0 326.0 204.0 337.0 268.0 Grasp 0
263.0 264.0 226.0 204.0 251.0 188.0 288.0 248.0 Grasp 0
290.0 290.0 254.0 231.0 279.0 216.0 315.0 275.0 Grasp 0
532.0 226.0 519.0 298.0 478.0 291.0 492.0 218.0 Grasp 0
579.0 247.0 566.0 317.0 523.0 309.0 536.0 239.0 Grasp 0
351.0 364.0 336.0 348.0 357.0 329.0 371.0 345.0 Grasp 0
299.0 248.0 275.0 187.0 302.0 176.0 326.0 237.0 Grasp 0
255.0 276.0 215.0 212.0 240.0 197.0 279.0 261.0 Grasp 0
289.0 256.0 255.0 201.0 280.0 185.0 314.0 241.0 Grasp 0
594.0 248.0 583.0 309.0 541.0 301.0 552.0 241.0 Grasp 0
251.0 298.0 211.0 233.0 235.0 218.0 275.0 283.0 Grasp 0
572.0 226.0 560.0 291.0 518.0 283.0 530.0 218.0 Grasp 0
279.0 263.0 242.0 204.0 267.0 188.0 304.0 248.0 Grasp 0
353.0 189.0 343.0 246.0 313.0 240.0 324.0 184.0 Grasp 0
429.0 220.0 429.0 281.0 389.0 281.0 389.0 220.0 Grasp 0
543.0 245.0 530.0 317.0 489.0 310.0 502.0 238.0 Grasp 0
225.0 301.0 166.0 272.0 181.0 243.0 239.0 272.0 Grasp 0
214.0 235.0 214.0 323.0 186.0 323.0 186.0 235.0 Grasp 0
229.0 290.0 186.0 221.0 211.0 206.0 253.0 274.0 Grasp 0
273.0 301.0 223.0 246.0 244.0 226.0 295.0 282.0 Grasp 0
279.0 285.0 242.0 226.0 267.0 210.0 303.0 269.0 Grasp 0
455.0 205.0 455.0 281.0 412.0 281.0 412.0 205.0 Grasp 0
308.0 255.0 296.0 191.0 325.0 185.0 337.0 250.0 Grasp 0
648.0 242.0 637.0 303.0 593.0 295.0 604.0 233.0 Grasp 0
293.0 273.0 269.0 211.0 297.0 200.0 321.0 263.0 Grasp 0
240.0 297.0 179.0 251.0 195.0 228.0 257.0 275.0 Grasp 0
643.0 224.0 631.0 288.0 588.0 279.0 600.0 216.0 Grasp 0
396.0 365.0 378.0 351.0 395.0 328.0 414.0 342.0 Grasp 0
443.0 202.0 432.0 263.0 394.0 256.0 405.0 194.0 Grasp 0
601.0 218.0 590.0 277.0 548.0 269.0 559.0 210.0 Grasp 0
204.0 236.0 204.0 322.0 176.0 322.0 176.0 236.0 Grasp 0
637.0 251.0 603.0 340.0 565.0 326.0 600.0 236.0 Grasp 0
620.0 247.0 609.0 306.0 567.0 298.0 578.0 239.0 Grasp 0
259.0 297.0 200.0 252.0 217.0 229.0 276.0 274.0 Grasp 0
311.0 240.0 297.0 163.0 335.0 156.0 349.0 233.0 Grasp 0
299.0 262.0 275.0 201.0 302.0 190.0 326.0 251.0 Grasp 0
529.0 313.0 517.0 248.0 559.0 240.0 571.0 305.0 Grasp 0
332.0 365.0 319.0 344.0 343.0 329.0 356.0 350.0 Grasp 0
366.0 367.0 351.0 351.0 372.0 332.0 387.0 348.0 Grasp 0
305.0 252.0 276.0 176.0 312.0 162.0 341.0 238.0 Grasp 0
564.0 319.0 537.0 249.0 577.0 233.0 604.0 303.0 Grasp 0
