345.0 85.0 333.0 147.0 301.0 141.0 313.0 79.0 Grasp 0
366.0 90.0 344.0 148.0 313.0 136.0 335.0 79.0 Grasp 0
202.0 363.0 128.0 308.0 146.0 284.0 220.0 340.0 Grasp 0
380.0 390.0 289.0 345.0 302.0 318.0 393.0 364.0 Grasp 0
244.0 301.0 181.0 232.0 203.0 212.0 266.0 281.0 Grasp 0
226.0 342.0 136.0 297.0 149.0 271.0 239.0 316.0 Grasp 0
241.0 312.0 173.0 238.0 195.0 218.0 262.0 292.0 Grasp 0
321.0 79.0 294.0 148.0 264.0 136.0 290.0 68.0 Grasp 0
453.0 273.0 437.0 355.0 407.0 349.0 423.0 267.0 Grasp 0
229.0 328.0 153.0 271.0 171.0 248.0 246.0 305.0 Grasp 0
247.0 304.0 211.0 212.0 238.0 202.0 274.0 293.0 Grasp 0
321.0 150.0 309.0 83.0 341.0 77.0 354.0 144.0 Grasp 0
321.0 80.0 321.0 152.0 288.0 152.0 288.0 80.0 Grasp 0
351.0 87.0 307.0 158.0 279.0 140.0 323.0 70.0 Grasp 0
454.0 267.0 454.0 365.0 423.0 365.0 423.0 267.0 Grasp 0
420.0 357.0 389.0 278.0 418.0 267.0 448.0 346.0 Grasp 0
329.0 82.0 264.0 153.0 241.0 132.0 305.0 61.0 Grasp 0
334.0 81.0 307.0 151.0 277.0 139.0 304.0 69.0 Grasp 0
208.0 354.0 135.0 299.0 153.0 276.0 226.0 331.0 Grasp 0
344.0 84.0 279.0 156.0 255.0 134.0 320.0 62.0 Grasp 0
208.0 338.0 186.0 222.0 215.0 217.0 236.0 333.0 Grasp 0
