269.0 343.0 200.0 267.0 221.0 248.0 290.0 323.0 Grasp 0
224.0 229.0 209.0 149.0 239.0 144.0 254.0 223.0 Grasp 0
260.0 277.0 213.0 313.0 195.0 290.0 243.0 254.0 Grasp 0
351.0 90.0 260.0 116.0 252.0 88.0 343.0 62.0 Grasp 0
235.0 225.0 220.0 149.0 250.0 143.0 265.0 219.0 Grasp 0
356.0 106.0 265.0 132.0 257.0 104.0 348.0 78.0 Grasp 0
624.0 238.0 549.0 156.0 576.0 131.0 651.0 214.0 Grasp 0
350.0 84.0 248.0 94.0 245.0 65.0 347.0 56.0 Grasp 0
574.0 276.0 500.0 194.0 526.0 170.0 601.0 252.0 Grasp 0
414.0 333.0 325.0 341.0 322.0 311.0 411.0 302.0 Grasp 0
607.0 253.0 533.0 172.0 560.0 147.0 634.0 229.0 Grasp 0
224.0 322.0 203.0 267.0 229.0 256.0 251.0 312.0 Grasp 0
297.0 351.0 215.0 262.0 237.0 243.0 318.0 332.0 Grasp 0
277.0 163.0 224.0 221.0 201.0 201.0 254.0 143.0 Grasp 0
415.0 322.0 321.0 331.0 319.0 301.0 413.0 292.0 Grasp 0
462.0 109.0 407.0 104.0 409.0 75.0 464.0 80.0 Grasp 0
393.0 207.0 299.0 254.0 286.0 227.0 380.0 180.0 Grasp 0
411.0 331.0 299.0 299.0 307.0 270.0 419.0 302.0 Grasp 0
349.0 364.0 290.0 268.0 315.0 252.0 375.0 348.0 Grasp 0
577.0 281.0 480.0 208.0 501.0 179.0 598.0 253.0 Grasp 0
262.0 148.0 247.0 228.0 217.0 222.0 232.0 142.0 Grasp 0
342.0 80.0 242.0 71.0 245.0 42.0 345.0 51.0 Grasp 0
595.0 265.0 519.0 181.0 546.0 156.0 622.0 240.0 Grasp 0
363.0 127.0 260.0 137.0 257.0 108.0 360.0 98.0 Grasp 0
264.0 274.0 246.0 319.0 219.0 308.0 237.0 263.0 Grasp 0
