464.0 443.0 418.0 420.0 431.0 395.0 476.0 418.0 Grasp 0
489.0 432.0 444.0 410.0 457.0 385.0 501.0 407.0 Grasp 0
434.0 351.0 415.0 365.0 398.0 343.0 417.0 329.0 Grasp 0
219.0 372.0 171.0 320.0 194.0 299.0 242.0 351.0 Grasp 0
230.0 59.0 214.0 77.0 193.0 58.0 209.0 40.0 Grasp 0
499.0 400.0 480.0 349.0 506.0 339.0 526.0 390.0 Grasp 0
459.0 473.0 424.0 435.0 445.0 416.0 479.0 454.0 Grasp 0
579.0 235.0 557.0 259.0 535.0 239.0 557.0 215.0 Grasp 0
569.0 355.0 501.0 336.0 509.0 309.0 577.0 328.0 Grasp 0
508.0 399.0 489.0 348.0 515.0 338.0 535.0 389.0 Grasp 0
263.0 362.0 237.0 295.0 266.0 284.0 292.0 351.0 Grasp 0
316.0 62.0 285.0 96.0 264.0 77.0 295.0 43.0 Grasp 0
483.0 439.0 435.0 426.0 442.0 399.0 491.0 412.0 Grasp 0
582.0 359.0 532.0 321.0 549.0 298.0 600.0 336.0 Grasp 0
554.0 395.0 508.0 345.0 530.0 325.0 575.0 375.0 Grasp 0
302.0 346.0 261.0 301.0 284.0 280.0 325.0 325.0 Grasp 0
418.0 262.0 397.0 316.0 367.0 305.0 388.0 250.0 Grasp 0
327.0 69.0 296.0 103.0 274.0 83.0 306.0 49.0 Grasp 0
519.0 424.0 467.0 419.0 470.0 390.0 522.0 395.0 Grasp 0
434.0 258.0 423.0 315.0 392.0 309.0 402.0 253.0 Grasp 0
423.0 489.0 389.0 452.0 410.0 433.0 443.0 470.0 Grasp 0
234.0 361.0 206.0 288.0 235.0 277.0 263.0 349.0 Grasp 0
591.0 335.0 512.0 327.0 515.0 299.0 593.0 306.0 Grasp 0
422.0 250.0 411.0 308.0 381.0 302.0 392.0 245.0 Grasp 0
448.0 259.0 437.0 313.0 407.0 308.0 417.0 253.0 Grasp 0
433.0 484.0 398.0 446.0 419.0 427.0 454.0 465.0 Grasp 0
539.0 402.0 497.0 356.0 518.0 337.0 560.0 383.0 Grasp 0
269.0 343.0 234.0 285.0 260.0 269.0 296.0 326.0 Grasp 0
244.0 359.0 217.0 288.0 246.0 277.0 273.0 347.0 Grasp 0
368.0 48.0 356.0 29.0 383.0 12.0 395.0 31.0 Grasp 0
489.0 423.0 439.0 418.0 441.0 390.0 492.0 394.0 Grasp 0
580.0 112.0 574.0 80.0 605.0 74.0 611.0 106.0 Grasp 0
379.0 172.0 275.0 201.0 266.0 170.0 370.0 141.0 Grasp 0
429.0 290.0 419.0 238.0 450.0 232.0 460.0 284.0 Grasp 0
378.0 220.0 275.0 249.0 267.0 220.0 370.0 190.0 Grasp 0
231.0 75.0 215.0 94.0 194.0 75.0 210.0 56.0 Grasp 0
569.0 384.0 521.0 331.0 542.0 312.0 590.0 365.0 Grasp 0
204.0 361.0 180.0 299.0 209.0 287.0 233.0 349.0 Grasp 0
363.0 79.0 343.0 64.0 362.0 40.0 381.0 54.0 Grasp 0
319.0 344.0 271.0 308.0 290.0 282.0 338.0 319.0 Grasp 0
237.0 381.0 187.0 326.0 210.0 305.0 261.0 360.0 Grasp 0
531.0 410.0 477.0 405.0 480.0 376.0 534.0 381.0 Grasp 0
558.0 374.0 497.0 343.0 510.0 317.0 571.0 347.0 Grasp 0
326.0 332.0 277.0 295.0 296.0 270.0 345.0 307.0 Grasp 0
355.0 94.0 332.0 83.0 346.0 56.0 368.0 67.0 Grasp 0
218.0 60.0 203.0 84.0 176.0 67.0 191.0 43.0 Grasp 0
503.0 439.0 453.0 425.0 461.0 397.0 511.0 411.0 Grasp 0
418.0 296.0 408.0 241.0 439.0 235.0 449.0 291.0 Grasp 0
231.0 81.0 217.0 103.0 193.0 88.0 207.0 66.0 Grasp 0
417.0 495.0 379.0 467.0 396.0 444.0 434.0 473.0 Grasp 0
257.0 347.0 219.0 285.0 246.0 268.0 284.0 330.0 Grasp 0
454.0 348.0 440.0 364.0 419.0 345.0 434.0 329.0 Grasp 0
464.0 462.0 424.0 431.0 441.0 409.0 481.0 439.0 Grasp 0
493.0 419.0 445.0 405.0 453.0 378.0 501.0 392.0 Grasp 0
279.0 369.0 254.0 305.0 284.0 293.0 309.0 358.0 Grasp 0
426.0 237.0 426.0 294.0 395.0 294.0 395.0 237.0 Grasp 0
592.0 66.0 579.0 99.0 549.0 88.0 562.0 55.0 Grasp 0
243.0 382.0 203.0 317.0 229.0 301.0 269.0 366.0 Grasp 0
526.0 415.0 495.0 367.0 520.0 351.0 551.0 400.0 Grasp 0
558.0 113.0 550.0 70.0 580.0 65.0 589.0 108.0 Grasp 0
449.0 288.0 437.0 256.0 466.0 244.0 479.0 276.0 Grasp 0
487.0 453.0 446.0 422.0 463.0 400.0 504.0 430.0 Grasp 0
573.0 342.0 522.0 304.0 540.0 281.0 590.0 319.0 Grasp 0
279.0 334.0 247.0 283.0 273.0 266.0 305.0 318.0 Grasp 0
516.0 379.0 493.0 317.0 519.0 307.0 543.0 368.0 Grasp 0
447.0 492.0 403.0 471.0 416.0 446.0 459.0 467.0 Grasp 0
544.0 103.0 516.0 30.0 546.0 19.0 574.0 91.0 Grasp 0
399.0 273.0 367.0 323.0 340.0 307.0 372.0 256.0 Grasp 0
205.0 379.0 179.0 314.0 209.0 303.0 234.0 368.0 Grasp 0
526.0 395.0 504.0 339.0 531.0 328.0 553.0 385.0 Grasp 0
620.0 92.0 605.0 116.0 578.0 99.0 593.0 75.0 Grasp 0
223.0 359.0 195.0 288.0 225.0 276.0 252.0 348.0 Grasp 0
578.0 245.0 555.0 271.0 532.0 250.0 556.0 225.0 Grasp 0
605.0 75.0 599.0 110.0 568.0 104.0 574.0 70.0 Grasp 0
443.0 247.0 433.0 302.0 402.0 296.0 412.0 241.0 Grasp 0
459.0 489.0 418.0 458.0 435.0 435.0 476.0 467.0 Grasp 0
594.0 250.0 567.0 270.0 549.0 246.0 576.0 226.0 Grasp 0
371.0 56.0 356.0 39.0 379.0 18.0 395.0 34.0 Grasp 0
344.0 106.0 327.0 88.0 349.0 68.0 366.0 86.0 Grasp 0
234.0 99.0 226.0 121.0 199.0 111.0 208.0 89.0 Grasp 0
508.0 414.0 488.0 362.0 515.0 352.0 535.0 403.0 Grasp 0
551.0 112.0 541.0 60.0 571.0 54.0 581.0 107.0 Grasp 0
451.0 470.0 408.0 438.0 426.0 415.0 468.0 447.0 Grasp 0
575.0 371.0 518.0 327.0 535.0 304.0 593.0 348.0 Grasp 0
560.0 182.0 513.0 233.0 490.0 213.0 538.0 161.0 Grasp 0
435.0 471.0 393.0 438.0 410.0 416.0 453.0 448.0 Grasp 0
445.0 298.0 429.0 257.0 458.0 245.0 474.0 287.0 Grasp 0
268.0 380.0 215.0 323.0 238.0 302.0 291.0 359.0 Grasp 0
602.0 84.0 583.0 105.0 560.0 84.0 578.0 63.0 Grasp 0
258.0 375.0 231.0 305.0 260.0 294.0 287.0 364.0 Grasp 0
