250.0 325.0 177.0 269.0 195.0 246.0 268.0 301.0 Grasp 0
252.0 357.0 207.0 353.0 210.0 324.0 255.0 329.0 Grasp 0
313.0 302.0 242.0 267.0 256.0 240.0 326.0 275.0 Grasp 0
253.0 329.0 197.0 324.0 200.0 295.0 256.0 301.0 Grasp 0
310.0 307.0 246.0 288.0 254.0 260.0 318.0 278.0 Grasp 0
247.0 364.0 199.0 340.0 212.0 314.0 259.0 338.0 Grasp 0
499.0 161.0 429.0 141.0 438.0 112.0 507.0 132.0 Grasp 0
313.0 299.0 240.0 245.0 258.0 221.0 331.0 276.0 Grasp 0
253.0 350.0 187.0 317.0 200.0 291.0 266.0 324.0 Grasp 0
503.0 149.0 438.0 155.0 435.0 125.0 500.0 118.0 Grasp 0
