256.0 233.0 215.0 300.0 191.0 285.0 232.0 218.0 Grasp 0
574.0 54.0 519.0 115.0 497.0 94.0 552.0 34.0 Grasp 0
354.0 282.0 328.0 348.0 301.0 337.0 327.0 272.0 Grasp 0
543.0 24.0 488.0 84.0 466.0 63.0 521.0 3.0 Grasp 0
321.0 265.0 295.0 331.0 268.0 321.0 294.0 255.0 Grasp 0
313.0 264.0 274.0 327.0 249.0 312.0 288.0 249.0 Grasp 0
387.0 302.0 364.0 361.0 337.0 350.0 360.0 292.0 Grasp 0
376.0 293.0 351.0 357.0 324.0 347.0 349.0 283.0 Grasp 0
287.0 246.0 260.0 315.0 234.0 305.0 261.0 236.0 Grasp 0
341.0 276.0 315.0 341.0 288.0 331.0 314.0 265.0 Grasp 0
331.0 270.0 306.0 336.0 279.0 326.0 304.0 260.0 Grasp 0
552.0 32.0 497.0 92.0 474.0 72.0 529.0 11.0 Grasp 0
364.0 292.0 341.0 351.0 314.0 341.0 337.0 281.0 Grasp 0
279.0 239.0 251.0 311.0 224.0 301.0 252.0 229.0 Grasp 0
273.0 242.0 230.0 310.0 206.0 295.0 249.0 227.0 Grasp 0
590.0 71.0 537.0 129.0 514.0 108.0 567.0 50.0 Grasp 0
561.0 42.0 506.0 102.0 484.0 82.0 539.0 21.0 Grasp 0
299.0 252.0 272.0 321.0 245.0 310.0 272.0 242.0 Grasp 0
583.0 62.0 527.0 122.0 505.0 102.0 560.0 41.0 Grasp 0
395.0 310.0 346.0 363.0 325.0 344.0 373.0 291.0 Grasp 0
265.0 224.0 249.0 310.0 221.0 305.0 237.0 219.0 Grasp 0
260.0 231.0 232.0 303.0 205.0 292.0 233.0 221.0 Grasp 0
