364.0 74.0 305.0 57.0 313.0 29.0 372.0 46.0 Grasp 0
343.0 159.0 278.0 126.0 291.0 100.0 356.0 133.0 Grasp 0
371.0 94.0 315.0 66.0 328.0 40.0 384.0 68.0 Grasp 0
357.0 148.0 290.0 129.0 298.0 102.0 365.0 121.0 Grasp 0
319.0 176.0 242.0 154.0 250.0 126.0 327.0 148.0 Grasp 0
350.0 121.0 299.0 83.0 316.0 60.0 367.0 98.0 Grasp 0
351.0 236.0 323.0 233.0 325.0 205.0 354.0 207.0 Grasp 0
377.0 50.0 320.0 45.0 323.0 15.0 380.0 20.0 Grasp 0
321.0 166.0 247.0 145.0 255.0 118.0 328.0 139.0 Grasp 0
324.0 181.0 244.0 173.0 247.0 145.0 327.0 152.0 Grasp 0
349.0 165.0 277.0 144.0 284.0 117.0 357.0 137.0 Grasp 0
352.0 141.0 290.0 109.0 303.0 83.0 366.0 114.0 Grasp 0
355.0 108.0 292.0 90.0 300.0 62.0 363.0 80.0 Grasp 0
423.0 264.0 407.0 289.0 382.0 274.0 398.0 248.0 Grasp 0
373.0 111.0 313.0 81.0 327.0 55.0 386.0 85.0 Grasp 0
378.0 45.0 324.0 30.0 332.0 2.0 386.0 17.0 Grasp 0
380.0 89.0 323.0 61.0 336.0 34.0 393.0 63.0 Grasp 0
396.0 274.0 377.0 295.0 356.0 275.0 375.0 254.0 Grasp 0
470.0 278.0 460.0 303.0 433.0 293.0 443.0 267.0 Grasp 0
386.0 69.0 334.0 43.0 347.0 16.0 400.0 42.0 Grasp 0
369.0 72.0 317.0 46.0 330.0 19.0 382.0 45.0 Grasp 0
318.0 160.0 249.0 126.0 262.0 100.0 331.0 135.0 Grasp 0
442.0 267.0 431.0 295.0 403.0 285.0 414.0 256.0 Grasp 0
337.0 142.0 273.0 110.0 286.0 84.0 350.0 116.0 Grasp 0
420.0 193.0 397.0 176.0 414.0 154.0 437.0 171.0 Grasp 0
373.0 128.0 307.0 110.0 315.0 81.0 381.0 100.0 Grasp 0
337.0 126.0 275.0 95.0 288.0 69.0 350.0 100.0 Grasp 0
432.0 260.0 422.0 288.0 395.0 278.0 405.0 250.0 Grasp 0
359.0 300.0 343.0 211.0 371.0 206.0 388.0 295.0 Grasp 0
329.0 189.0 244.0 197.0 242.0 169.0 326.0 161.0 Grasp 0
374.0 279.0 352.0 296.0 334.0 273.0 357.0 256.0 Grasp 0
414.0 265.0 398.0 290.0 373.0 275.0 389.0 249.0 Grasp 0
350.0 96.0 292.0 68.0 305.0 41.0 363.0 70.0 Grasp 0
366.0 210.0 349.0 301.0 321.0 295.0 338.0 205.0 Grasp 0
464.0 272.0 454.0 298.0 427.0 288.0 437.0 261.0 Grasp 0
455.0 272.0 444.0 299.0 417.0 288.0 427.0 262.0 Grasp 0
384.0 280.0 366.0 299.0 345.0 280.0 363.0 260.0 Grasp 0
398.0 197.0 388.0 171.0 415.0 161.0 425.0 186.0 Grasp 0
401.0 261.0 350.0 318.0 328.0 298.0 380.0 242.0 Grasp 0
354.0 254.0 326.0 257.0 323.0 228.0 351.0 225.0 Grasp 0
402.0 213.0 377.0 200.0 390.0 174.0 415.0 187.0 Grasp 0
346.0 324.0 287.0 259.0 309.0 238.0 369.0 304.0 Grasp 0
408.0 192.0 398.0 167.0 424.0 157.0 434.0 182.0 Grasp 0
366.0 132.0 297.0 126.0 299.0 97.0 369.0 103.0 Grasp 0
