318.0 322.0 257.0 255.0 280.0 234.0 341.0 301.0 Grasp 0
418.0 114.0 356.0 83.0 369.0 56.0 432.0 88.0 Grasp 0
409.0 137.0 343.0 104.0 356.0 78.0 422.0 111.0 Grasp 0
294.0 321.0 267.0 249.0 295.0 238.0 323.0 310.0 Grasp 0
233.0 329.0 192.0 263.0 219.0 247.0 260.0 313.0 Grasp 0
414.0 128.0 348.0 95.0 362.0 69.0 427.0 101.0 Grasp 0
508.0 347.0 484.0 287.0 511.0 276.0 534.0 337.0 Grasp 0
550.0 342.0 511.0 280.0 536.0 264.0 575.0 327.0 Grasp 0
603.0 329.0 563.0 265.0 587.0 249.0 627.0 314.0 Grasp 0
250.0 214.0 195.0 154.0 217.0 134.0 272.0 194.0 Grasp 0
367.0 173.0 308.0 217.0 290.0 192.0 348.0 148.0 Grasp 0
272.0 250.0 225.0 326.0 199.0 310.0 246.0 234.0 Grasp 0
517.0 341.0 506.0 280.0 534.0 275.0 546.0 335.0 Grasp 0
292.0 248.0 292.0 313.0 261.0 313.0 261.0 248.0 Grasp 0
466.0 238.0 445.0 184.0 472.0 174.0 493.0 227.0 Grasp 0
481.0 219.0 455.0 190.0 476.0 171.0 502.0 199.0 Grasp 0
502.0 201.0 472.0 168.0 494.0 149.0 523.0 181.0 Grasp 0
563.0 329.0 551.0 265.0 580.0 259.0 592.0 324.0 Grasp 0
281.0 247.0 250.0 327.0 221.0 316.0 252.0 236.0 Grasp 0
287.0 246.0 273.0 323.0 242.0 317.0 257.0 240.0 Grasp 0
510.0 187.0 486.0 161.0 507.0 142.0 531.0 168.0 Grasp 0
486.0 217.0 460.0 175.0 484.0 160.0 510.0 202.0 Grasp 0
471.0 294.0 427.0 366.0 403.0 350.0 447.0 279.0 Grasp 0
379.0 204.0 303.0 225.0 295.0 196.0 371.0 174.0 Grasp 0
483.0 344.0 473.0 291.0 502.0 285.0 512.0 338.0 Grasp 0
499.0 290.0 489.0 345.0 460.0 339.0 471.0 285.0 Grasp 0
339.0 122.0 308.0 202.0 279.0 190.0 310.0 111.0 Grasp 0
345.0 137.0 293.0 194.0 270.0 173.0 322.0 116.0 Grasp 0
252.0 209.0 188.0 178.0 202.0 151.0 266.0 182.0 Grasp 0
389.0 223.0 301.0 231.0 298.0 200.0 386.0 192.0 Grasp 0
490.0 285.0 478.0 346.0 450.0 341.0 461.0 280.0 Grasp 0
251.0 214.0 200.0 132.0 226.0 116.0 277.0 198.0 Grasp 0
443.0 261.0 430.0 193.0 459.0 187.0 471.0 256.0 Grasp 0
520.0 277.0 520.0 344.0 491.0 344.0 491.0 277.0 Grasp 0
588.0 332.0 548.0 268.0 573.0 252.0 612.0 317.0 Grasp 0
316.0 316.0 278.0 255.0 305.0 239.0 343.0 300.0 Grasp 0
258.0 401.0 219.0 371.0 236.0 348.0 275.0 378.0 Grasp 0
509.0 281.0 497.0 348.0 468.0 343.0 481.0 276.0 Grasp 0
576.0 335.0 537.0 272.0 562.0 257.0 601.0 320.0 Grasp 0
454.0 249.0 442.0 182.0 470.0 177.0 482.0 244.0 Grasp 0
456.0 249.0 426.0 216.0 447.0 196.0 477.0 230.0 Grasp 0
430.0 99.0 355.0 78.0 364.0 49.0 438.0 71.0 Grasp 0
502.0 353.0 466.0 295.0 491.0 280.0 527.0 338.0 Grasp 0
485.0 164.0 465.0 271.0 436.0 266.0 457.0 158.0 Grasp 0
259.0 200.0 202.0 157.0 220.0 133.0 277.0 176.0 Grasp 0
238.0 326.0 210.0 253.0 238.0 242.0 266.0 315.0 Grasp 0
553.0 336.0 529.0 274.0 556.0 264.0 580.0 325.0 Grasp 0
609.0 321.0 585.0 260.0 612.0 249.0 636.0 310.0 Grasp 0
399.0 244.0 297.0 234.0 300.0 204.0 401.0 213.0 Grasp 0
403.0 159.0 339.0 89.0 361.0 69.0 424.0 139.0 Grasp 0
477.0 228.0 447.0 195.0 468.0 176.0 498.0 209.0 Grasp 0
475.0 227.0 463.0 160.0 491.0 155.0 503.0 221.0 Grasp 0
281.0 325.0 251.0 248.0 280.0 237.0 310.0 314.0 Grasp 0
218.0 320.0 206.0 255.0 236.0 249.0 249.0 315.0 Grasp 0
358.0 165.0 304.0 206.0 285.0 181.0 340.0 140.0 Grasp 0
264.0 335.0 196.0 260.0 218.0 240.0 286.0 314.0 Grasp 0
485.0 162.0 485.0 245.0 457.0 245.0 457.0 162.0 Grasp 0
445.0 311.0 385.0 377.0 364.0 357.0 424.0 292.0 Grasp 0
484.0 288.0 458.0 354.0 431.0 344.0 457.0 277.0 Grasp 0
421.0 112.0 359.0 65.0 377.0 41.0 439.0 88.0 Grasp 0
585.0 324.0 573.0 260.0 602.0 254.0 614.0 319.0 Grasp 0
531.0 338.0 519.0 273.0 547.0 267.0 560.0 333.0 Grasp 0
