532.0 40.0 482.0 78.0 464.0 54.0 514.0 17.0 Grasp 0
438.0 330.0 385.0 335.0 382.0 302.0 435.0 297.0 Grasp 0
516.0 27.0 478.0 70.0 456.0 50.0 495.0 7.0 Grasp 0
549.0 51.0 466.0 75.0 458.0 46.0 541.0 22.0 Grasp 0
296.0 359.0 260.0 301.0 285.0 286.0 321.0 343.0 Grasp 0
413.0 265.0 350.0 234.0 364.0 206.0 427.0 237.0 Grasp 0
491.0 218.0 455.0 124.0 482.0 114.0 518.0 207.0 Grasp 0
574.0 81.0 492.0 104.0 483.0 76.0 566.0 52.0 Grasp 0
412.0 151.0 366.0 226.0 340.0 210.0 387.0 135.0 Grasp 0
468.0 227.0 432.0 133.0 459.0 123.0 495.0 216.0 Grasp 0
411.0 274.0 351.0 257.0 359.0 227.0 419.0 244.0 Grasp 0
544.0 48.0 489.0 89.0 471.0 66.0 526.0 24.0 Grasp 0
327.0 349.0 263.0 301.0 281.0 277.0 345.0 325.0 Grasp 0
218.0 357.0 170.0 305.0 192.0 286.0 239.0 338.0 Grasp 0
406.0 237.0 338.0 186.0 357.0 161.0 425.0 212.0 Grasp 0
212.0 61.0 184.0 82.0 166.0 57.0 194.0 36.0 Grasp 0
452.0 230.0 417.0 140.0 445.0 130.0 479.0 219.0 Grasp 0
441.0 316.0 393.0 340.0 378.0 310.0 426.0 286.0 Grasp 0
504.0 214.0 467.0 119.0 494.0 109.0 531.0 204.0 Grasp 0
343.0 245.0 343.0 347.0 313.0 347.0 313.0 245.0 Grasp 0
402.0 55.0 358.0 168.0 330.0 157.0 374.0 44.0 Grasp 0
570.0 72.0 483.0 96.0 475.0 68.0 562.0 43.0 Grasp 0
223.0 343.0 170.0 257.0 195.0 242.0 248.0 328.0 Grasp 0
432.0 273.0 379.0 332.0 356.0 310.0 409.0 252.0 Grasp 0
331.0 335.0 315.0 249.0 344.0 243.0 360.0 330.0 Grasp 0
412.0 278.0 328.0 270.0 331.0 240.0 415.0 248.0 Grasp 0
