474.0 303.0 417.0 319.0 409.0 291.0 466.0 274.0 Grasp 0
623.0 283.0 550.0 277.0 553.0 246.0 625.0 253.0 Grasp 0
466.0 169.0 450.0 144.0 476.0 128.0 491.0 153.0 Grasp 0
256.0 153.0 195.0 123.0 208.0 97.0 269.0 128.0 Grasp 0
483.0 283.0 470.0 304.0 445.0 289.0 458.0 268.0 Grasp 0
609.0 254.0 540.0 260.0 537.0 230.0 606.0 224.0 Grasp 0
475.0 281.0 421.0 286.0 418.0 257.0 472.0 252.0 Grasp 0
618.0 221.0 548.0 227.0 545.0 198.0 615.0 191.0 Grasp 0
475.0 221.0 426.0 246.0 412.0 219.0 462.0 195.0 Grasp 0
469.0 265.0 415.0 270.0 412.0 241.0 467.0 236.0 Grasp 0
593.0 333.0 529.0 301.0 542.0 274.0 607.0 306.0 Grasp 0
618.0 163.0 557.0 210.0 538.0 185.0 599.0 139.0 Grasp 0
615.0 198.0 543.0 204.0 540.0 174.0 612.0 167.0 Grasp 0
493.0 297.0 483.0 321.0 455.0 310.0 465.0 286.0 Grasp 0
358.0 292.0 303.0 333.0 286.0 310.0 341.0 269.0 Grasp 0
603.0 292.0 532.0 285.0 535.0 255.0 606.0 261.0 Grasp 0
477.0 241.0 428.0 266.0 415.0 240.0 464.0 215.0 Grasp 0
352.0 335.0 284.0 341.0 282.0 312.0 349.0 306.0 Grasp 0
634.0 158.0 564.0 177.0 556.0 148.0 625.0 128.0 Grasp 0
361.0 339.0 302.0 356.0 294.0 328.0 353.0 311.0 Grasp 0
615.0 180.0 545.0 186.0 542.0 156.0 612.0 150.0 Grasp 0
608.0 166.0 542.0 200.0 528.0 173.0 595.0 139.0 Grasp 0
406.0 92.0 313.0 118.0 305.0 89.0 398.0 63.0 Grasp 0
488.0 298.0 469.0 319.0 447.0 299.0 466.0 277.0 Grasp 0
583.0 354.0 529.0 313.0 547.0 288.0 601.0 330.0 Grasp 0
624.0 265.0 555.0 271.0 552.0 242.0 621.0 235.0 Grasp 0
607.0 305.0 537.0 299.0 540.0 269.0 610.0 275.0 Grasp 0
608.0 271.0 536.0 278.0 534.0 247.0 605.0 241.0 Grasp 0
603.0 156.0 537.0 189.0 523.0 163.0 590.0 130.0 Grasp 0
503.0 304.0 494.0 329.0 465.0 318.0 474.0 293.0 Grasp 0
627.0 180.0 557.0 200.0 549.0 172.0 619.0 151.0 Grasp 0
528.0 113.0 528.0 136.0 498.0 136.0 498.0 113.0 Grasp 0
529.0 315.0 529.0 338.0 498.0 338.0 498.0 315.0 Grasp 0
479.0 303.0 461.0 322.0 439.0 303.0 457.0 283.0 Grasp 0
612.0 204.0 542.0 224.0 534.0 195.0 604.0 175.0 Grasp 0
500.0 313.0 491.0 336.0 463.0 325.0 472.0 302.0 Grasp 0
423.0 133.0 331.0 159.0 322.0 131.0 415.0 105.0 Grasp 0
582.0 322.0 537.0 272.0 559.0 252.0 604.0 302.0 Grasp 0
476.0 265.0 426.0 289.0 413.0 263.0 463.0 238.0 Grasp 0
593.0 277.0 523.0 258.0 532.0 229.0 601.0 249.0 Grasp 0
626.0 194.0 555.0 188.0 558.0 158.0 629.0 165.0 Grasp 0
264.0 129.0 230.0 74.0 254.0 59.0 288.0 114.0 Grasp 0
461.0 300.0 440.0 316.0 422.0 293.0 443.0 277.0 Grasp 0
516.0 308.0 516.0 332.0 485.0 332.0 485.0 308.0 Grasp 0
350.0 321.0 296.0 349.0 283.0 323.0 338.0 296.0 Grasp 0
245.0 169.0 174.0 163.0 177.0 134.0 247.0 141.0 Grasp 0
376.0 297.0 321.0 338.0 304.0 315.0 358.0 274.0 Grasp 0
477.0 152.0 462.0 128.0 487.0 112.0 502.0 136.0 Grasp 0
257.0 159.0 188.0 139.0 195.0 112.0 265.0 132.0 Grasp 0
490.0 249.0 439.0 264.0 431.0 235.0 481.0 221.0 Grasp 0
630.0 293.0 557.0 300.0 554.0 270.0 627.0 263.0 Grasp 0
481.0 274.0 433.0 310.0 415.0 287.0 463.0 251.0 Grasp 0
423.0 122.0 329.0 148.0 321.0 119.0 415.0 93.0 Grasp 0
609.0 238.0 539.0 245.0 536.0 215.0 606.0 208.0 Grasp 0
486.0 150.0 475.0 123.0 503.0 113.0 513.0 139.0 Grasp 0
406.0 111.0 313.0 137.0 305.0 108.0 398.0 82.0 Grasp 0
601.0 145.0 559.0 191.0 537.0 171.0 579.0 125.0 Grasp 0
487.0 285.0 439.0 321.0 421.0 298.0 469.0 262.0 Grasp 0
377.0 316.0 328.0 353.0 310.0 330.0 360.0 293.0 Grasp 0
376.0 282.0 312.0 314.0 300.0 288.0 363.0 256.0 Grasp 0
488.0 315.0 470.0 335.0 447.0 315.0 466.0 295.0 Grasp 0
467.0 157.0 452.0 132.0 477.0 117.0 492.0 141.0 Grasp 0
173.0 304.0 110.0 257.0 128.0 234.0 191.0 281.0 Grasp 0
