481.0 278.0 457.0 304.0 434.0 283.0 457.0 257.0 Grasp 0
438.0 244.0 409.0 266.0 390.0 241.0 419.0 219.0 Grasp 0
485.0 298.0 456.0 321.0 436.0 295.0 466.0 272.0 Grasp 0
217.0 314.0 194.0 297.0 212.0 272.0 235.0 290.0 Grasp 0
417.0 212.0 379.0 231.0 365.0 204.0 403.0 185.0 Grasp 0
230.0 301.0 200.0 278.0 219.0 253.0 249.0 276.0 Grasp 0
274.0 265.0 233.0 261.0 236.0 231.0 277.0 235.0 Grasp 0
427.0 35.0 408.0 25.0 420.0 0.0 440.0 9.0 Grasp 0
244.0 292.0 211.0 276.0 225.0 248.0 258.0 264.0 Grasp 0
431.0 219.0 398.0 244.0 379.0 218.0 412.0 194.0 Grasp 0
429.0 236.0 395.0 262.0 377.0 237.0 410.0 212.0 Grasp 0
347.0 259.0 347.0 331.0 318.0 331.0 318.0 259.0 Grasp 0
450.0 255.0 421.0 277.0 402.0 253.0 431.0 230.0 Grasp 0
221.0 338.0 192.0 324.0 206.0 296.0 234.0 310.0 Grasp 0
470.0 262.0 443.0 291.0 420.0 270.0 447.0 241.0 Grasp 0
258.0 281.0 226.0 265.0 240.0 238.0 271.0 253.0 Grasp 0
220.0 324.0 194.0 304.0 213.0 279.0 239.0 299.0 Grasp 0
383.0 329.0 343.0 263.0 367.0 248.0 408.0 314.0 Grasp 0
234.0 101.0 218.0 128.0 193.0 112.0 210.0 85.0 Grasp 0
263.0 271.0 228.0 268.0 231.0 237.0 266.0 240.0 Grasp 0
240.0 309.0 209.0 294.0 223.0 266.0 254.0 282.0 Grasp 0
389.0 320.0 348.0 253.0 372.0 238.0 413.0 305.0 Grasp 0
226.0 305.0 196.0 290.0 210.0 262.0 240.0 277.0 Grasp 0
404.0 208.0 372.0 233.0 354.0 208.0 386.0 184.0 Grasp 0
250.0 279.0 216.0 269.0 225.0 240.0 259.0 249.0 Grasp 0
492.0 282.0 467.0 310.0 443.0 288.0 468.0 260.0 Grasp 0
354.0 329.0 328.0 261.0 354.0 251.0 381.0 319.0 Grasp 0
265.0 243.0 211.0 238.0 214.0 208.0 268.0 213.0 Grasp 0
468.0 279.0 439.0 300.0 420.0 276.0 449.0 254.0 Grasp 0
344.0 130.0 344.0 181.0 313.0 181.0 313.0 130.0 Grasp 0
296.0 237.0 227.0 244.0 224.0 214.0 293.0 207.0 Grasp 0
459.0 241.0 433.0 271.0 409.0 249.0 436.0 220.0 Grasp 0
372.0 26.0 358.0 63.0 329.0 52.0 344.0 15.0 Grasp 0
463.0 255.0 433.0 278.0 414.0 253.0 444.0 230.0 Grasp 0
457.0 267.0 428.0 289.0 409.0 264.0 438.0 242.0 Grasp 0
280.0 254.0 228.0 249.0 231.0 219.0 282.0 224.0 Grasp 0
420.0 218.0 385.0 245.0 366.0 219.0 401.0 193.0 Grasp 0
300.0 60.0 284.0 19.0 312.0 8.0 328.0 49.0 Grasp 0
428.0 203.0 400.0 234.0 377.0 213.0 405.0 182.0 Grasp 0
424.0 55.0 404.0 40.0 421.0 17.0 441.0 32.0 Grasp 0
329.0 189.0 320.0 137.0 351.0 132.0 360.0 183.0 Grasp 0
212.0 330.0 187.0 312.0 206.0 286.0 231.0 305.0 Grasp 0
