315.0 271.0 254.0 224.0 271.0 201.0 333.0 247.0 Grasp 0
302.0 288.0 243.0 243.0 260.0 220.0 320.0 265.0 Grasp 0
420.0 244.0 369.0 188.0 391.0 168.0 442.0 224.0 Grasp 0
310.0 280.0 247.0 233.0 265.0 210.0 328.0 257.0 Grasp 0
492.0 327.0 459.0 275.0 484.0 259.0 516.0 312.0 Grasp 0
383.0 396.0 345.0 335.0 370.0 320.0 408.0 380.0 Grasp 0
527.0 130.0 527.0 185.0 497.0 185.0 497.0 130.0 Grasp 0
373.0 404.0 333.0 340.0 357.0 325.0 397.0 389.0 Grasp 0
405.0 257.0 360.0 184.0 385.0 169.0 430.0 241.0 Grasp 0
544.0 298.0 530.0 225.0 559.0 220.0 573.0 293.0 Grasp 0
289.0 300.0 235.0 259.0 253.0 235.0 307.0 276.0 Grasp 0
501.0 177.0 438.0 108.0 459.0 88.0 522.0 158.0 Grasp 0
395.0 264.0 351.0 193.0 377.0 177.0 421.0 249.0 Grasp 0
280.0 305.0 233.0 270.0 251.0 247.0 297.0 282.0 Grasp 0
543.0 229.0 543.0 316.0 513.0 316.0 513.0 229.0 Grasp 0
319.0 268.0 271.0 191.0 295.0 176.0 343.0 253.0 Grasp 0
516.0 327.0 450.0 277.0 468.0 254.0 533.0 304.0 Grasp 0
567.0 218.0 549.0 317.0 520.0 311.0 538.0 213.0 Grasp 0
431.0 377.0 363.0 325.0 380.0 302.0 448.0 354.0 Grasp 0
472.0 356.0 387.0 314.0 400.0 288.0 485.0 331.0 Grasp 0
550.0 291.0 520.0 244.0 545.0 228.0 574.0 276.0 Grasp 0
447.0 368.0 379.0 317.0 396.0 294.0 464.0 345.0 Grasp 0
489.0 138.0 419.0 145.0 416.0 116.0 487.0 109.0 Grasp 0
524.0 132.0 510.0 203.0 481.0 198.0 495.0 126.0 Grasp 0
277.0 322.0 223.0 295.0 236.0 269.0 290.0 296.0 Grasp 0
515.0 316.0 481.0 261.0 506.0 246.0 539.0 300.0 Grasp 0
437.0 362.0 401.0 304.0 425.0 289.0 461.0 347.0 Grasp 0
536.0 299.0 507.0 252.0 531.0 236.0 561.0 284.0 Grasp 0
355.0 413.0 340.0 331.0 368.0 326.0 384.0 408.0 Grasp 0
468.0 345.0 454.0 266.0 482.0 261.0 497.0 340.0 Grasp 0
458.0 350.0 443.0 271.0 472.0 266.0 487.0 345.0 Grasp 0
488.0 124.0 421.0 131.0 419.0 101.0 485.0 95.0 Grasp 0
256.0 329.0 220.0 302.0 238.0 279.0 273.0 306.0 Grasp 0
475.0 336.0 443.0 285.0 468.0 270.0 499.0 321.0 Grasp 0
415.0 387.0 344.0 334.0 361.0 311.0 432.0 364.0 Grasp 0
364.0 413.0 322.0 345.0 346.0 330.0 388.0 398.0 Grasp 0
503.0 249.0 503.0 341.0 474.0 341.0 474.0 249.0 Grasp 0
492.0 329.0 478.0 253.0 506.0 248.0 520.0 324.0 Grasp 0
502.0 120.0 502.0 189.0 472.0 189.0 472.0 120.0 Grasp 0
477.0 198.0 416.0 130.0 437.0 111.0 499.0 178.0 Grasp 0
468.0 203.0 408.0 138.0 430.0 118.0 490.0 184.0 Grasp 0
533.0 234.0 514.0 338.0 485.0 333.0 505.0 229.0 Grasp 0
571.0 285.0 527.0 237.0 548.0 218.0 592.0 266.0 Grasp 0
318.0 263.0 284.0 177.0 311.0 167.0 344.0 252.0 Grasp 0
524.0 310.0 499.0 247.0 527.0 236.0 551.0 300.0 Grasp 0
501.0 324.0 487.0 248.0 515.0 242.0 529.0 319.0 Grasp 0
465.0 270.0 465.0 364.0 436.0 364.0 436.0 270.0 Grasp 0
554.0 287.0 542.0 223.0 571.0 218.0 583.0 282.0 Grasp 0
272.0 309.0 229.0 239.0 253.0 224.0 297.0 294.0 Grasp 0
311.0 285.0 240.0 265.0 247.0 237.0 319.0 257.0 Grasp 0
466.0 270.0 445.0 382.0 416.0 377.0 437.0 265.0 Grasp 0
488.0 190.0 424.0 120.0 446.0 100.0 509.0 170.0 Grasp 0
457.0 222.0 385.0 167.0 402.0 144.0 475.0 199.0 Grasp 0
413.0 380.0 385.0 308.0 412.0 297.0 440.0 369.0 Grasp 0
304.0 286.0 254.0 206.0 279.0 191.0 328.0 271.0 Grasp 0
502.0 321.0 470.0 271.0 495.0 256.0 526.0 306.0 Grasp 0
446.0 357.0 410.0 300.0 435.0 285.0 470.0 342.0 Grasp 0
510.0 124.0 472.0 223.0 444.0 212.0 482.0 113.0 Grasp 0
472.0 209.0 398.0 153.0 415.0 130.0 490.0 186.0 Grasp 0
455.0 197.0 423.0 279.0 393.0 268.0 425.0 185.0 Grasp 0
284.0 297.0 243.0 232.0 268.0 217.0 308.0 282.0 Grasp 0
317.0 277.0 241.0 255.0 249.0 227.0 325.0 249.0 Grasp 0
503.0 250.0 483.0 358.0 455.0 352.0 475.0 244.0 Grasp 0
431.0 234.0 379.0 177.0 400.0 157.0 453.0 214.0 Grasp 0
508.0 341.0 397.0 310.0 405.0 282.0 516.0 314.0 Grasp 0
433.0 178.0 417.0 261.0 387.0 255.0 402.0 172.0 Grasp 0
320.0 292.0 232.0 284.0 235.0 255.0 322.0 263.0 Grasp 0
496.0 146.0 395.0 175.0 387.0 147.0 488.0 118.0 Grasp 0
492.0 147.0 410.0 155.0 407.0 126.0 490.0 118.0 Grasp 0
461.0 346.0 427.0 293.0 452.0 278.0 485.0 331.0 Grasp 0
