117.0 208.0 75.0 162.0 97.0 142.0 139.0 188.0 Grasp 0
207.0 133.0 168.0 91.0 190.0 71.0 228.0 114.0 Grasp 0
137.0 195.0 92.0 145.0 114.0 125.0 159.0 175.0 Grasp 0
592.0 268.0 551.0 313.0 530.0 295.0 571.0 250.0 Grasp 0
228.0 114.0 191.0 74.0 213.0 54.0 250.0 95.0 Grasp 0
188.0 145.0 153.0 107.0 175.0 87.0 210.0 125.0 Grasp 0
157.0 173.0 124.0 119.0 149.0 103.0 182.0 157.0 Grasp 0
366.0 309.0 331.0 253.0 355.0 238.0 390.0 294.0 Grasp 0
459.0 79.0 416.0 47.0 437.0 19.0 479.0 51.0 Grasp 0
396.0 312.0 344.0 255.0 364.0 235.0 417.0 293.0 Grasp 0
380.0 106.0 360.0 53.0 390.0 41.0 411.0 94.0 Grasp 0
413.0 102.0 385.0 57.0 414.0 39.0 442.0 84.0 Grasp 0
145.0 186.0 107.0 124.0 132.0 109.0 170.0 171.0 Grasp 0
431.0 242.0 335.0 214.0 343.0 186.0 439.0 213.0 Grasp 0
127.0 204.0 81.0 155.0 103.0 135.0 148.0 184.0 Grasp 0
330.0 252.0 311.0 301.0 284.0 291.0 303.0 242.0 Grasp 0
365.0 38.0 331.0 75.0 308.0 53.0 341.0 17.0 Grasp 0
309.0 255.0 302.0 292.0 274.0 287.0 281.0 249.0 Grasp 0
572.0 261.0 500.0 315.0 483.0 293.0 555.0 239.0 Grasp 0
370.0 47.0 347.0 84.0 319.0 67.0 342.0 30.0 Grasp 0
172.0 163.0 132.0 118.0 154.0 99.0 194.0 143.0 Grasp 0
583.0 265.0 539.0 314.0 518.0 295.0 563.0 246.0 Grasp 0
308.0 304.0 287.0 249.0 313.0 239.0 334.0 293.0 Grasp 0
343.0 309.0 307.0 252.0 332.0 237.0 367.0 294.0 Grasp 0
400.0 58.0 384.0 98.0 353.0 86.0 369.0 46.0 Grasp 0
376.0 51.0 360.0 92.0 330.0 81.0 346.0 40.0 Grasp 0
190.0 152.0 136.0 111.0 153.0 88.0 207.0 129.0 Grasp 0
554.0 259.0 480.0 314.0 463.0 292.0 537.0 236.0 Grasp 0
596.0 270.0 571.0 310.0 547.0 295.0 572.0 255.0 Grasp 0
226.0 125.0 177.0 88.0 195.0 65.0 244.0 102.0 Grasp 0
433.0 236.0 364.0 242.0 362.0 213.0 430.0 207.0 Grasp 0
382.0 44.0 382.0 97.0 350.0 97.0 350.0 44.0 Grasp 0
441.0 82.0 417.0 44.0 446.0 26.0 470.0 64.0 Grasp 0
416.0 55.0 407.0 99.0 375.0 93.0 383.0 48.0 Grasp 0
582.0 264.0 514.0 316.0 497.0 293.0 565.0 242.0 Grasp 0
