536.0 174.0 519.0 266.0 486.0 260.0 503.0 168.0 Grasp 0
565.0 182.0 565.0 263.0 532.0 263.0 532.0 182.0 Grasp 0
265.0 45.0 209.0 106.0 188.0 86.0 243.0 26.0 Grasp 0
592.0 284.0 533.0 349.0 512.0 329.0 571.0 265.0 Grasp 0
248.0 20.0 190.0 83.0 169.0 64.0 227.0 1.0 Grasp 0
552.0 268.0 535.0 178.0 568.0 172.0 584.0 262.0 Grasp 0
548.0 176.0 548.0 263.0 515.0 263.0 515.0 176.0 Grasp 0
601.0 301.0 544.0 363.0 523.0 343.0 580.0 281.0 Grasp 0
499.0 162.0 480.0 268.0 447.0 262.0 467.0 156.0 Grasp 0
487.0 143.0 387.0 115.0 395.0 84.0 495.0 112.0 Grasp 0
557.0 185.0 524.0 271.0 492.0 259.0 526.0 173.0 Grasp 0
256.0 33.0 200.0 95.0 179.0 75.0 235.0 14.0 Grasp 0
488.0 145.0 389.0 136.0 392.0 104.0 491.0 113.0 Grasp 0
493.0 124.0 389.0 95.0 397.0 64.0 502.0 94.0 Grasp 0
576.0 191.0 545.0 270.0 514.0 258.0 545.0 179.0 Grasp 0
511.0 186.0 394.0 197.0 391.0 164.0 508.0 154.0 Grasp 0
514.0 87.0 391.0 99.0 389.0 67.0 511.0 56.0 Grasp 0
192.0 164.0 162.0 242.0 134.0 231.0 164.0 153.0 Grasp 0
499.0 107.0 391.0 76.0 399.0 46.0 507.0 77.0 Grasp 0
495.0 148.0 392.0 157.0 389.0 125.0 492.0 116.0 Grasp 0
495.0 164.0 390.0 174.0 387.0 141.0 492.0 132.0 Grasp 0
