374.0 191.0 311.0 239.0 292.0 215.0 356.0 167.0 Grasp 0
224.0 329.0 211.0 294.0 238.0 284.0 251.0 319.0 Grasp 0
445.0 84.0 401.0 80.0 404.0 51.0 448.0 55.0 Grasp 0
258.0 331.0 243.0 292.0 269.0 282.0 284.0 320.0 Grasp 0
246.0 330.0 232.0 293.0 259.0 283.0 273.0 320.0 Grasp 0
430.0 42.0 388.0 54.0 381.0 27.0 422.0 15.0 Grasp 0
442.0 32.0 400.0 44.0 392.0 17.0 434.0 5.0 Grasp 0
360.0 215.0 287.0 252.0 273.0 224.0 347.0 188.0 Grasp 0
291.0 58.0 200.0 67.0 197.0 37.0 289.0 29.0 Grasp 0
383.0 339.0 309.0 376.0 295.0 349.0 370.0 312.0 Grasp 0
454.0 68.0 410.0 63.0 413.0 35.0 457.0 39.0 Grasp 0
254.0 314.0 246.0 271.0 274.0 266.0 282.0 308.0 Grasp 0
385.0 336.0 310.0 358.0 301.0 328.0 376.0 307.0 Grasp 0
452.0 52.0 407.0 57.0 405.0 28.0 449.0 24.0 Grasp 0
373.0 326.0 297.0 333.0 294.0 303.0 370.0 296.0 Grasp 0
395.0 334.0 314.0 326.0 317.0 296.0 397.0 304.0 Grasp 0
383.0 300.0 355.0 373.0 327.0 362.0 355.0 289.0 Grasp 0
361.0 192.0 285.0 230.0 272.0 203.0 348.0 165.0 Grasp 0
464.0 57.0 419.0 61.0 416.0 32.0 461.0 28.0 Grasp 0
297.0 43.0 206.0 52.0 204.0 22.0 295.0 13.0 Grasp 0
225.0 345.0 211.0 310.0 238.0 299.0 252.0 335.0 Grasp 0
469.0 75.0 425.0 71.0 427.0 42.0 471.0 46.0 Grasp 0
367.0 329.0 297.0 294.0 311.0 267.0 381.0 302.0 Grasp 0
218.0 336.0 198.0 303.0 222.0 288.0 243.0 321.0 Grasp 0
293.0 120.0 199.0 129.0 196.0 99.0 291.0 90.0 Grasp 0
385.0 318.0 328.0 380.0 305.0 360.0 362.0 297.0 Grasp 0
240.0 346.0 220.0 313.0 244.0 298.0 265.0 331.0 Grasp 0
372.0 226.0 298.0 263.0 284.0 236.0 358.0 199.0 Grasp 0
275.0 71.0 185.0 79.0 182.0 50.0 272.0 41.0 Grasp 0
361.0 324.0 302.0 368.0 284.0 344.0 342.0 299.0 Grasp 0
292.0 82.0 201.0 90.0 198.0 60.0 289.0 52.0 Grasp 0
387.0 323.0 300.0 315.0 303.0 285.0 390.0 293.0 Grasp 0
457.0 87.0 414.0 75.0 422.0 47.0 464.0 59.0 Grasp 0
294.0 100.0 199.0 109.0 196.0 79.0 291.0 71.0 Grasp 0
377.0 215.0 304.0 251.0 291.0 224.0 363.0 188.0 Grasp 0
374.0 351.0 296.0 329.0 305.0 299.0 382.0 321.0 Grasp 0
263.0 330.0 255.0 288.0 283.0 282.0 291.0 325.0 Grasp 0
235.0 330.0 221.0 293.0 248.0 283.0 262.0 320.0 Grasp 0
439.0 61.0 396.0 65.0 393.0 37.0 436.0 33.0 Grasp 0
449.0 41.0 406.0 45.0 403.0 17.0 447.0 13.0 Grasp 0
282.0 121.0 192.0 147.0 184.0 118.0 274.0 92.0 Grasp 0
421.0 99.0 356.0 93.0 359.0 63.0 424.0 69.0 Grasp 0
373.0 301.0 308.0 334.0 294.0 307.0 359.0 274.0 Grasp 0
364.0 299.0 318.0 372.0 292.0 356.0 338.0 283.0 Grasp 0
368.0 319.0 302.0 352.0 288.0 325.0 354.0 292.0 Grasp 0
284.0 38.0 194.0 30.0 197.0 0.0 287.0 8.0 Grasp 0
359.0 246.0 283.0 268.0 274.0 238.0 351.0 217.0 Grasp 0
