489.0 280.0 477.0 310.0 451.0 300.0 463.0 269.0 Grasp 0
580.0 283.0 570.0 308.0 543.0 297.0 553.0 272.0 Grasp 0
216.0 329.0 195.0 275.0 222.0 264.0 243.0 318.0 Grasp 0
226.0 330.0 204.0 275.0 232.0 264.0 254.0 319.0 Grasp 0
467.0 274.0 460.0 311.0 432.0 306.0 439.0 268.0 Grasp 0
447.0 272.0 439.0 314.0 410.0 309.0 418.0 266.0 Grasp 0
461.0 286.0 454.0 322.0 426.0 316.0 433.0 281.0 Grasp 0
211.0 86.0 211.0 190.0 181.0 190.0 181.0 86.0 Grasp 0
182.0 324.0 171.0 264.0 200.0 259.0 211.0 319.0 Grasp 0
199.0 311.0 188.0 255.0 217.0 249.0 228.0 306.0 Grasp 0
552.0 309.0 539.0 287.0 564.0 272.0 577.0 293.0 Grasp 0
507.0 289.0 490.0 317.0 465.0 302.0 483.0 274.0 Grasp 0
553.0 276.0 543.0 304.0 516.0 293.0 527.0 265.0 Grasp 0
457.0 269.0 450.0 306.0 421.0 301.0 428.0 263.0 Grasp 0
342.0 268.0 329.0 200.0 359.0 194.0 372.0 263.0 Grasp 0
237.0 316.0 204.0 263.0 230.0 247.0 262.0 300.0 Grasp 0
347.0 257.0 334.0 188.0 364.0 183.0 377.0 252.0 Grasp 0
242.0 331.0 211.0 280.0 236.0 264.0 268.0 315.0 Grasp 0
199.0 322.0 180.0 271.0 207.0 260.0 227.0 311.0 Grasp 0
343.0 280.0 318.0 216.0 346.0 205.0 371.0 269.0 Grasp 0
568.0 302.0 560.0 279.0 587.0 269.0 595.0 291.0 Grasp 0
331.0 257.0 306.0 194.0 335.0 183.0 359.0 246.0 Grasp 0
526.0 280.0 514.0 310.0 488.0 300.0 500.0 269.0 Grasp 0
386.0 190.0 386.0 262.0 356.0 262.0 356.0 190.0 Grasp 0
388.0 60.0 345.0 129.0 321.0 114.0 363.0 45.0 Grasp 0
537.0 285.0 521.0 311.0 497.0 296.0 513.0 270.0 Grasp 0
557.0 284.0 548.0 307.0 522.0 297.0 531.0 274.0 Grasp 0
547.0 161.0 483.0 210.0 465.0 187.0 530.0 138.0 Grasp 0
541.0 304.0 527.0 280.0 551.0 265.0 566.0 289.0 Grasp 0
543.0 275.0 532.0 304.0 505.0 294.0 516.0 265.0 Grasp 0
473.0 305.0 461.0 274.0 487.0 264.0 499.0 295.0 Grasp 0
521.0 310.0 506.0 286.0 531.0 271.0 546.0 295.0 Grasp 0
564.0 277.0 554.0 303.0 527.0 293.0 537.0 266.0 Grasp 0
588.0 274.0 583.0 300.0 555.0 295.0 560.0 269.0 Grasp 0
603.0 275.0 598.0 299.0 570.0 294.0 575.0 269.0 Grasp 0
375.0 208.0 375.0 278.0 346.0 278.0 346.0 208.0 Grasp 0
