269.0 264.0 240.0 278.0 227.0 253.0 256.0 238.0 Grasp 0
262.0 158.0 212.0 102.0 234.0 82.0 285.0 137.0 Grasp 0
387.0 313.0 316.0 260.0 334.0 236.0 404.0 290.0 Grasp 0
271.0 421.0 231.0 465.0 209.0 446.0 249.0 402.0 Grasp 0
221.0 379.0 182.0 421.0 160.0 402.0 199.0 359.0 Grasp 0
283.0 403.0 243.0 447.0 221.0 427.0 261.0 384.0 Grasp 0
316.0 425.0 270.0 460.0 253.0 437.0 299.0 402.0 Grasp 0
360.0 124.0 321.0 187.0 296.0 171.0 335.0 108.0 Grasp 0
365.0 343.0 301.0 272.0 323.0 252.0 387.0 323.0 Grasp 0
321.0 107.0 321.0 175.0 292.0 175.0 292.0 107.0 Grasp 0
292.0 430.0 254.0 472.0 232.0 452.0 271.0 410.0 Grasp 0
418.0 257.0 339.0 234.0 347.0 206.0 426.0 228.0 Grasp 0
294.0 435.0 266.0 479.0 241.0 464.0 269.0 419.0 Grasp 0
358.0 366.0 280.0 307.0 298.0 284.0 375.0 342.0 Grasp 0
240.0 378.0 193.0 414.0 175.0 390.0 222.0 355.0 Grasp 0
275.0 401.0 256.0 451.0 228.0 441.0 248.0 390.0 Grasp 0
359.0 131.0 321.0 102.0 338.0 80.0 376.0 108.0 Grasp 0
410.0 290.0 329.0 250.0 342.0 224.0 423.0 264.0 Grasp 0
207.0 209.0 196.0 148.0 226.0 142.0 237.0 203.0 Grasp 0
252.0 399.0 222.0 447.0 198.0 432.0 227.0 384.0 Grasp 0
303.0 436.0 282.0 490.0 254.0 480.0 275.0 425.0 Grasp 0
261.0 173.0 232.0 98.0 260.0 88.0 289.0 162.0 Grasp 0
310.0 91.0 297.0 165.0 267.0 159.0 281.0 85.0 Grasp 0
338.0 124.0 302.0 97.0 319.0 74.0 355.0 101.0 Grasp 0
275.0 147.0 260.0 71.0 291.0 65.0 305.0 141.0 Grasp 0
325.0 431.0 303.0 487.0 276.0 477.0 298.0 420.0 Grasp 0
318.0 446.0 286.0 496.0 261.0 481.0 293.0 430.0 Grasp 0
350.0 104.0 313.0 85.0 326.0 59.0 363.0 78.0 Grasp 0
248.0 364.0 230.0 411.0 202.0 401.0 221.0 353.0 Grasp 0
270.0 167.0 255.0 87.0 285.0 81.0 300.0 162.0 Grasp 0
267.0 404.0 225.0 450.0 203.0 430.0 245.0 384.0 Grasp 0
267.0 387.0 225.0 434.0 203.0 414.0 245.0 368.0 Grasp 0
367.0 105.0 331.0 78.0 348.0 56.0 384.0 82.0 Grasp 0
243.0 390.0 211.0 442.0 187.0 427.0 219.0 375.0 Grasp 0
231.0 332.0 206.0 313.0 223.0 290.0 248.0 309.0 Grasp 0
344.0 130.0 330.0 206.0 301.0 200.0 315.0 125.0 Grasp 0
224.0 204.0 201.0 145.0 230.0 134.0 253.0 194.0 Grasp 0
270.0 392.0 251.0 443.0 223.0 432.0 242.0 382.0 Grasp 0
266.0 161.0 238.0 87.0 266.0 76.0 295.0 150.0 Grasp 0
411.0 300.0 379.0 217.0 407.0 206.0 439.0 289.0 Grasp 0
294.0 404.0 252.0 449.0 231.0 429.0 272.0 384.0 Grasp 0
377.0 320.0 304.0 264.0 321.0 241.0 395.0 296.0 Grasp 0
390.0 312.0 331.0 247.0 353.0 227.0 412.0 292.0 Grasp 0
305.0 442.0 262.0 489.0 241.0 469.0 284.0 422.0 Grasp 0
353.0 366.0 267.0 323.0 281.0 297.0 366.0 339.0 Grasp 0
439.0 244.0 366.0 237.0 369.0 208.0 442.0 215.0 Grasp 0
324.0 367.0 274.0 285.0 299.0 270.0 349.0 351.0 Grasp 0
360.0 117.0 346.0 188.0 318.0 182.0 331.0 111.0 Grasp 0
304.0 426.0 304.0 485.0 275.0 485.0 275.0 426.0 Grasp 0
344.0 119.0 317.0 188.0 289.0 177.0 316.0 108.0 Grasp 0
374.0 133.0 353.0 187.0 325.0 177.0 346.0 123.0 Grasp 0
416.0 288.0 385.0 207.0 412.0 197.0 443.0 277.0 Grasp 0
344.0 112.0 304.0 92.0 316.0 67.0 357.0 87.0 Grasp 0
242.0 370.0 209.0 424.0 184.0 408.0 217.0 355.0 Grasp 0
416.0 253.0 398.0 209.0 426.0 198.0 443.0 243.0 Grasp 0
349.0 81.0 314.0 63.0 327.0 38.0 361.0 55.0 Grasp 0
262.0 375.0 221.0 420.0 199.0 400.0 240.0 355.0 Grasp 0
431.0 242.0 390.0 211.0 408.0 188.0 449.0 219.0 Grasp 0
286.0 423.0 250.0 462.0 229.0 442.0 264.0 403.0 Grasp 0
353.0 120.0 316.0 92.0 333.0 69.0 370.0 97.0 Grasp 0
