503.0 215.0 447.0 276.0 425.0 256.0 481.0 195.0 Grasp 0
536.0 40.0 518.0 85.0 489.0 74.0 507.0 29.0 Grasp 0
580.0 284.0 522.0 348.0 500.0 328.0 558.0 264.0 Grasp 0
363.0 318.0 294.0 370.0 277.0 347.0 345.0 295.0 Grasp 0
609.0 310.0 550.0 375.0 528.0 355.0 587.0 290.0 Grasp 0
495.0 208.0 439.0 268.0 418.0 248.0 473.0 188.0 Grasp 0
515.0 45.0 472.0 114.0 446.0 98.0 489.0 29.0 Grasp 0
238.0 267.0 223.0 345.0 195.0 340.0 209.0 262.0 Grasp 0
277.0 131.0 241.0 188.0 217.0 173.0 252.0 116.0 Grasp 0
529.0 239.0 473.0 301.0 451.0 281.0 507.0 219.0 Grasp 0
363.0 314.0 331.0 367.0 306.0 352.0 339.0 299.0 Grasp 0
589.0 292.0 530.0 356.0 508.0 336.0 567.0 272.0 Grasp 0
538.0 247.0 481.0 309.0 459.0 289.0 516.0 227.0 Grasp 0
259.0 270.0 244.0 351.0 215.0 346.0 230.0 265.0 Grasp 0
515.0 226.0 459.0 287.0 437.0 267.0 493.0 206.0 Grasp 0
491.0 37.0 461.0 115.0 433.0 104.0 463.0 26.0 Grasp 0
275.0 116.0 256.0 219.0 227.0 213.0 246.0 111.0 Grasp 0
568.0 273.0 510.0 336.0 488.0 316.0 546.0 253.0 Grasp 0
557.0 263.0 500.0 326.0 477.0 305.0 534.0 243.0 Grasp 0
601.0 303.0 542.0 368.0 520.0 348.0 579.0 283.0 Grasp 0
469.0 124.0 433.0 33.0 462.0 22.0 497.0 113.0 Grasp 0
547.0 255.0 491.0 318.0 468.0 298.0 525.0 235.0 Grasp 0
248.0 269.0 233.0 349.0 204.0 343.0 219.0 263.0 Grasp 0
269.0 124.0 242.0 168.0 217.0 153.0 245.0 109.0 Grasp 0
