438.0 192.0 438.0 280.0 408.0 280.0 408.0 192.0 Grasp 0
612.0 269.0 537.0 212.0 556.0 188.0 631.0 244.0 Grasp 0
441.0 169.0 406.0 78.0 433.0 68.0 468.0 159.0 Grasp 0
275.0 383.0 172.0 373.0 175.0 336.0 278.0 346.0 Grasp 0
283.0 209.0 185.0 218.0 181.0 179.0 279.0 170.0 Grasp 0
612.0 174.0 534.0 212.0 521.0 186.0 599.0 148.0 Grasp 0
421.0 181.0 371.0 101.0 396.0 86.0 446.0 166.0 Grasp 0
591.0 299.0 528.0 229.0 551.0 208.0 614.0 278.0 Grasp 0
282.0 317.0 171.0 348.0 161.0 312.0 272.0 280.0 Grasp 0
607.0 214.0 530.0 206.0 533.0 177.0 609.0 184.0 Grasp 0
612.0 263.0 526.0 239.0 535.0 209.0 621.0 234.0 Grasp 0
298.0 61.0 156.0 74.0 151.0 27.0 294.0 14.0 Grasp 0
569.0 206.0 569.0 293.0 539.0 293.0 539.0 206.0 Grasp 0
280.0 359.0 176.0 368.0 172.0 331.0 277.0 322.0 Grasp 0
611.0 274.0 523.0 249.0 532.0 220.0 620.0 245.0 Grasp 0
615.0 223.0 522.0 231.0 519.0 202.0 612.0 193.0 Grasp 0
541.0 61.0 521.0 164.0 493.0 159.0 512.0 55.0 Grasp 0
279.0 285.0 180.0 294.0 176.0 256.0 275.0 247.0 Grasp 0
304.0 42.0 180.0 103.0 159.0 61.0 283.0 0.0 Grasp 0
271.0 252.0 186.0 244.0 189.0 206.0 275.0 214.0 Grasp 0
282.0 89.0 151.0 52.0 164.0 7.0 295.0 44.0 Grasp 0
282.0 224.0 185.0 233.0 181.0 194.0 278.0 185.0 Grasp 0
272.0 330.0 178.0 321.0 181.0 283.0 275.0 292.0 Grasp 0
269.0 316.0 184.0 308.0 187.0 270.0 273.0 278.0 Grasp 0
278.0 345.0 176.0 354.0 172.0 317.0 274.0 307.0 Grasp 0
614.0 221.0 517.0 270.0 503.0 242.0 601.0 194.0 Grasp 0
581.0 70.0 523.0 165.0 498.0 150.0 557.0 55.0 Grasp 0
521.0 62.0 521.0 158.0 492.0 158.0 492.0 62.0 Grasp 0
278.0 204.0 185.0 195.0 189.0 157.0 281.0 165.0 Grasp 0
439.0 171.0 391.0 93.0 415.0 77.0 464.0 156.0 Grasp 0
269.0 272.0 185.0 264.0 189.0 225.0 273.0 233.0 Grasp 0
576.0 313.0 524.0 228.0 550.0 212.0 602.0 296.0 Grasp 0
458.0 165.0 439.0 66.0 468.0 61.0 486.0 159.0 Grasp 0
581.0 208.0 581.0 298.0 550.0 298.0 550.0 208.0 Grasp 0
584.0 148.0 508.0 169.0 500.0 141.0 576.0 120.0 Grasp 0
618.0 221.0 584.0 309.0 555.0 298.0 590.0 210.0 Grasp 0
453.0 167.0 417.0 74.0 444.0 63.0 480.0 157.0 Grasp 0
610.0 286.0 530.0 264.0 538.0 233.0 618.0 256.0 Grasp 0
449.0 183.0 375.0 101.0 397.0 81.0 471.0 163.0 Grasp 0
618.0 246.0 533.0 238.0 536.0 207.0 621.0 215.0 Grasp 0
514.0 61.0 494.0 169.0 465.0 164.0 485.0 55.0 Grasp 0
622.0 254.0 529.0 262.0 526.0 232.0 619.0 223.0 Grasp 0
284.0 297.0 171.0 329.0 161.0 293.0 274.0 261.0 Grasp 0
