321.0 275.0 321.0 363.0 291.0 363.0 291.0 275.0 Grasp 0
613.0 232.0 602.0 292.0 572.0 286.0 583.0 227.0 Grasp 0
331.0 276.0 331.0 361.0 302.0 361.0 302.0 276.0 Grasp 0
354.0 377.0 338.0 288.0 367.0 283.0 384.0 372.0 Grasp 0
312.0 277.0 296.0 364.0 267.0 359.0 284.0 272.0 Grasp 0
600.0 234.0 588.0 295.0 559.0 289.0 570.0 228.0 Grasp 0
384.0 66.0 375.0 118.0 343.0 112.0 353.0 60.0 Grasp 0
280.0 269.0 262.0 364.0 232.0 359.0 250.0 264.0 Grasp 0
296.0 269.0 279.0 362.0 250.0 356.0 268.0 264.0 Grasp 0
247.0 247.0 230.0 340.0 201.0 335.0 218.0 242.0 Grasp 0
358.0 272.0 342.0 360.0 313.0 355.0 329.0 267.0 Grasp 0
217.0 359.0 199.0 264.0 229.0 258.0 247.0 353.0 Grasp 0
366.0 95.0 366.0 52.0 400.0 52.0 400.0 95.0 Grasp 0
343.0 361.0 327.0 273.0 356.0 268.0 373.0 355.0 Grasp 0
338.0 360.0 305.0 276.0 333.0 266.0 365.0 349.0 Grasp 0
266.0 258.0 232.0 346.0 205.0 335.0 239.0 247.0 Grasp 0
308.0 294.0 275.0 379.0 247.0 368.0 281.0 283.0 Grasp 0
623.0 227.0 612.0 286.0 582.0 280.0 593.0 222.0 Grasp 0
342.0 290.0 342.0 381.0 312.0 381.0 312.0 290.0 Grasp 0
377.0 299.0 377.0 348.0 347.0 348.0 347.0 299.0 Grasp 0
270.0 252.0 252.0 346.0 223.0 341.0 241.0 247.0 Grasp 0
602.0 216.0 602.0 280.0 571.0 280.0 571.0 216.0 Grasp 0
341.0 108.0 332.0 61.0 364.0 55.0 373.0 103.0 Grasp 0
372.0 174.0 328.0 186.0 320.0 158.0 364.0 145.0 Grasp 0
371.0 191.0 334.0 219.0 317.0 196.0 353.0 168.0 Grasp 0
