353.0 345.0 310.0 275.0 335.0 259.0 378.0 329.0 Grasp 0
354.0 187.0 333.0 210.0 312.0 191.0 333.0 168.0 Grasp 0
275.0 350.0 252.0 290.0 280.0 279.0 303.0 339.0 Grasp 0
291.0 162.0 286.0 190.0 258.0 185.0 264.0 157.0 Grasp 0
560.0 158.0 547.0 226.0 519.0 220.0 531.0 153.0 Grasp 0
353.0 173.0 336.0 200.0 312.0 185.0 329.0 158.0 Grasp 0
316.0 167.0 299.0 195.0 275.0 180.0 292.0 152.0 Grasp 0
540.0 213.0 528.0 148.0 556.0 143.0 568.0 207.0 Grasp 0
498.0 242.0 474.0 178.0 500.0 167.0 525.0 231.0 Grasp 0
489.0 179.0 486.0 196.0 458.0 191.0 461.0 174.0 Grasp 0
399.0 202.0 383.0 185.0 404.0 166.0 420.0 183.0 Grasp 0
394.0 182.0 372.0 199.0 355.0 176.0 377.0 159.0 Grasp 0
387.0 203.0 367.0 188.0 384.0 165.0 404.0 180.0 Grasp 0
367.0 334.0 335.0 251.0 362.0 240.0 394.0 324.0 Grasp 0
372.0 176.0 359.0 197.0 335.0 182.0 348.0 161.0 Grasp 0
548.0 144.0 521.0 214.0 494.0 204.0 521.0 134.0 Grasp 0
557.0 170.0 530.0 239.0 503.0 229.0 530.0 160.0 Grasp 0
292.0 357.0 268.0 295.0 296.0 284.0 320.0 346.0 Grasp 0
323.0 347.0 284.0 283.0 309.0 268.0 348.0 332.0 Grasp 0
411.0 202.0 398.0 182.0 422.0 167.0 435.0 187.0 Grasp 0
332.0 183.0 315.0 211.0 291.0 196.0 308.0 168.0 Grasp 0
566.0 180.0 542.0 242.0 515.0 231.0 539.0 169.0 Grasp 0
427.0 198.0 421.0 181.0 447.0 171.0 454.0 188.0 Grasp 0
409.0 188.0 389.0 203.0 372.0 181.0 391.0 166.0 Grasp 0
374.0 189.0 355.0 210.0 334.0 191.0 353.0 170.0 Grasp 0
292.0 343.0 279.0 276.0 309.0 270.0 321.0 337.0 Grasp 0
307.0 167.0 302.0 197.0 274.0 191.0 279.0 162.0 Grasp 0
264.0 345.0 241.0 285.0 269.0 274.0 292.0 334.0 Grasp 0
316.0 183.0 299.0 211.0 275.0 196.0 292.0 168.0 Grasp 0
275.0 339.0 262.0 272.0 292.0 266.0 304.0 333.0 Grasp 0
515.0 238.0 502.0 168.0 530.0 163.0 543.0 232.0 Grasp 0
317.0 327.0 303.0 250.0 332.0 244.0 346.0 322.0 Grasp 0
474.0 208.0 468.0 192.0 495.0 182.0 501.0 198.0 Grasp 0
537.0 151.0 511.0 218.0 484.0 208.0 510.0 140.0 Grasp 0
420.0 200.0 410.0 184.0 435.0 169.0 444.0 185.0 Grasp 0
342.0 351.0 299.0 283.0 325.0 267.0 367.0 335.0 Grasp 0
357.0 340.0 327.0 261.0 353.0 251.0 384.0 329.0 Grasp 0
553.0 147.0 540.0 216.0 512.0 211.0 525.0 142.0 Grasp 0
432.0 193.0 426.0 176.0 452.0 166.0 459.0 183.0 Grasp 0
298.0 176.0 288.0 203.0 261.0 192.0 272.0 165.0 Grasp 0
343.0 172.0 325.0 201.0 301.0 186.0 319.0 157.0 Grasp 0
500.0 184.0 497.0 202.0 469.0 197.0 473.0 178.0 Grasp 0
364.0 183.0 344.0 205.0 323.0 186.0 343.0 164.0 Grasp 0
498.0 176.0 492.0 192.0 466.0 181.0 471.0 166.0 Grasp 0
312.0 349.0 273.0 286.0 299.0 270.0 338.0 333.0 Grasp 0
298.0 270.0 287.0 331.0 258.0 325.0 269.0 264.0 Grasp 0
331.0 333.0 317.0 253.0 345.0 248.0 360.0 327.0 Grasp 0
566.0 202.0 501.0 153.0 519.0 129.0 584.0 178.0 Grasp 0
307.0 351.0 259.0 299.0 282.0 279.0 329.0 331.0 Grasp 0
394.0 193.0 372.0 209.0 355.0 186.0 377.0 170.0 Grasp 0
333.0 172.0 315.0 201.0 290.0 186.0 309.0 157.0 Grasp 0
537.0 217.0 511.0 149.0 538.0 138.0 564.0 206.0 Grasp 0
509.0 234.0 483.0 167.0 510.0 157.0 535.0 224.0 Grasp 0
474.0 213.0 468.0 197.0 495.0 187.0 501.0 203.0 Grasp 0
546.0 157.0 532.0 228.0 504.0 222.0 518.0 152.0 Grasp 0
528.0 235.0 488.0 171.0 512.0 156.0 552.0 220.0 Grasp 0
287.0 273.0 275.0 336.0 245.0 331.0 257.0 267.0 Grasp 0
378.0 334.0 345.0 248.0 371.0 238.0 404.0 323.0 Grasp 0
393.0 197.0 377.0 180.0 398.0 161.0 414.0 178.0 Grasp 0
292.0 324.0 279.0 255.0 308.0 249.0 321.0 319.0 Grasp 0
304.0 326.0 290.0 251.0 319.0 246.0 333.0 320.0 Grasp 0
328.0 171.0 322.0 203.0 294.0 198.0 300.0 166.0 Grasp 0
405.0 330.0 352.0 244.0 376.0 229.0 429.0 315.0 Grasp 0
384.0 178.0 365.0 199.0 344.0 180.0 363.0 159.0 Grasp 0
384.0 192.0 361.0 209.0 344.0 187.0 367.0 170.0 Grasp 0
310.0 279.0 297.0 345.0 268.0 339.0 280.0 273.0 Grasp 0
287.0 280.0 287.0 350.0 257.0 350.0 257.0 280.0 Grasp 0
