307.0 101.0 255.0 61.0 272.0 38.0 325.0 77.0 Grasp 0
267.0 143.0 212.0 101.0 230.0 78.0 285.0 120.0 Grasp 0
541.0 170.0 494.0 246.0 469.0 231.0 516.0 155.0 Grasp 0
334.0 282.0 334.0 366.0 305.0 366.0 305.0 282.0 Grasp 0
475.0 366.0 443.0 282.0 469.0 272.0 502.0 355.0 Grasp 0
525.0 158.0 477.0 236.0 452.0 221.0 500.0 143.0 Grasp 0
475.0 138.0 395.0 178.0 381.0 152.0 462.0 112.0 Grasp 0
516.0 154.0 469.0 230.0 444.0 214.0 491.0 139.0 Grasp 0
296.0 109.0 259.0 49.0 284.0 33.0 321.0 93.0 Grasp 0
252.0 153.0 210.0 106.0 231.0 87.0 274.0 134.0 Grasp 0
501.0 144.0 439.0 213.0 417.0 193.0 479.0 124.0 Grasp 0
151.0 259.0 121.0 181.0 148.0 171.0 178.0 249.0 Grasp 0
286.0 114.0 247.0 71.0 269.0 51.0 308.0 94.0 Grasp 0
278.0 126.0 236.0 79.0 258.0 59.0 300.0 106.0 Grasp 0
270.0 136.0 227.0 89.0 248.0 69.0 291.0 116.0 Grasp 0
491.0 139.0 430.0 206.0 408.0 186.0 470.0 119.0 Grasp 0
461.0 282.0 445.0 368.0 417.0 363.0 433.0 277.0 Grasp 0
327.0 243.0 277.0 188.0 299.0 168.0 349.0 223.0 Grasp 0
274.0 150.0 185.0 125.0 193.0 96.0 282.0 122.0 Grasp 0
563.0 188.0 519.0 260.0 494.0 245.0 538.0 173.0 Grasp 0
580.0 190.0 563.0 280.0 534.0 275.0 551.0 184.0 Grasp 0
473.0 284.0 473.0 358.0 444.0 358.0 444.0 284.0 Grasp 0
488.0 285.0 488.0 357.0 459.0 357.0 459.0 285.0 Grasp 0
307.0 95.0 272.0 39.0 297.0 24.0 332.0 80.0 Grasp 0
481.0 132.0 421.0 198.0 399.0 178.0 459.0 113.0 Grasp 0
585.0 204.0 543.0 272.0 518.0 257.0 560.0 189.0 Grasp 0
237.0 166.0 195.0 120.0 217.0 101.0 259.0 147.0 Grasp 0
349.0 282.0 349.0 365.0 321.0 365.0 321.0 282.0 Grasp 0
289.0 259.0 252.0 200.0 277.0 184.0 314.0 243.0 Grasp 0
504.0 146.0 457.0 222.0 432.0 207.0 479.0 131.0 Grasp 0
251.0 182.0 136.0 171.0 138.0 142.0 254.0 153.0 Grasp 0
552.0 179.0 507.0 253.0 482.0 238.0 528.0 164.0 Grasp 0
246.0 181.0 154.0 155.0 162.0 128.0 254.0 154.0 Grasp 0
287.0 261.0 272.0 182.0 301.0 177.0 316.0 256.0 Grasp 0
238.0 175.0 180.0 131.0 198.0 108.0 256.0 152.0 Grasp 0
152.0 256.0 135.0 164.0 163.0 159.0 181.0 251.0 Grasp 0
359.0 370.0 342.0 280.0 370.0 274.0 387.0 365.0 Grasp 0
253.0 173.0 162.0 147.0 170.0 119.0 261.0 145.0 Grasp 0
318.0 82.0 281.0 42.0 302.0 22.0 339.0 62.0 Grasp 0
310.0 248.0 273.0 188.0 298.0 172.0 335.0 232.0 Grasp 0
266.0 160.0 177.0 135.0 185.0 107.0 274.0 132.0 Grasp 0
569.0 175.0 550.0 276.0 521.0 270.0 540.0 169.0 Grasp 0
339.0 237.0 266.0 201.0 280.0 175.0 353.0 211.0 Grasp 0
