319.0 243.0 260.0 226.0 268.0 196.0 327.0 213.0 Grasp 0
327.0 320.0 268.0 314.0 271.0 283.0 330.0 288.0 Grasp 0
306.0 32.0 249.0 48.0 241.0 20.0 298.0 4.0 Grasp 0
382.0 365.0 366.0 279.0 395.0 273.0 411.0 360.0 Grasp 0
349.0 296.0 298.0 321.0 284.0 293.0 336.0 268.0 Grasp 0
322.0 249.0 262.0 244.0 265.0 213.0 325.0 218.0 Grasp 0
311.0 55.0 250.0 61.0 248.0 32.0 308.0 27.0 Grasp 0
308.0 71.0 248.0 88.0 240.0 60.0 300.0 43.0 Grasp 0
333.0 307.0 274.0 302.0 277.0 271.0 336.0 276.0 Grasp 0
347.0 267.0 286.0 261.0 289.0 230.0 350.0 235.0 Grasp 0
328.0 261.0 268.0 255.0 271.0 224.0 331.0 230.0 Grasp 0
243.0 363.0 185.0 347.0 193.0 318.0 251.0 335.0 Grasp 0
320.0 337.0 263.0 332.0 266.0 300.0 323.0 306.0 Grasp 0
343.0 278.0 282.0 284.0 279.0 253.0 340.0 247.0 Grasp 0
323.0 233.0 276.0 197.0 294.0 173.0 342.0 209.0 Grasp 0
328.0 290.0 267.0 284.0 270.0 253.0 331.0 259.0 Grasp 0
618.0 276.0 602.0 359.0 572.0 353.0 588.0 271.0 Grasp 0
342.0 240.0 283.0 223.0 292.0 193.0 350.0 210.0 Grasp 0
227.0 370.0 171.0 341.0 184.0 315.0 241.0 343.0 Grasp 0
303.0 50.0 242.0 44.0 245.0 15.0 305.0 21.0 Grasp 0
347.0 320.0 289.0 325.0 286.0 294.0 344.0 289.0 Grasp 0
240.0 349.0 184.0 321.0 197.0 295.0 253.0 323.0 Grasp 0
604.0 274.0 589.0 359.0 559.0 354.0 575.0 269.0 Grasp 0
541.0 204.0 529.0 233.0 496.0 221.0 508.0 191.0 Grasp 0
389.0 283.0 374.0 362.0 344.0 356.0 359.0 278.0 Grasp 0
302.0 75.0 248.0 103.0 235.0 77.0 289.0 50.0 Grasp 0
325.0 42.0 268.0 47.0 266.0 18.0 323.0 13.0 Grasp 0
522.0 83.0 509.0 49.0 542.0 36.0 555.0 70.0 Grasp 0
569.0 257.0 569.0 349.0 539.0 349.0 539.0 257.0 Grasp 0
342.0 254.0 283.0 237.0 292.0 208.0 350.0 224.0 Grasp 0
325.0 267.0 265.0 272.0 262.0 241.0 322.0 236.0 Grasp 0
365.0 370.0 349.0 286.0 379.0 280.0 394.0 364.0 Grasp 0
233.0 353.0 174.0 336.0 182.0 307.0 241.0 324.0 Grasp 0
406.0 283.0 389.0 372.0 360.0 366.0 376.0 278.0 Grasp 0
338.0 337.0 281.0 332.0 283.0 300.0 341.0 305.0 Grasp 0
523.0 93.0 510.0 61.0 542.0 49.0 555.0 81.0 Grasp 0
393.0 367.0 377.0 278.0 406.0 273.0 423.0 361.0 Grasp 0
298.0 61.0 236.0 67.0 233.0 38.0 296.0 32.0 Grasp 0
