355.0 142.0 262.0 115.0 269.0 88.0 363.0 114.0 Grasp 0
519.0 323.0 500.0 372.0 473.0 362.0 492.0 313.0 Grasp 0
416.0 278.0 397.0 173.0 425.0 168.0 444.0 273.0 Grasp 0
365.0 353.0 365.0 274.0 396.0 274.0 396.0 353.0 Grasp 0
377.0 96.0 318.0 52.0 336.0 29.0 394.0 73.0 Grasp 0
465.0 319.0 445.0 371.0 418.0 361.0 438.0 309.0 Grasp 0
392.0 74.0 335.0 31.0 353.0 8.0 410.0 51.0 Grasp 0
399.0 65.0 344.0 23.0 361.0 0.0 416.0 41.0 Grasp 0
356.0 126.0 294.0 79.0 311.0 56.0 374.0 104.0 Grasp 0
362.0 118.0 301.0 71.0 318.0 48.0 379.0 95.0 Grasp 0
371.0 105.0 312.0 60.0 329.0 37.0 388.0 82.0 Grasp 0
451.0 328.0 413.0 370.0 391.0 351.0 430.0 308.0 Grasp 0
263.0 355.0 219.0 284.0 244.0 269.0 288.0 340.0 Grasp 0
384.0 275.0 369.0 354.0 339.0 349.0 354.0 269.0 Grasp 0
337.0 157.0 269.0 105.0 286.0 83.0 354.0 134.0 Grasp 0
491.0 321.0 456.0 376.0 432.0 361.0 466.0 306.0 Grasp 0
497.0 319.0 477.0 372.0 450.0 362.0 471.0 309.0 Grasp 0
347.0 140.0 283.0 91.0 300.0 68.0 364.0 117.0 Grasp 0
490.0 374.0 469.0 319.0 495.0 309.0 516.0 364.0 Grasp 0
374.0 274.0 359.0 354.0 329.0 348.0 344.0 268.0 Grasp 0
383.0 86.0 326.0 43.0 344.0 20.0 401.0 63.0 Grasp 0
451.0 320.0 431.0 371.0 404.0 360.0 424.0 309.0 Grasp 0
509.0 318.0 488.0 372.0 461.0 362.0 482.0 307.0 Grasp 0
444.0 171.0 444.0 270.0 415.0 270.0 415.0 171.0 Grasp 0
436.0 323.0 419.0 366.0 393.0 355.0 409.0 312.0 Grasp 0
469.0 321.0 417.0 377.0 396.0 358.0 448.0 301.0 Grasp 0
482.0 319.0 473.0 368.0 445.0 363.0 454.0 314.0 Grasp 0
