472.0 267.0 377.0 258.0 380.0 229.0 474.0 238.0 Grasp 0
475.0 274.0 399.0 281.0 396.0 253.0 472.0 246.0 Grasp 0
367.0 37.0 272.0 46.0 269.0 15.0 364.0 6.0 Grasp 0
476.0 277.0 414.0 294.0 406.0 267.0 468.0 249.0 Grasp 0
419.0 47.0 401.0 141.0 371.0 135.0 389.0 41.0 Grasp 0
379.0 37.0 321.0 131.0 294.0 114.0 353.0 21.0 Grasp 0
594.0 76.0 500.0 49.0 509.0 19.0 603.0 46.0 Grasp 0
421.0 43.0 421.0 142.0 390.0 142.0 390.0 43.0 Grasp 0
474.0 286.0 425.0 300.0 417.0 273.0 467.0 259.0 Grasp 0
398.0 40.0 380.0 139.0 350.0 133.0 368.0 34.0 Grasp 0
401.0 42.0 339.0 143.0 313.0 126.0 375.0 26.0 Grasp 0
598.0 65.0 506.0 39.0 514.0 9.0 606.0 35.0 Grasp 0
432.0 41.0 432.0 143.0 402.0 143.0 402.0 41.0 Grasp 0
399.0 39.0 399.0 143.0 368.0 143.0 368.0 39.0 Grasp 0
588.0 94.0 498.0 49.0 512.0 21.0 602.0 66.0 Grasp 0
381.0 39.0 345.0 132.0 316.0 121.0 352.0 27.0 Grasp 0
471.0 36.0 471.0 147.0 441.0 147.0 441.0 36.0 Grasp 0
368.0 48.0 269.0 57.0 266.0 26.0 365.0 17.0 Grasp 0
