441.0 182.0 402.0 212.0 384.0 189.0 424.0 159.0 Grasp 0
474.0 238.0 427.0 261.0 415.0 236.0 461.0 212.0 Grasp 0
306.0 157.0 196.0 167.0 194.0 137.0 304.0 127.0 Grasp 0
286.0 318.0 200.0 310.0 203.0 280.0 289.0 288.0 Grasp 0
418.0 157.0 386.0 173.0 373.0 147.0 406.0 131.0 Grasp 0
303.0 223.0 195.0 213.0 198.0 184.0 306.0 194.0 Grasp 0
450.0 193.0 410.0 223.0 393.0 200.0 433.0 170.0 Grasp 0
302.0 284.0 199.0 293.0 196.0 264.0 299.0 254.0 Grasp 0
465.0 214.0 421.0 247.0 404.0 224.0 447.0 191.0 Grasp 0
506.0 284.0 462.0 317.0 445.0 294.0 488.0 261.0 Grasp 0
304.0 143.0 198.0 153.0 196.0 123.0 302.0 113.0 Grasp 0
458.0 207.0 410.0 231.0 397.0 205.0 445.0 181.0 Grasp 0
408.0 128.0 372.0 155.0 355.0 133.0 390.0 105.0 Grasp 0
492.0 262.0 449.0 295.0 432.0 272.0 475.0 239.0 Grasp 0
297.0 268.0 197.0 259.0 200.0 230.0 300.0 239.0 Grasp 0
308.0 200.0 196.0 211.0 194.0 181.0 306.0 171.0 Grasp 0
500.0 275.0 457.0 308.0 439.0 285.0 483.0 252.0 Grasp 0
486.0 249.0 442.0 282.0 425.0 259.0 468.0 226.0 Grasp 0
433.0 176.0 396.0 194.0 383.0 168.0 420.0 150.0 Grasp 0
294.0 284.0 198.0 275.0 200.0 245.0 297.0 254.0 Grasp 0
419.0 134.0 387.0 186.0 363.0 171.0 395.0 119.0 Grasp 0
391.0 75.0 367.0 138.0 340.0 127.0 364.0 65.0 Grasp 0
408.0 114.0 377.0 164.0 352.0 149.0 384.0 98.0 Grasp 0
299.0 257.0 197.0 247.0 200.0 217.0 302.0 227.0 Grasp 0
512.0 295.0 468.0 328.0 451.0 305.0 495.0 272.0 Grasp 0
401.0 100.0 372.0 148.0 347.0 133.0 377.0 85.0 Grasp 0
307.0 173.0 196.0 183.0 194.0 154.0 304.0 143.0 Grasp 0
296.0 99.0 198.0 108.0 196.0 79.0 293.0 70.0 Grasp 0
302.0 240.0 195.0 230.0 198.0 200.0 304.0 210.0 Grasp 0
299.0 115.0 198.0 125.0 195.0 95.0 296.0 86.0 Grasp 0
289.0 304.0 199.0 296.0 202.0 266.0 292.0 275.0 Grasp 0
435.0 153.0 400.0 210.0 375.0 195.0 410.0 138.0 Grasp 0
470.0 222.0 426.0 255.0 409.0 232.0 452.0 199.0 Grasp 0
382.0 53.0 366.0 136.0 338.0 130.0 353.0 48.0 Grasp 0
293.0 88.0 198.0 97.0 195.0 68.0 290.0 59.0 Grasp 0
429.0 145.0 396.0 199.0 371.0 183.0 404.0 130.0 Grasp 0
305.0 118.0 196.0 149.0 188.0 120.0 297.0 90.0 Grasp 0
479.0 246.0 432.0 269.0 420.0 244.0 466.0 221.0 Grasp 0
