286.0 70.0 235.0 108.0 218.0 85.0 268.0 46.0 Grasp 0
407.0 314.0 407.0 386.0 378.0 386.0 378.0 314.0 Grasp 0
490.0 290.0 418.0 269.0 426.0 240.0 499.0 261.0 Grasp 0
401.0 286.0 401.0 359.0 372.0 359.0 372.0 286.0 Grasp 0
506.0 239.0 435.0 219.0 443.0 189.0 514.0 210.0 Grasp 0
285.0 59.0 235.0 97.0 217.0 73.0 267.0 35.0 Grasp 0
318.0 103.0 273.0 153.0 251.0 133.0 296.0 83.0 Grasp 0
353.0 118.0 293.0 163.0 276.0 140.0 336.0 95.0 Grasp 0
248.0 41.0 211.0 81.0 189.0 61.0 226.0 21.0 Grasp 0
500.0 151.0 466.0 154.0 463.0 124.0 497.0 121.0 Grasp 0
306.0 84.0 262.0 133.0 240.0 113.0 284.0 65.0 Grasp 0
336.0 113.0 287.0 166.0 266.0 147.0 314.0 93.0 Grasp 0
257.0 224.0 225.0 276.0 200.0 260.0 232.0 209.0 Grasp 0
295.0 65.0 252.0 112.0 230.0 93.0 273.0 46.0 Grasp 0
519.0 216.0 446.0 196.0 455.0 166.0 528.0 187.0 Grasp 0
262.0 54.0 222.0 99.0 200.0 79.0 240.0 34.0 Grasp 0
267.0 231.0 222.0 266.0 204.0 242.0 249.0 208.0 Grasp 0
243.0 211.0 224.0 262.0 197.0 252.0 216.0 201.0 Grasp 0
317.0 130.0 259.0 173.0 242.0 150.0 299.0 107.0 Grasp 0
272.0 45.0 226.0 80.0 208.0 56.0 255.0 21.0 Grasp 0
512.0 198.0 439.0 178.0 448.0 148.0 520.0 169.0 Grasp 0
504.0 143.0 469.0 140.0 471.0 110.0 506.0 113.0 Grasp 0
515.0 278.0 440.0 271.0 443.0 241.0 518.0 248.0 Grasp 0
391.0 296.0 378.0 366.0 350.0 361.0 363.0 290.0 Grasp 0
379.0 305.0 367.0 373.0 339.0 368.0 351.0 300.0 Grasp 0
363.0 144.0 299.0 193.0 281.0 170.0 346.0 121.0 Grasp 0
301.0 76.0 257.0 125.0 235.0 105.0 279.0 56.0 Grasp 0
334.0 98.0 289.0 148.0 267.0 128.0 313.0 78.0 Grasp 0
529.0 193.0 460.0 173.0 469.0 144.0 537.0 163.0 Grasp 0
375.0 300.0 337.0 360.0 313.0 345.0 350.0 285.0 Grasp 0
503.0 228.0 431.0 207.0 440.0 178.0 511.0 198.0 Grasp 0
510.0 250.0 440.0 230.0 449.0 201.0 519.0 221.0 Grasp 0
384.0 285.0 372.0 352.0 344.0 346.0 356.0 280.0 Grasp 0
308.0 88.0 275.0 142.0 250.0 127.0 283.0 73.0 Grasp 0
391.0 343.0 386.0 318.0 415.0 313.0 419.0 338.0 Grasp 0
266.0 66.0 225.0 111.0 204.0 91.0 244.0 46.0 Grasp 0
514.0 189.0 447.0 240.0 428.0 215.0 495.0 165.0 Grasp 0
394.0 275.0 394.0 346.0 366.0 346.0 366.0 275.0 Grasp 0
515.0 266.0 442.0 260.0 445.0 229.0 518.0 236.0 Grasp 0
496.0 248.0 419.0 255.0 416.0 225.0 493.0 218.0 Grasp 0
258.0 40.0 222.0 80.0 200.0 60.0 236.0 20.0 Grasp 0
373.0 129.0 310.0 177.0 293.0 154.0 355.0 106.0 Grasp 0
522.0 243.0 447.0 250.0 444.0 219.0 519.0 212.0 Grasp 0
350.0 129.0 290.0 175.0 273.0 152.0 333.0 106.0 Grasp 0
395.0 310.0 395.0 380.0 366.0 380.0 366.0 310.0 Grasp 0
284.0 86.0 241.0 134.0 219.0 114.0 263.0 66.0 Grasp 0
380.0 296.0 356.0 360.0 329.0 349.0 353.0 286.0 Grasp 0
506.0 192.0 433.0 199.0 431.0 169.0 503.0 162.0 Grasp 0
377.0 159.0 307.0 194.0 294.0 169.0 365.0 134.0 Grasp 0
249.0 219.0 209.0 263.0 187.0 243.0 228.0 199.0 Grasp 0
398.0 342.0 393.0 312.0 422.0 307.0 428.0 337.0 Grasp 0
494.0 256.0 423.0 236.0 431.0 206.0 503.0 227.0 Grasp 0
338.0 117.0 299.0 179.0 275.0 164.0 313.0 102.0 Grasp 0
347.0 96.0 299.0 150.0 277.0 130.0 326.0 77.0 Grasp 0
310.0 92.0 286.0 155.0 259.0 144.0 283.0 81.0 Grasp 0
385.0 147.0 314.0 183.0 301.0 158.0 373.0 122.0 Grasp 0
