388.0 252.0 359.0 328.0 329.0 317.0 358.0 240.0 Grasp 0
388.0 228.0 358.0 304.0 328.0 293.0 358.0 216.0 Grasp 0
389.0 214.0 335.0 155.0 357.0 134.0 412.0 194.0 Grasp 0
300.0 61.0 253.0 96.0 235.0 72.0 282.0 37.0 Grasp 0
284.0 94.0 232.0 79.0 240.0 51.0 292.0 65.0 Grasp 0
453.0 155.0 448.0 181.0 419.0 176.0 424.0 149.0 Grasp 0
379.0 211.0 315.0 163.0 333.0 139.0 397.0 187.0 Grasp 0
392.0 289.0 321.0 309.0 312.0 279.0 383.0 258.0 Grasp 0
293.0 59.0 240.0 75.0 232.0 47.0 285.0 31.0 Grasp 0
420.0 93.0 340.0 53.0 353.0 27.0 433.0 67.0 Grasp 0
381.0 240.0 338.0 309.0 311.0 292.0 354.0 223.0 Grasp 0
233.0 363.0 200.0 338.0 218.0 315.0 251.0 340.0 Grasp 0
375.0 197.0 332.0 127.0 357.0 112.0 400.0 181.0 Grasp 0
218.0 348.0 190.0 317.0 211.0 297.0 240.0 328.0 Grasp 0
293.0 124.0 245.0 148.0 232.0 122.0 280.0 98.0 Grasp 0
421.0 282.0 406.0 363.0 377.0 358.0 392.0 277.0 Grasp 0
469.0 318.0 450.0 297.0 472.0 277.0 491.0 298.0 Grasp 0
298.0 120.0 247.0 134.0 239.0 106.0 290.0 92.0 Grasp 0
464.0 325.0 446.0 306.0 467.0 286.0 485.0 306.0 Grasp 0
425.0 99.0 333.0 90.0 336.0 61.0 427.0 70.0 Grasp 0
419.0 88.0 347.0 34.0 365.0 10.0 436.0 64.0 Grasp 0
399.0 245.0 330.0 280.0 316.0 251.0 385.0 217.0 Grasp 0
281.0 86.0 237.0 53.0 254.0 29.0 299.0 63.0 Grasp 0
454.0 317.0 438.0 291.0 463.0 276.0 478.0 301.0 Grasp 0
293.0 108.0 241.0 103.0 243.0 74.0 296.0 79.0 Grasp 0
288.0 135.0 239.0 159.0 226.0 133.0 275.0 109.0 Grasp 0
431.0 303.0 422.0 278.0 448.0 267.0 458.0 292.0 Grasp 0
