66.0 184.0 55.0 127.0 85.0 122.0 96.0 178.0 Grasp 0
303.0 311.0 293.0 337.0 265.0 326.0 276.0 300.0 Grasp 0
339.0 150.0 310.0 128.0 328.0 104.0 357.0 126.0 Grasp 0
283.0 190.0 250.0 174.0 263.0 147.0 296.0 164.0 Grasp 0
293.0 175.0 257.0 165.0 265.0 137.0 301.0 147.0 Grasp 0
461.0 201.0 445.0 219.0 424.0 200.0 440.0 182.0 Grasp 0
284.0 337.0 237.0 261.0 262.0 245.0 309.0 321.0 Grasp 0
429.0 154.0 414.0 171.0 393.0 152.0 408.0 135.0 Grasp 0
377.0 114.0 342.0 111.0 345.0 81.0 380.0 84.0 Grasp 0
414.0 132.0 398.0 150.0 377.0 131.0 393.0 113.0 Grasp 0
165.0 161.0 137.0 192.0 116.0 172.0 143.0 142.0 Grasp 0
439.0 179.0 421.0 192.0 404.0 170.0 422.0 156.0 Grasp 0
317.0 162.0 288.0 141.0 306.0 117.0 335.0 139.0 Grasp 0
312.0 220.0 287.0 227.0 279.0 198.0 303.0 191.0 Grasp 0
262.0 37.0 250.0 67.0 224.0 57.0 236.0 27.0 Grasp 0
306.0 172.0 277.0 151.0 295.0 127.0 323.0 149.0 Grasp 0
108.0 124.0 108.0 181.0 77.0 181.0 77.0 124.0 Grasp 0
421.0 154.0 407.0 165.0 390.0 142.0 404.0 131.0 Grasp 0
60.0 185.0 40.0 132.0 68.0 121.0 89.0 174.0 Grasp 0
337.0 282.0 337.0 312.0 308.0 312.0 308.0 282.0 Grasp 0
478.0 213.0 465.0 234.0 441.0 219.0 454.0 198.0 Grasp 0
77.0 248.0 38.0 291.0 15.0 270.0 55.0 227.0 Grasp 0
370.0 119.0 336.0 116.0 339.0 87.0 372.0 91.0 Grasp 0
99.0 303.0 90.0 255.0 120.0 249.0 129.0 297.0 Grasp 0
61.0 159.0 33.0 190.0 12.0 170.0 40.0 140.0 Grasp 0
251.0 40.0 239.0 72.0 212.0 61.0 224.0 29.0 Grasp 0
326.0 147.0 294.0 130.0 307.0 103.0 340.0 120.0 Grasp 0
455.0 191.0 440.0 208.0 419.0 189.0 434.0 172.0 Grasp 0
372.0 287.0 367.0 314.0 338.0 308.0 343.0 281.0 Grasp 0
106.0 258.0 96.0 309.0 67.0 304.0 76.0 252.0 Grasp 0
302.0 45.0 296.0 75.0 268.0 70.0 274.0 40.0 Grasp 0
356.0 138.0 323.0 128.0 331.0 101.0 364.0 110.0 Grasp 0
386.0 110.0 355.0 107.0 357.0 78.0 389.0 81.0 Grasp 0
148.0 147.0 124.0 186.0 99.0 170.0 123.0 131.0 Grasp 0
262.0 73.0 250.0 42.0 277.0 31.0 289.0 63.0 Grasp 0
392.0 102.0 361.0 100.0 364.0 70.0 395.0 72.0 Grasp 0
52.0 158.0 24.0 188.0 3.0 168.0 30.0 138.0 Grasp 0
251.0 71.0 239.0 40.0 266.0 30.0 278.0 61.0 Grasp 0
367.0 133.0 333.0 123.0 341.0 95.0 375.0 105.0 Grasp 0
179.0 185.0 142.0 203.0 128.0 176.0 166.0 158.0 Grasp 0
95.0 257.0 84.0 312.0 54.0 306.0 65.0 251.0 Grasp 0
300.0 172.0 267.0 155.0 280.0 129.0 313.0 145.0 Grasp 0
391.0 129.0 361.0 120.0 369.0 93.0 398.0 101.0 Grasp 0
281.0 31.0 275.0 65.0 246.0 59.0 253.0 26.0 Grasp 0
351.0 287.0 346.0 315.0 316.0 310.0 321.0 281.0 Grasp 0
329.0 286.0 323.0 316.0 294.0 310.0 299.0 280.0 Grasp 0
264.0 163.0 257.0 197.0 229.0 192.0 235.0 157.0 Grasp 0
421.0 65.0 410.0 7.0 438.0 2.0 449.0 60.0 Grasp 0
240.0 71.0 229.0 43.0 256.0 32.0 267.0 61.0 Grasp 0
120.0 127.0 120.0 181.0 91.0 181.0 91.0 127.0 Grasp 0
432.0 168.0 412.0 182.0 395.0 160.0 415.0 145.0 Grasp 0
137.0 290.0 108.0 259.0 131.0 239.0 159.0 270.0 Grasp 0
309.0 298.0 298.0 325.0 271.0 315.0 282.0 288.0 Grasp 0
333.0 155.0 301.0 139.0 314.0 113.0 346.0 129.0 Grasp 0
277.0 154.0 265.0 186.0 237.0 176.0 250.0 143.0 Grasp 0
347.0 139.0 312.0 129.0 320.0 101.0 355.0 111.0 Grasp 0
275.0 40.0 269.0 73.0 241.0 68.0 247.0 35.0 Grasp 0
292.0 273.0 222.0 293.0 214.0 265.0 284.0 245.0 Grasp 0
87.0 254.0 56.0 303.0 30.0 287.0 61.0 238.0 Grasp 0
357.0 316.0 347.0 289.0 375.0 278.0 385.0 305.0 Grasp 0
270.0 31.0 264.0 64.0 236.0 59.0 242.0 26.0 Grasp 0
137.0 141.0 120.0 186.0 91.0 175.0 109.0 130.0 Grasp 0
384.0 286.0 378.0 314.0 349.0 308.0 354.0 281.0 Grasp 0
239.0 36.0 232.0 72.0 204.0 66.0 211.0 31.0 Grasp 0
410.0 144.0 398.0 153.0 381.0 130.0 393.0 121.0 Grasp 0
405.0 134.0 393.0 142.0 376.0 120.0 388.0 111.0 Grasp 0
57.0 232.0 7.0 227.0 10.0 197.0 60.0 202.0 Grasp 0
286.0 41.0 280.0 75.0 252.0 70.0 258.0 36.0 Grasp 0
