323.0 245.0 313.0 300.0 284.0 295.0 294.0 239.0 Grasp 0
506.0 151.0 463.0 104.0 487.0 82.0 530.0 129.0 Grasp 0
451.0 229.0 419.0 178.0 447.0 160.0 478.0 211.0 Grasp 0
444.0 205.0 412.0 154.0 440.0 137.0 471.0 188.0 Grasp 0
492.0 184.0 454.0 123.0 482.0 106.0 520.0 167.0 Grasp 0
361.0 302.0 329.0 337.0 306.0 317.0 338.0 282.0 Grasp 0
226.0 46.0 219.0 5.0 247.0 0.0 255.0 41.0 Grasp 0
300.0 69.0 277.0 86.0 259.0 63.0 282.0 46.0 Grasp 0
310.0 80.0 288.0 97.0 270.0 74.0 293.0 57.0 Grasp 0
246.0 309.0 197.0 272.0 215.0 249.0 264.0 285.0 Grasp 0
361.0 281.0 332.0 327.0 306.0 311.0 335.0 265.0 Grasp 0
342.0 250.0 331.0 309.0 302.0 304.0 313.0 245.0 Grasp 0
246.0 351.0 200.0 316.0 217.0 293.0 263.0 328.0 Grasp 0
219.0 67.0 205.0 31.0 232.0 21.0 246.0 57.0 Grasp 0
347.0 276.0 326.0 331.0 298.0 320.0 319.0 266.0 Grasp 0
516.0 189.0 491.0 125.0 522.0 113.0 546.0 177.0 Grasp 0
345.0 270.0 314.0 320.0 288.0 304.0 319.0 254.0 Grasp 0
230.0 342.0 183.0 306.0 200.0 283.0 248.0 319.0 Grasp 0
226.0 59.0 218.0 18.0 247.0 13.0 254.0 53.0 Grasp 0
363.0 292.0 322.0 323.0 304.0 299.0 345.0 268.0 Grasp 0
324.0 116.0 301.0 127.0 288.0 102.0 311.0 90.0 Grasp 0
434.0 208.0 398.0 150.0 426.0 133.0 462.0 191.0 Grasp 0
362.0 287.0 344.0 333.0 316.0 322.0 334.0 276.0 Grasp 0
455.0 178.0 418.0 118.0 446.0 100.0 483.0 160.0 Grasp 0
242.0 329.0 182.0 312.0 190.0 284.0 249.0 301.0 Grasp 0
349.0 146.0 344.0 173.0 316.0 167.0 321.0 141.0 Grasp 0
243.0 351.0 187.0 335.0 195.0 307.0 251.0 323.0 Grasp 0
422.0 212.0 388.0 157.0 416.0 140.0 450.0 195.0 Grasp 0
315.0 96.0 293.0 113.0 276.0 90.0 298.0 74.0 Grasp 0
223.0 54.0 207.0 13.0 233.0 3.0 249.0 44.0 Grasp 0
281.0 215.0 220.0 169.0 237.0 146.0 298.0 192.0 Grasp 0
246.0 331.0 197.0 294.0 215.0 271.0 264.0 308.0 Grasp 0
329.0 127.0 306.0 138.0 294.0 113.0 317.0 101.0 Grasp 0
493.0 209.0 456.0 149.0 483.0 133.0 521.0 193.0 Grasp 0
439.0 183.0 405.0 128.0 432.0 111.0 467.0 166.0 Grasp 0
351.0 141.0 341.0 166.0 315.0 155.0 324.0 131.0 Grasp 0
259.0 362.0 204.0 346.0 212.0 318.0 267.0 333.0 Grasp 0
332.0 140.0 305.0 148.0 297.0 120.0 324.0 113.0 Grasp 0
450.0 170.0 432.0 140.0 460.0 123.0 478.0 152.0 Grasp 0
376.0 311.0 348.0 342.0 325.0 322.0 354.0 290.0 Grasp 0
415.0 236.0 382.0 183.0 409.0 166.0 442.0 219.0 Grasp 0
410.0 214.0 375.0 156.0 402.0 139.0 438.0 197.0 Grasp 0
353.0 268.0 343.0 322.0 314.0 317.0 324.0 262.0 Grasp 0
344.0 130.0 339.0 157.0 311.0 152.0 316.0 125.0 Grasp 0
256.0 345.0 198.0 328.0 206.0 301.0 264.0 317.0 Grasp 0
304.0 241.0 304.0 297.0 275.0 297.0 275.0 241.0 Grasp 0
299.0 59.0 277.0 75.0 260.0 52.0 282.0 36.0 Grasp 0
506.0 191.0 480.0 126.0 511.0 114.0 536.0 179.0 Grasp 0
476.0 198.0 439.0 138.0 466.0 121.0 503.0 181.0 Grasp 0
405.0 356.0 391.0 371.0 368.0 349.0 382.0 335.0 Grasp 0
277.0 218.0 209.0 184.0 221.0 158.0 289.0 192.0 Grasp 0
262.0 328.0 204.0 311.0 212.0 284.0 270.0 301.0 Grasp 0
440.0 233.0 404.0 174.0 431.0 157.0 468.0 216.0 Grasp 0
456.0 198.0 425.0 148.0 452.0 131.0 484.0 181.0 Grasp 0
377.0 303.0 370.0 340.0 339.0 334.0 345.0 297.0 Grasp 0
331.0 255.0 320.0 312.0 291.0 307.0 302.0 249.0 Grasp 0
324.0 233.0 304.0 284.0 277.0 273.0 297.0 222.0 Grasp 0
499.0 176.0 466.0 122.0 493.0 105.0 526.0 159.0 Grasp 0
209.0 62.0 195.0 27.0 222.0 17.0 236.0 51.0 Grasp 0
252.0 318.0 196.0 290.0 209.0 264.0 265.0 292.0 Grasp 0
497.0 203.0 472.0 138.0 502.0 127.0 527.0 191.0 Grasp 0
386.0 330.0 357.0 351.0 339.0 327.0 368.0 305.0 Grasp 0
334.0 263.0 303.0 313.0 278.0 298.0 309.0 248.0 Grasp 0
272.0 17.0 272.0 61.0 244.0 61.0 244.0 17.0 Grasp 0
472.0 163.0 437.0 107.0 465.0 90.0 500.0 146.0 Grasp 0
397.0 210.0 365.0 159.0 393.0 142.0 425.0 193.0 Grasp 0
469.0 170.0 450.0 139.0 478.0 122.0 497.0 153.0 Grasp 0
263.0 319.0 215.0 283.0 232.0 260.0 280.0 297.0 Grasp 0
462.0 181.0 445.0 152.0 472.0 135.0 490.0 164.0 Grasp 0
393.0 333.0 372.0 356.0 350.0 335.0 370.0 313.0 Grasp 0
339.0 126.0 334.0 151.0 306.0 146.0 310.0 120.0 Grasp 0
507.0 168.0 475.0 116.0 503.0 99.0 535.0 150.0 Grasp 0
281.0 55.0 254.0 63.0 247.0 35.0 273.0 27.0 Grasp 0
266.0 206.0 198.0 173.0 211.0 147.0 279.0 181.0 Grasp 0
424.0 230.0 389.0 174.0 417.0 157.0 452.0 213.0 Grasp 0
373.0 327.0 340.0 344.0 326.0 316.0 359.0 300.0 Grasp 0
253.0 302.0 210.0 255.0 232.0 236.0 274.0 282.0 Grasp 0
245.0 342.0 198.0 306.0 216.0 283.0 263.0 319.0 Grasp 0
470.0 186.0 452.0 158.0 480.0 140.0 498.0 169.0 Grasp 0
388.0 324.0 377.0 352.0 348.0 341.0 359.0 313.0 Grasp 0
355.0 151.0 350.0 178.0 321.0 173.0 327.0 146.0 Grasp 0
