252.0 133.0 198.0 160.0 185.0 133.0 239.0 106.0 Grasp 0
448.0 276.0 434.0 203.0 464.0 197.0 478.0 270.0 Grasp 0
501.0 277.0 441.0 231.0 459.0 208.0 519.0 253.0 Grasp 0
530.0 184.0 530.0 256.0 500.0 256.0 500.0 184.0 Grasp 0
249.0 139.0 189.0 145.0 186.0 115.0 246.0 110.0 Grasp 0
512.0 265.0 473.0 202.0 499.0 186.0 537.0 249.0 Grasp 0
481.0 265.0 441.0 202.0 466.0 187.0 505.0 250.0 Grasp 0
501.0 258.0 451.0 203.0 473.0 183.0 523.0 238.0 Grasp 0
258.0 147.0 207.0 185.0 190.0 162.0 240.0 124.0 Grasp 0
306.0 230.0 267.0 167.0 293.0 151.0 332.0 214.0 Grasp 0
330.0 217.0 280.0 162.0 303.0 141.0 353.0 196.0 Grasp 0
273.0 127.0 215.0 144.0 207.0 115.0 265.0 99.0 Grasp 0
472.0 286.0 434.0 225.0 459.0 210.0 497.0 270.0 Grasp 0
442.0 302.0 421.0 247.0 448.0 236.0 469.0 291.0 Grasp 0
486.0 287.0 447.0 224.0 472.0 208.0 511.0 271.0 Grasp 0
258.0 136.0 207.0 174.0 189.0 151.0 240.0 112.0 Grasp 0
470.0 271.0 431.0 208.0 456.0 192.0 494.0 255.0 Grasp 0
263.0 121.0 203.0 139.0 194.0 110.0 255.0 93.0 Grasp 0
497.0 276.0 459.0 213.0 484.0 198.0 522.0 260.0 Grasp 0
439.0 241.0 439.0 297.0 410.0 297.0 410.0 241.0 Grasp 0
527.0 243.0 483.0 195.0 505.0 175.0 549.0 223.0 Grasp 0
514.0 253.0 477.0 192.0 502.0 177.0 539.0 238.0 Grasp 0
427.0 285.0 416.0 226.0 445.0 221.0 456.0 280.0 Grasp 0
501.0 227.0 458.0 180.0 479.0 160.0 523.0 207.0 Grasp 0
520.0 243.0 464.0 200.0 481.0 177.0 538.0 219.0 Grasp 0
450.0 292.0 428.0 236.0 455.0 225.0 477.0 281.0 Grasp 0
334.0 212.0 296.0 151.0 322.0 135.0 360.0 196.0 Grasp 0
520.0 228.0 448.0 208.0 456.0 179.0 529.0 200.0 Grasp 0
368.0 341.0 326.0 337.0 329.0 309.0 370.0 313.0 Grasp 0
483.0 256.0 455.0 184.0 483.0 173.0 511.0 245.0 Grasp 0
509.0 244.0 448.0 198.0 466.0 174.0 527.0 220.0 Grasp 0
437.0 274.0 426.0 216.0 454.0 210.0 465.0 269.0 Grasp 0
305.0 206.0 267.0 145.0 294.0 129.0 331.0 189.0 Grasp 0
508.0 230.0 471.0 172.0 496.0 156.0 533.0 215.0 Grasp 0
