426.0 103.0 414.0 165.0 385.0 160.0 397.0 98.0 Grasp 0
328.0 51.0 312.0 138.0 284.0 132.0 300.0 46.0 Grasp 0
438.0 79.0 426.0 143.0 396.0 137.0 408.0 74.0 Grasp 0
251.0 260.0 243.0 302.0 215.0 297.0 223.0 255.0 Grasp 0
196.0 300.0 189.0 263.0 217.0 258.0 224.0 295.0 Grasp 0
375.0 56.0 375.0 135.0 346.0 135.0 346.0 56.0 Grasp 0
404.0 94.0 378.0 160.0 351.0 150.0 376.0 83.0 Grasp 0
305.0 51.0 271.0 139.0 244.0 129.0 278.0 41.0 Grasp 0
266.0 240.0 259.0 281.0 231.0 276.0 238.0 234.0 Grasp 0
404.0 67.0 391.0 137.0 362.0 131.0 375.0 62.0 Grasp 0
309.0 299.0 309.0 342.0 279.0 342.0 279.0 299.0 Grasp 0
236.0 269.0 236.0 310.0 208.0 310.0 208.0 269.0 Grasp 0
384.0 81.0 356.0 153.0 329.0 142.0 357.0 70.0 Grasp 0
368.0 80.0 340.0 154.0 312.0 144.0 341.0 70.0 Grasp 0
416.0 93.0 390.0 158.0 362.0 148.0 388.0 82.0 Grasp 0
426.0 73.0 414.0 141.0 384.0 135.0 397.0 67.0 Grasp 0
280.0 253.0 264.0 295.0 237.0 284.0 254.0 242.0 Grasp 0
355.0 58.0 340.0 140.0 311.0 134.0 326.0 52.0 Grasp 0
315.0 309.0 315.0 351.0 285.0 351.0 285.0 309.0 Grasp 0
226.0 255.0 218.0 298.0 190.0 293.0 198.0 250.0 Grasp 0
315.0 60.0 282.0 145.0 255.0 135.0 288.0 50.0 Grasp 0
354.0 373.0 340.0 297.0 369.0 291.0 384.0 368.0 Grasp 0
300.0 347.0 293.0 308.0 322.0 302.0 330.0 342.0 Grasp 0
261.0 261.0 253.0 303.0 225.0 297.0 233.0 256.0 Grasp 0
284.0 369.0 255.0 293.0 283.0 282.0 312.0 358.0 Grasp 0
372.0 91.0 343.0 166.0 316.0 155.0 345.0 81.0 Grasp 0
341.0 297.0 333.0 339.0 303.0 333.0 311.0 291.0 Grasp 0
287.0 37.0 270.0 130.0 242.0 124.0 260.0 32.0 Grasp 0
200.0 311.0 193.0 275.0 221.0 270.0 228.0 306.0 Grasp 0
352.0 70.0 322.0 147.0 295.0 137.0 325.0 59.0 Grasp 0
339.0 40.0 323.0 126.0 294.0 121.0 311.0 34.0 Grasp 0
388.0 93.0 361.0 162.0 334.0 151.0 361.0 82.0 Grasp 0
283.0 321.0 271.0 334.0 249.0 314.0 261.0 301.0 Grasp 0
275.0 41.0 240.0 132.0 214.0 122.0 249.0 31.0 Grasp 0
317.0 343.0 309.0 304.0 339.0 299.0 346.0 337.0 Grasp 0
318.0 33.0 301.0 125.0 273.0 120.0 290.0 28.0 Grasp 0
306.0 339.0 298.0 296.0 328.0 291.0 335.0 333.0 Grasp 0
393.0 78.0 380.0 148.0 351.0 142.0 364.0 72.0 Grasp 0
360.0 340.0 345.0 263.0 375.0 257.0 390.0 335.0 Grasp 0
