336.0 361.0 305.0 312.0 330.0 297.0 361.0 346.0 Grasp 0
336.0 350.0 314.0 293.0 341.0 283.0 363.0 339.0 Grasp 0
300.0 217.0 285.0 256.0 258.0 246.0 273.0 207.0 Grasp 0
454.0 301.0 424.0 252.0 449.0 237.0 479.0 286.0 Grasp 0
342.0 231.0 311.0 215.0 324.0 190.0 355.0 205.0 Grasp 0
384.0 335.0 363.0 280.0 391.0 270.0 412.0 325.0 Grasp 0
478.0 314.0 457.0 258.0 485.0 248.0 506.0 303.0 Grasp 0
327.0 208.0 312.0 245.0 286.0 235.0 300.0 197.0 Grasp 0
308.0 357.0 287.0 302.0 314.0 292.0 336.0 347.0 Grasp 0
267.0 221.0 267.0 255.0 239.0 255.0 239.0 221.0 Grasp 0
367.0 217.0 348.0 187.0 373.0 172.0 391.0 202.0 Grasp 0
435.0 315.0 413.0 258.0 441.0 247.0 463.0 304.0 Grasp 0
396.0 330.0 374.0 274.0 402.0 264.0 424.0 320.0 Grasp 0
435.0 198.0 408.0 185.0 420.0 159.0 447.0 173.0 Grasp 0
320.0 377.0 288.0 324.0 313.0 308.0 346.0 361.0 Grasp 0
428.0 204.0 400.0 190.0 413.0 164.0 440.0 178.0 Grasp 0
319.0 351.0 298.0 296.0 325.0 286.0 347.0 340.0 Grasp 0
368.0 341.0 357.0 283.0 386.0 277.0 397.0 336.0 Grasp 0
418.0 195.0 401.0 168.0 425.0 153.0 442.0 180.0 Grasp 0
433.0 329.0 403.0 280.0 428.0 264.0 458.0 313.0 Grasp 0
402.0 321.0 380.0 263.0 408.0 252.0 430.0 310.0 Grasp 0
358.0 342.0 337.0 288.0 365.0 277.0 386.0 331.0 Grasp 0
467.0 297.0 445.0 242.0 473.0 231.0 494.0 286.0 Grasp 0
287.0 225.0 280.0 265.0 251.0 260.0 259.0 219.0 Grasp 0
421.0 183.0 408.0 214.0 382.0 204.0 394.0 172.0 Grasp 0
401.0 205.0 369.0 189.0 382.0 163.0 414.0 179.0 Grasp 0
461.0 324.0 431.0 274.0 456.0 259.0 486.0 308.0 Grasp 0
429.0 259.0 418.0 318.0 389.0 312.0 400.0 253.0 Grasp 0
451.0 313.0 420.0 263.0 445.0 248.0 476.0 298.0 Grasp 0
414.0 208.0 381.0 198.0 389.0 171.0 422.0 180.0 Grasp 0
364.0 231.0 332.0 215.0 345.0 189.0 377.0 205.0 Grasp 0
300.0 364.0 268.0 312.0 293.0 297.0 325.0 348.0 Grasp 0
369.0 220.0 337.0 205.0 350.0 179.0 381.0 195.0 Grasp 0
374.0 188.0 361.0 221.0 334.0 211.0 347.0 178.0 Grasp 0
384.0 189.0 372.0 221.0 345.0 211.0 358.0 178.0 Grasp 0
375.0 342.0 342.0 289.0 367.0 273.0 400.0 326.0 Grasp 0
449.0 188.0 429.0 167.0 451.0 147.0 470.0 169.0 Grasp 0
359.0 353.0 327.0 302.0 353.0 287.0 384.0 338.0 Grasp 0
421.0 325.0 389.0 273.0 414.0 258.0 446.0 309.0 Grasp 0
386.0 211.0 358.0 190.0 376.0 167.0 403.0 188.0 Grasp 0
412.0 200.0 385.0 180.0 402.0 157.0 429.0 177.0 Grasp 0
311.0 251.0 273.0 240.0 280.0 212.0 319.0 223.0 Grasp 0
389.0 206.0 371.0 177.0 395.0 162.0 413.0 191.0 Grasp 0
317.0 207.0 302.0 246.0 275.0 235.0 290.0 197.0 Grasp 0
401.0 200.0 388.0 167.0 415.0 156.0 427.0 189.0 Grasp 0
413.0 342.0 390.0 284.0 418.0 274.0 440.0 331.0 Grasp 0
337.0 292.0 326.0 351.0 297.0 346.0 308.0 286.0 Grasp 0
326.0 364.0 294.0 313.0 319.0 297.0 351.0 349.0 Grasp 0
321.0 291.0 309.0 352.0 280.0 346.0 292.0 286.0 Grasp 0
382.0 266.0 382.0 330.0 352.0 330.0 352.0 266.0 Grasp 0
408.0 261.0 408.0 322.0 379.0 322.0 379.0 261.0 Grasp 0
441.0 194.0 417.0 176.0 434.0 153.0 459.0 171.0 Grasp 0
332.0 231.0 300.0 215.0 313.0 190.0 344.0 206.0 Grasp 0
466.0 324.0 445.0 269.0 472.0 258.0 494.0 314.0 Grasp 0
421.0 210.0 391.0 195.0 403.0 169.0 434.0 184.0 Grasp 0
424.0 314.0 402.0 259.0 430.0 248.0 451.0 303.0 Grasp 0
341.0 341.0 319.0 284.0 347.0 274.0 368.0 330.0 Grasp 0
381.0 226.0 352.0 204.0 370.0 181.0 398.0 203.0 Grasp 0
401.0 216.0 374.0 196.0 391.0 173.0 418.0 193.0 Grasp 0
323.0 237.0 287.0 220.0 300.0 194.0 336.0 212.0 Grasp 0
416.0 199.0 382.0 189.0 390.0 162.0 424.0 171.0 Grasp 0
433.0 172.0 428.0 202.0 400.0 197.0 406.0 166.0 Grasp 0
358.0 220.0 326.0 205.0 339.0 179.0 371.0 195.0 Grasp 0
400.0 183.0 388.0 216.0 361.0 205.0 373.0 173.0 Grasp 0
444.0 329.0 423.0 275.0 451.0 264.0 472.0 319.0 Grasp 0
467.0 307.0 436.0 258.0 461.0 243.0 492.0 292.0 Grasp 0
440.0 165.0 434.0 197.0 406.0 192.0 412.0 160.0 Grasp 0
353.0 363.0 321.0 312.0 346.0 297.0 378.0 348.0 Grasp 0
429.0 201.0 411.0 173.0 435.0 158.0 453.0 186.0 Grasp 0
432.0 183.0 414.0 211.0 390.0 196.0 408.0 168.0 Grasp 0
488.0 301.0 437.0 262.0 454.0 239.0 506.0 277.0 Grasp 0
396.0 347.0 374.0 290.0 402.0 280.0 423.0 336.0 Grasp 0
383.0 218.0 349.0 209.0 357.0 181.0 391.0 191.0 Grasp 0
379.0 177.0 379.0 212.0 350.0 212.0 350.0 177.0 Grasp 0
247.0 261.0 233.0 223.0 259.0 213.0 274.0 251.0 Grasp 0
359.0 278.0 359.0 338.0 329.0 338.0 329.0 278.0 Grasp 0
355.0 190.0 349.0 225.0 321.0 219.0 327.0 185.0 Grasp 0
347.0 287.0 337.0 344.0 308.0 338.0 318.0 282.0 Grasp 0
336.0 227.0 324.0 194.0 350.0 184.0 363.0 217.0 Grasp 0
408.0 170.0 402.0 203.0 374.0 198.0 380.0 164.0 Grasp 0
466.0 240.0 466.0 298.0 437.0 298.0 437.0 240.0 Grasp 0
340.0 194.0 333.0 233.0 304.0 227.0 312.0 188.0 Grasp 0
339.0 212.0 319.0 245.0 294.0 230.0 315.0 196.0 Grasp 0
424.0 170.0 418.0 203.0 390.0 198.0 396.0 165.0 Grasp 0
394.0 213.0 360.0 203.0 368.0 176.0 402.0 185.0 Grasp 0
336.0 237.0 324.0 205.0 350.0 194.0 363.0 227.0 Grasp 0
410.0 184.0 398.0 216.0 371.0 205.0 384.0 173.0 Grasp 0
274.0 252.0 258.0 211.0 285.0 201.0 301.0 241.0 Grasp 0
