404.0 302.0 348.0 240.0 370.0 220.0 426.0 282.0 Grasp 0
401.0 152.0 371.0 201.0 346.0 185.0 376.0 136.0 Grasp 0
281.0 314.0 192.0 322.0 189.0 292.0 278.0 284.0 Grasp 0
474.0 230.0 415.0 165.0 437.0 145.0 496.0 210.0 Grasp 0
415.0 290.0 358.0 228.0 380.0 208.0 437.0 271.0 Grasp 0
285.0 303.0 195.0 311.0 193.0 281.0 282.0 273.0 Grasp 0
561.0 143.0 489.0 89.0 508.0 65.0 579.0 119.0 Grasp 0
490.0 214.0 431.0 149.0 453.0 129.0 512.0 194.0 Grasp 0
518.0 184.0 459.0 118.0 481.0 98.0 541.0 164.0 Grasp 0
363.0 96.0 348.0 176.0 319.0 170.0 333.0 91.0 Grasp 0
286.0 301.0 197.0 345.0 183.0 318.0 272.0 274.0 Grasp 0
510.0 193.0 450.0 128.0 472.0 108.0 532.0 173.0 Grasp 0
396.0 310.0 340.0 248.0 362.0 228.0 418.0 290.0 Grasp 0
464.0 239.0 406.0 175.0 428.0 155.0 486.0 219.0 Grasp 0
271.0 314.0 200.0 294.0 209.0 266.0 279.0 286.0 Grasp 0
546.0 155.0 485.0 88.0 507.0 68.0 568.0 135.0 Grasp 0
243.0 361.0 188.0 301.0 211.0 281.0 265.0 341.0 Grasp 0
351.0 333.0 332.0 232.0 361.0 227.0 380.0 328.0 Grasp 0
372.0 107.0 357.0 186.0 328.0 181.0 343.0 101.0 Grasp 0
345.0 340.0 314.0 259.0 341.0 248.0 372.0 329.0 Grasp 0
304.0 252.0 213.0 260.0 210.0 230.0 301.0 222.0 Grasp 0
390.0 320.0 323.0 270.0 341.0 247.0 408.0 297.0 Grasp 0
285.0 290.0 205.0 283.0 207.0 253.0 288.0 260.0 Grasp 0
387.0 127.0 362.0 192.0 334.0 181.0 359.0 116.0 Grasp 0
366.0 327.0 336.0 249.0 363.0 239.0 393.0 316.0 Grasp 0
536.0 166.0 475.0 100.0 497.0 79.0 558.0 146.0 Grasp 0
251.0 354.0 188.0 284.0 211.0 264.0 274.0 333.0 Grasp 0
299.0 264.0 208.0 272.0 206.0 242.0 297.0 234.0 Grasp 0
482.0 221.0 423.0 157.0 445.0 136.0 504.0 201.0 Grasp 0
375.0 324.0 341.0 237.0 368.0 226.0 402.0 313.0 Grasp 0
500.0 203.0 440.0 137.0 462.0 117.0 522.0 183.0 Grasp 0
299.0 278.0 197.0 307.0 189.0 278.0 290.0 249.0 Grasp 0
308.0 241.0 224.0 249.0 221.0 219.0 305.0 211.0 Grasp 0
262.0 338.0 192.0 319.0 201.0 290.0 270.0 310.0 Grasp 0
280.0 285.0 212.0 266.0 220.0 237.0 288.0 256.0 Grasp 0
