395.0 260.0 343.0 299.0 325.0 275.0 377.0 235.0 Grasp 0
308.0 118.0 266.0 106.0 274.0 79.0 316.0 91.0 Grasp 0
237.0 283.0 191.0 234.0 212.0 214.0 258.0 264.0 Grasp 0
302.0 155.0 250.0 159.0 247.0 131.0 299.0 126.0 Grasp 0
431.0 275.0 408.0 335.0 381.0 324.0 404.0 264.0 Grasp 0
246.0 266.0 215.0 185.0 242.0 175.0 273.0 256.0 Grasp 0
458.0 161.0 435.0 101.0 462.0 91.0 485.0 150.0 Grasp 0
342.0 73.0 274.0 93.0 266.0 65.0 335.0 46.0 Grasp 0
336.0 203.0 309.0 272.0 282.0 261.0 308.0 192.0 Grasp 0
449.0 288.0 419.0 338.0 394.0 323.0 424.0 273.0 Grasp 0
293.0 145.0 259.0 135.0 267.0 108.0 301.0 117.0 Grasp 0
443.0 164.0 398.0 91.0 422.0 76.0 467.0 149.0 Grasp 0
383.0 254.0 332.0 292.0 314.0 268.0 365.0 230.0 Grasp 0
590.0 144.0 564.0 185.0 540.0 170.0 566.0 129.0 Grasp 0
539.0 68.0 494.0 34.0 512.0 10.0 557.0 44.0 Grasp 0
515.0 99.0 456.0 82.0 464.0 53.0 523.0 70.0 Grasp 0
346.0 198.0 346.0 279.0 317.0 279.0 317.0 198.0 Grasp 0
331.0 56.0 292.0 36.0 304.0 11.0 343.0 30.0 Grasp 0
495.0 116.0 451.0 83.0 469.0 59.0 513.0 92.0 Grasp 0
596.0 144.0 580.0 184.0 554.0 174.0 569.0 134.0 Grasp 0
534.0 128.0 495.0 170.0 474.0 151.0 513.0 108.0 Grasp 0
347.0 54.0 286.0 59.0 283.0 31.0 345.0 25.0 Grasp 0
536.0 85.0 475.0 55.0 488.0 29.0 549.0 59.0 Grasp 0
432.0 287.0 403.0 319.0 380.0 298.0 409.0 266.0 Grasp 0
547.0 131.0 507.0 174.0 486.0 155.0 525.0 112.0 Grasp 0
278.0 204.0 208.0 225.0 200.0 197.0 271.0 177.0 Grasp 0
408.0 269.0 359.0 305.0 340.0 281.0 389.0 244.0 Grasp 0
413.0 95.0 390.0 131.0 366.0 116.0 388.0 80.0 Grasp 0
352.0 43.0 290.0 49.0 288.0 21.0 349.0 15.0 Grasp 0
520.0 98.0 458.0 67.0 472.0 41.0 534.0 71.0 Grasp 0
461.0 302.0 422.0 345.0 400.0 326.0 440.0 282.0 Grasp 0
342.0 64.0 282.0 70.0 279.0 42.0 339.0 36.0 Grasp 0
434.0 161.0 372.0 93.0 393.0 73.0 455.0 141.0 Grasp 0
297.0 129.0 264.0 112.0 276.0 87.0 310.0 103.0 Grasp 0
300.0 126.0 262.0 85.0 283.0 66.0 321.0 106.0 Grasp 0
577.0 139.0 561.0 179.0 534.0 169.0 550.0 128.0 Grasp 0
288.0 186.0 215.0 207.0 207.0 180.0 280.0 159.0 Grasp 0
489.0 179.0 412.0 95.0 434.0 76.0 510.0 160.0 Grasp 0
567.0 137.0 528.0 180.0 507.0 160.0 546.0 118.0 Grasp 0
329.0 71.0 285.0 58.0 293.0 31.0 337.0 44.0 Grasp 0
529.0 76.0 487.0 44.0 505.0 20.0 547.0 52.0 Grasp 0
419.0 276.0 370.0 313.0 351.0 288.0 401.0 251.0 Grasp 0
316.0 92.0 277.0 72.0 289.0 47.0 329.0 66.0 Grasp 0
346.0 308.0 325.0 197.0 355.0 191.0 375.0 303.0 Grasp 0
242.0 271.0 200.0 250.0 212.0 225.0 254.0 246.0 Grasp 0
235.0 285.0 192.0 253.0 209.0 231.0 251.0 263.0 Grasp 0
240.0 277.0 207.0 193.0 234.0 182.0 266.0 266.0 Grasp 0
289.0 176.0 234.0 181.0 231.0 152.0 287.0 147.0 Grasp 0
452.0 284.0 441.0 347.0 412.0 341.0 424.0 278.0 Grasp 0
438.0 289.0 413.0 329.0 389.0 313.0 413.0 273.0 Grasp 0
380.0 223.0 359.0 207.0 377.0 183.0 398.0 199.0 Grasp 0
415.0 264.0 393.0 320.0 366.0 310.0 388.0 253.0 Grasp 0
425.0 278.0 390.0 316.0 367.0 295.0 401.0 257.0 Grasp 0
564.0 135.0 548.0 176.0 522.0 165.0 537.0 125.0 Grasp 0
436.0 181.0 389.0 167.0 398.0 139.0 445.0 152.0 Grasp 0
466.0 303.0 438.0 349.0 413.0 333.0 441.0 288.0 Grasp 0
561.0 61.0 495.0 28.0 509.0 1.0 575.0 34.0 Grasp 0
503.0 183.0 427.0 99.0 448.0 80.0 525.0 164.0 Grasp 0
422.0 95.0 396.0 137.0 372.0 122.0 398.0 80.0 Grasp 0
242.0 276.0 195.0 224.0 216.0 205.0 263.0 257.0 Grasp 0
301.0 120.0 267.0 64.0 291.0 49.0 325.0 105.0 Grasp 0
292.0 139.0 257.0 100.0 278.0 81.0 313.0 120.0 Grasp 0
320.0 83.0 280.0 63.0 293.0 38.0 332.0 58.0 Grasp 0
409.0 275.0 392.0 303.0 365.0 286.0 382.0 258.0 Grasp 0
391.0 261.0 290.0 290.0 281.0 261.0 383.0 232.0 Grasp 0
247.0 266.0 200.0 214.0 221.0 195.0 268.0 247.0 Grasp 0
283.0 207.0 201.0 248.0 189.0 222.0 270.0 182.0 Grasp 0
337.0 85.0 269.0 104.0 261.0 77.0 329.0 57.0 Grasp 0
250.0 260.0 229.0 151.0 257.0 146.0 278.0 254.0 Grasp 0
309.0 138.0 256.0 143.0 254.0 115.0 307.0 110.0 Grasp 0
290.0 169.0 247.0 165.0 250.0 137.0 293.0 141.0 Grasp 0
555.0 132.0 539.0 173.0 512.0 163.0 528.0 122.0 Grasp 0
291.0 135.0 264.0 121.0 276.0 96.0 303.0 109.0 Grasp 0
434.0 297.0 392.0 318.0 378.0 290.0 420.0 269.0 Grasp 0
519.0 93.0 472.0 58.0 490.0 34.0 537.0 70.0 Grasp 0
432.0 287.0 373.0 316.0 359.0 288.0 418.0 258.0 Grasp 0
385.0 222.0 360.0 194.0 382.0 174.0 407.0 202.0 Grasp 0
456.0 130.0 456.0 44.0 486.0 44.0 486.0 130.0 Grasp 0
343.0 202.0 330.0 272.0 300.0 267.0 314.0 196.0 Grasp 0
