447.0 183.0 376.0 176.0 379.0 146.0 449.0 152.0 Grasp 0
244.0 43.0 200.0 92.0 179.0 72.0 223.0 24.0 Grasp 0
444.0 194.0 375.0 187.0 378.0 156.0 447.0 163.0 Grasp 0
506.0 185.0 476.0 137.0 501.0 122.0 530.0 170.0 Grasp 0
537.0 145.0 500.0 104.0 522.0 85.0 559.0 125.0 Grasp 0
540.0 330.0 491.0 354.0 478.0 329.0 528.0 304.0 Grasp 0
166.0 354.0 139.0 310.0 164.0 295.0 191.0 339.0 Grasp 0
510.0 177.0 486.0 114.0 513.0 104.0 537.0 166.0 Grasp 0
192.0 348.0 166.0 279.0 194.0 269.0 221.0 337.0 Grasp 0
544.0 298.0 492.0 355.0 471.0 336.0 523.0 278.0 Grasp 0
542.0 135.0 505.0 94.0 527.0 75.0 564.0 115.0 Grasp 0
540.0 254.0 490.0 336.0 465.0 321.0 516.0 239.0 Grasp 0
448.0 171.0 377.0 165.0 380.0 134.0 451.0 140.0 Grasp 0
436.0 218.0 369.0 199.0 377.0 169.0 445.0 188.0 Grasp 0
174.0 353.0 150.0 289.0 177.0 279.0 202.0 342.0 Grasp 0
525.0 161.0 493.0 109.0 518.0 94.0 550.0 145.0 Grasp 0
261.0 70.0 207.0 157.0 182.0 142.0 236.0 55.0 Grasp 0
546.0 117.0 515.0 83.0 537.0 64.0 568.0 98.0 Grasp 0
546.0 104.0 523.0 87.0 540.0 64.0 563.0 81.0 Grasp 0
240.0 43.0 202.0 71.0 184.0 48.0 222.0 19.0 Grasp 0
451.0 115.0 376.0 122.0 373.0 91.0 448.0 84.0 Grasp 0
249.0 56.0 194.0 115.0 173.0 96.0 227.0 36.0 Grasp 0
209.0 368.0 148.0 301.0 170.0 281.0 232.0 348.0 Grasp 0
447.0 71.0 366.0 78.0 363.0 47.0 444.0 40.0 Grasp 0
449.0 78.0 374.0 100.0 365.0 70.0 441.0 49.0 Grasp 0
540.0 294.0 489.0 332.0 472.0 309.0 523.0 271.0 Grasp 0
422.0 244.0 355.0 193.0 374.0 169.0 440.0 219.0 Grasp 0
503.0 223.0 474.0 147.0 500.0 136.0 530.0 213.0 Grasp 0
416.0 252.0 355.0 207.0 374.0 182.0 434.0 228.0 Grasp 0
460.0 117.0 377.0 141.0 368.0 111.0 451.0 87.0 Grasp 0
