330.0 253.0 310.0 148.0 341.0 142.0 361.0 247.0 Grasp 0
419.0 158.0 419.0 246.0 388.0 246.0 388.0 158.0 Grasp 0
384.0 238.0 365.0 138.0 396.0 133.0 414.0 233.0 Grasp 0
382.0 274.0 364.0 179.0 395.0 174.0 413.0 268.0 Grasp 0
358.0 282.0 320.0 182.0 349.0 171.0 388.0 271.0 Grasp 0
423.0 118.0 366.0 55.0 387.0 35.0 444.0 98.0 Grasp 0
293.0 259.0 275.0 163.0 306.0 157.0 324.0 253.0 Grasp 0
333.0 157.0 333.0 254.0 301.0 254.0 301.0 157.0 Grasp 0
304.0 148.0 304.0 241.0 272.0 241.0 272.0 148.0 Grasp 0
275.0 149.0 275.0 236.0 244.0 236.0 244.0 149.0 Grasp 0
321.0 120.0 321.0 223.0 289.0 223.0 289.0 120.0 Grasp 0
389.0 152.0 389.0 248.0 358.0 248.0 358.0 152.0 Grasp 0
299.0 149.0 281.0 243.0 250.0 237.0 268.0 143.0 Grasp 0
265.0 248.0 246.0 148.0 278.0 142.0 296.0 242.0 Grasp 0
464.0 155.0 433.0 235.0 404.0 224.0 435.0 144.0 Grasp 0
363.0 148.0 363.0 248.0 331.0 248.0 331.0 148.0 Grasp 0
424.0 104.0 365.0 39.0 386.0 20.0 445.0 85.0 Grasp 0
415.0 143.0 375.0 246.0 346.0 235.0 386.0 132.0 Grasp 0
384.0 262.0 332.0 177.0 358.0 160.0 411.0 245.0 Grasp 0
439.0 170.0 439.0 260.0 408.0 260.0 408.0 170.0 Grasp 0
434.0 91.0 418.0 8.0 447.0 3.0 463.0 86.0 Grasp 0
457.0 290.0 359.0 299.0 357.0 270.0 454.0 261.0 Grasp 0
279.0 298.0 200.0 291.0 202.0 262.0 281.0 269.0 Grasp 0
378.0 171.0 378.0 270.0 347.0 270.0 347.0 171.0 Grasp 0
273.0 218.0 254.0 118.0 285.0 113.0 304.0 213.0 Grasp 0
411.0 158.0 393.0 253.0 363.0 247.0 380.0 152.0 Grasp 0
439.0 97.0 389.0 41.0 410.0 22.0 461.0 78.0 Grasp 0
454.0 81.0 414.0 16.0 438.0 1.0 478.0 65.0 Grasp 0
449.0 91.0 397.0 34.0 418.0 15.0 470.0 72.0 Grasp 0
465.0 66.0 406.0 36.0 419.0 11.0 478.0 40.0 Grasp 0
394.0 255.0 343.0 172.0 370.0 156.0 421.0 239.0 Grasp 0
408.0 252.0 390.0 156.0 421.0 150.0 439.0 246.0 Grasp 0
276.0 230.0 238.0 132.0 268.0 120.0 306.0 218.0 Grasp 0
357.0 178.0 339.0 278.0 307.0 272.0 326.0 172.0 Grasp 0
337.0 127.0 337.0 223.0 306.0 223.0 306.0 127.0 Grasp 0
385.0 137.0 366.0 238.0 335.0 232.0 354.0 132.0 Grasp 0
330.0 172.0 310.0 277.0 279.0 271.0 299.0 166.0 Grasp 0
407.0 289.0 363.0 176.0 392.0 165.0 436.0 278.0 Grasp 0
464.0 79.0 396.0 45.0 409.0 19.0 477.0 53.0 Grasp 0
425.0 176.0 363.0 276.0 337.0 259.0 398.0 160.0 Grasp 0
319.0 236.0 278.0 129.0 307.0 118.0 349.0 225.0 Grasp 0
397.0 170.0 357.0 271.0 328.0 260.0 368.0 158.0 Grasp 0
358.0 131.0 340.0 230.0 309.0 224.0 327.0 126.0 Grasp 0
410.0 382.0 340.0 305.0 362.0 285.0 432.0 362.0 Grasp 0
370.0 280.0 331.0 178.0 360.0 167.0 400.0 269.0 Grasp 0
425.0 247.0 410.0 165.0 440.0 160.0 456.0 242.0 Grasp 0
