600.0 144.0 509.0 135.0 512.0 106.0 603.0 115.0 Grasp 0
286.0 170.0 203.0 212.0 190.0 186.0 273.0 144.0 Grasp 0
265.0 132.0 214.0 147.0 206.0 119.0 257.0 104.0 Grasp 0
273.0 159.0 199.0 180.0 191.0 152.0 265.0 131.0 Grasp 0
254.0 113.0 220.0 117.0 217.0 88.0 252.0 84.0 Grasp 0
375.0 154.0 336.0 255.0 309.0 244.0 347.0 144.0 Grasp 0
266.0 156.0 207.0 161.0 205.0 132.0 263.0 127.0 Grasp 0
277.0 134.0 194.0 196.0 176.0 173.0 260.0 110.0 Grasp 0
278.0 161.0 201.0 199.0 188.0 173.0 265.0 134.0 Grasp 0
599.0 234.0 498.0 184.0 511.0 158.0 612.0 208.0 Grasp 0
350.0 145.0 350.0 252.0 321.0 252.0 321.0 145.0 Grasp 0
600.0 179.0 509.0 171.0 511.0 142.0 603.0 150.0 Grasp 0
292.0 276.0 203.0 301.0 195.0 273.0 284.0 247.0 Grasp 0
284.0 301.0 194.0 276.0 202.0 248.0 292.0 273.0 Grasp 0
600.0 221.0 498.0 170.0 511.0 144.0 613.0 195.0 Grasp 0
287.0 292.0 191.0 264.0 199.0 236.0 295.0 263.0 Grasp 0
331.0 258.0 291.0 154.0 318.0 143.0 358.0 248.0 Grasp 0
600.0 200.0 503.0 172.0 511.0 144.0 608.0 171.0 Grasp 0
259.0 129.0 218.0 133.0 215.0 104.0 256.0 100.0 Grasp 0
291.0 277.0 189.0 248.0 197.0 220.0 299.0 249.0 Grasp 0
606.0 119.0 516.0 145.0 508.0 117.0 598.0 91.0 Grasp 0
268.0 141.0 194.0 162.0 186.0 134.0 260.0 113.0 Grasp 0
424.0 337.0 374.0 282.0 395.0 262.0 445.0 317.0 Grasp 0
606.0 151.0 511.0 159.0 508.0 130.0 603.0 121.0 Grasp 0
