310.0 339.0 231.0 299.0 244.0 273.0 323.0 312.0 Grasp 0
321.0 333.0 241.0 293.0 255.0 266.0 334.0 306.0 Grasp 0
234.0 370.0 196.0 328.0 217.0 308.0 256.0 350.0 Grasp 0
244.0 361.0 213.0 311.0 238.0 296.0 268.0 345.0 Grasp 0
263.0 365.0 202.0 319.0 220.0 296.0 280.0 341.0 Grasp 0
278.0 183.0 205.0 190.0 202.0 155.0 275.0 148.0 Grasp 0
445.0 77.0 384.0 175.0 356.0 157.0 417.0 59.0 Grasp 0
347.0 325.0 260.0 282.0 274.0 255.0 361.0 298.0 Grasp 0
287.0 348.0 225.0 302.0 243.0 278.0 305.0 325.0 Grasp 0
261.0 359.0 214.0 308.0 235.0 288.0 282.0 340.0 Grasp 0
337.0 240.0 337.0 327.0 307.0 327.0 307.0 240.0 Grasp 0
270.0 197.0 199.0 177.0 209.0 143.0 279.0 163.0 Grasp 0
337.0 330.0 249.0 286.0 263.0 259.0 350.0 303.0 Grasp 0
355.0 224.0 355.0 314.0 324.0 314.0 324.0 224.0 Grasp 0
269.0 354.0 222.0 303.0 244.0 283.0 291.0 335.0 Grasp 0
240.0 211.0 201.0 148.0 231.0 129.0 270.0 192.0 Grasp 0
277.0 149.0 239.0 210.0 208.0 191.0 247.0 130.0 Grasp 0
346.0 305.0 332.0 230.0 363.0 224.0 377.0 299.0 Grasp 0
289.0 342.0 242.0 291.0 264.0 271.0 311.0 322.0 Grasp 0
255.0 208.0 196.0 164.0 218.0 135.0 276.0 180.0 Grasp 0
262.0 198.0 203.0 154.0 225.0 125.0 283.0 169.0 Grasp 0
