309.0 153.0 248.0 147.0 250.0 118.0 311.0 124.0 Grasp 0
295.0 118.0 230.0 86.0 243.0 60.0 308.0 92.0 Grasp 0
387.0 269.0 349.0 209.0 374.0 194.0 411.0 254.0 Grasp 0
259.0 331.0 247.0 268.0 276.0 262.0 288.0 326.0 Grasp 0
321.0 206.0 272.0 230.0 260.0 204.0 308.0 180.0 Grasp 0
238.0 259.0 226.0 319.0 197.0 314.0 208.0 254.0 Grasp 0
302.0 131.0 238.0 113.0 246.0 85.0 310.0 104.0 Grasp 0
242.0 340.0 231.0 281.0 260.0 275.0 271.0 335.0 Grasp 0
255.0 255.0 255.0 317.0 226.0 317.0 226.0 255.0 Grasp 0
412.0 269.0 361.0 214.0 383.0 194.0 433.0 249.0 Grasp 0
304.0 115.0 248.0 72.0 265.0 49.0 321.0 92.0 Grasp 0
313.0 202.0 265.0 215.0 257.0 188.0 305.0 174.0 Grasp 0
231.0 337.0 219.0 274.0 248.0 269.0 260.0 331.0 Grasp 0
287.0 342.0 264.0 284.0 292.0 274.0 314.0 331.0 Grasp 0
307.0 135.0 238.0 129.0 240.0 100.0 309.0 106.0 Grasp 0
303.0 103.0 282.0 47.0 309.0 37.0 330.0 92.0 Grasp 0
309.0 121.0 247.0 90.0 260.0 64.0 322.0 95.0 Grasp 0
297.0 93.0 237.0 48.0 256.0 23.0 316.0 69.0 Grasp 0
402.0 328.0 362.0 372.0 340.0 352.0 380.0 308.0 Grasp 0
247.0 271.0 236.0 329.0 207.0 324.0 218.0 265.0 Grasp 0
313.0 115.0 267.0 64.0 288.0 45.0 335.0 96.0 Grasp 0
418.0 318.0 396.0 373.0 369.0 363.0 390.0 307.0 Grasp 0
288.0 126.0 226.0 95.0 239.0 69.0 301.0 100.0 Grasp 0
285.0 147.0 244.0 151.0 242.0 122.0 282.0 118.0 Grasp 0
411.0 321.0 378.0 374.0 353.0 359.0 386.0 306.0 Grasp 0
296.0 136.0 233.0 142.0 230.0 113.0 294.0 107.0 Grasp 0
215.0 318.0 204.0 259.0 233.0 254.0 244.0 313.0 Grasp 0
382.0 324.0 335.0 360.0 317.0 336.0 365.0 300.0 Grasp 0
300.0 99.0 266.0 46.0 291.0 30.0 324.0 84.0 Grasp 0
242.0 318.0 231.0 259.0 260.0 253.0 271.0 313.0 Grasp 0
261.0 280.0 250.0 340.0 221.0 334.0 232.0 275.0 Grasp 0
282.0 132.0 216.0 113.0 224.0 86.0 290.0 105.0 Grasp 0
223.0 266.0 223.0 327.0 194.0 327.0 194.0 266.0 Grasp 0
396.0 317.0 357.0 361.0 335.0 341.0 375.0 298.0 Grasp 0
318.0 185.0 279.0 215.0 261.0 191.0 301.0 162.0 Grasp 0
282.0 333.0 250.0 281.0 275.0 266.0 307.0 317.0 Grasp 0
