291.0 155.0 291.0 235.0 256.0 235.0 256.0 155.0 Grasp 0
474.0 101.0 430.0 30.0 455.0 14.0 499.0 86.0 Grasp 0
489.0 79.0 437.0 40.0 455.0 16.0 507.0 55.0 Grasp 0
383.0 202.0 352.0 120.0 385.0 108.0 416.0 189.0 Grasp 0
348.0 214.0 321.0 146.0 354.0 134.0 380.0 201.0 Grasp 0
318.0 227.0 290.0 157.0 323.0 144.0 350.0 214.0 Grasp 0
426.0 63.0 379.0 76.0 370.0 44.0 417.0 31.0 Grasp 0
448.0 129.0 415.0 43.0 443.0 32.0 476.0 118.0 Grasp 0
230.0 82.0 178.0 87.0 175.0 55.0 227.0 51.0 Grasp 0
440.0 128.0 383.0 123.0 387.0 88.0 443.0 93.0 Grasp 0
415.0 44.0 378.0 63.0 363.0 33.0 400.0 15.0 Grasp 0
233.0 53.0 188.0 40.0 197.0 10.0 242.0 23.0 Grasp 0
344.0 225.0 301.0 155.0 330.0 136.0 374.0 206.0 Grasp 0
501.0 66.0 441.0 37.0 454.0 10.0 514.0 40.0 Grasp 0
481.0 90.0 429.0 50.0 446.0 27.0 499.0 66.0 Grasp 0
429.0 167.0 364.0 135.0 380.0 103.0 445.0 136.0 Grasp 0
421.0 178.0 365.0 89.0 396.0 70.0 451.0 159.0 Grasp 0
234.0 91.0 180.0 133.0 160.0 107.0 215.0 66.0 Grasp 0
240.0 64.0 181.0 69.0 178.0 38.0 237.0 33.0 Grasp 0
460.0 116.0 426.0 28.0 453.0 17.0 487.0 105.0 Grasp 0
439.0 151.0 370.0 99.0 392.0 71.0 460.0 122.0 Grasp 0
229.0 126.0 182.0 149.0 168.0 120.0 215.0 96.0 Grasp 0
473.0 95.0 442.0 14.0 469.0 3.0 501.0 85.0 Grasp 0
237.0 78.0 178.0 107.0 164.0 78.0 223.0 49.0 Grasp 0
442.0 106.0 382.0 101.0 385.0 66.0 445.0 72.0 Grasp 0
439.0 84.0 379.0 89.0 376.0 55.0 435.0 49.0 Grasp 0
279.0 165.0 226.0 223.0 201.0 200.0 254.0 142.0 Grasp 0
244.0 146.0 216.0 218.0 184.0 206.0 212.0 134.0 Grasp 0
238.0 149.0 196.0 195.0 171.0 172.0 213.0 126.0 Grasp 0
311.0 152.0 311.0 234.0 276.0 234.0 276.0 152.0 Grasp 0
397.0 195.0 366.0 114.0 399.0 102.0 430.0 182.0 Grasp 0
224.0 104.0 176.0 108.0 173.0 77.0 221.0 72.0 Grasp 0
373.0 208.0 332.0 142.0 362.0 123.0 402.0 189.0 Grasp 0
407.0 189.0 354.0 131.0 380.0 107.0 433.0 165.0 Grasp 0
230.0 114.0 181.0 139.0 167.0 110.0 216.0 85.0 Grasp 0
232.0 140.0 187.0 174.0 167.0 147.0 212.0 113.0 Grasp 0
240.0 66.0 176.0 98.0 162.0 69.0 225.0 38.0 Grasp 0
