264.0 68.0 197.0 62.0 199.0 34.0 267.0 40.0 Grasp 0
618.0 87.0 544.0 80.0 546.0 51.0 620.0 58.0 Grasp 0
610.0 134.0 539.0 127.0 541.0 97.0 613.0 104.0 Grasp 0
370.0 343.0 332.0 282.0 361.0 265.0 398.0 326.0 Grasp 0
356.0 323.0 331.0 259.0 362.0 248.0 386.0 311.0 Grasp 0
250.0 57.0 183.0 38.0 191.0 10.0 258.0 29.0 Grasp 0
433.0 313.0 389.0 241.0 418.0 223.0 462.0 295.0 Grasp 0
437.0 284.0 381.0 223.0 405.0 201.0 461.0 262.0 Grasp 0
594.0 79.0 521.0 86.0 518.0 57.0 592.0 50.0 Grasp 0
596.0 102.0 526.0 95.0 528.0 66.0 599.0 73.0 Grasp 0
619.0 75.0 546.0 68.0 549.0 39.0 622.0 45.0 Grasp 0
587.0 145.0 516.0 138.0 519.0 109.0 590.0 115.0 Grasp 0
471.0 14.0 460.0 43.0 434.0 32.0 445.0 4.0 Grasp 0
613.0 105.0 541.0 112.0 539.0 82.0 610.0 75.0 Grasp 0
244.0 45.0 213.0 30.0 226.0 3.0 257.0 19.0 Grasp 0
597.0 118.0 527.0 111.0 530.0 82.0 599.0 88.0 Grasp 0
599.0 59.0 531.0 53.0 534.0 24.0 601.0 30.0 Grasp 0
358.0 360.0 320.0 298.0 348.0 281.0 386.0 343.0 Grasp 0
260.0 70.0 193.0 76.0 190.0 47.0 257.0 41.0 Grasp 0
394.0 339.0 346.0 287.0 370.0 265.0 418.0 317.0 Grasp 0
424.0 309.0 367.0 247.0 391.0 224.0 449.0 287.0 Grasp 0
480.0 11.0 473.0 44.0 446.0 39.0 452.0 5.0 Grasp 0
359.0 105.0 337.0 94.0 350.0 68.0 372.0 79.0 Grasp 0
586.0 30.0 543.0 34.0 540.0 5.0 583.0 1.0 Grasp 0
357.0 117.0 319.0 113.0 322.0 83.0 360.0 86.0 Grasp 0
389.0 327.0 362.0 258.0 393.0 246.0 420.0 315.0 Grasp 0
425.0 217.0 425.0 312.0 392.0 312.0 392.0 217.0 Grasp 0
577.0 135.0 507.0 128.0 509.0 99.0 580.0 105.0 Grasp 0
611.0 144.0 539.0 138.0 542.0 108.0 613.0 115.0 Grasp 0
412.0 312.0 396.0 228.0 429.0 222.0 445.0 306.0 Grasp 0
256.0 81.0 193.0 99.0 185.0 72.0 248.0 54.0 Grasp 0
