369.0 287.0 304.0 254.0 318.0 227.0 383.0 259.0 Grasp 0
518.0 177.0 502.0 218.0 473.0 207.0 489.0 166.0 Grasp 0
296.0 393.0 225.0 373.0 233.0 344.0 304.0 365.0 Grasp 0
588.0 257.0 549.0 300.0 527.0 281.0 567.0 237.0 Grasp 0
290.0 383.0 268.0 267.0 298.0 261.0 320.0 378.0 Grasp 0
387.0 267.0 312.0 246.0 320.0 216.0 395.0 237.0 Grasp 0
417.0 106.0 360.0 111.0 357.0 80.0 415.0 75.0 Grasp 0
299.0 159.0 216.0 152.0 218.0 122.0 301.0 130.0 Grasp 0
580.0 250.0 537.0 297.0 516.0 278.0 559.0 231.0 Grasp 0
421.0 73.0 359.0 42.0 373.0 14.0 435.0 45.0 Grasp 0
454.0 53.0 357.0 44.0 360.0 12.0 457.0 21.0 Grasp 0
376.0 302.0 266.0 312.0 263.0 282.0 373.0 272.0 Grasp 0
377.0 265.0 323.0 224.0 342.0 199.0 395.0 240.0 Grasp 0
331.0 362.0 226.0 372.0 223.0 342.0 329.0 332.0 Grasp 0
574.0 246.0 511.0 294.0 494.0 271.0 557.0 224.0 Grasp 0
313.0 120.0 220.0 112.0 223.0 83.0 315.0 91.0 Grasp 0
284.0 175.0 211.0 139.0 224.0 113.0 297.0 149.0 Grasp 0
341.0 320.0 289.0 264.0 312.0 243.0 363.0 299.0 Grasp 0
308.0 113.0 225.0 89.0 233.0 61.0 316.0 85.0 Grasp 0
277.0 234.0 201.0 318.0 179.0 298.0 256.0 214.0 Grasp 0
303.0 366.0 281.0 250.0 311.0 244.0 333.0 360.0 Grasp 0
418.0 86.0 356.0 80.0 359.0 49.0 421.0 55.0 Grasp 0
454.0 110.0 454.0 194.0 422.0 194.0 422.0 110.0 Grasp 0
356.0 297.0 311.0 225.0 337.0 208.0 382.0 281.0 Grasp 0
611.0 29.0 573.0 58.0 554.0 33.0 592.0 5.0 Grasp 0
624.0 97.0 580.0 110.0 571.0 81.0 616.0 68.0 Grasp 0
267.0 236.0 196.0 256.0 188.0 227.0 259.0 207.0 Grasp 0
612.0 176.0 563.0 152.0 577.0 124.0 625.0 148.0 Grasp 0
440.0 65.0 358.0 72.0 355.0 41.0 437.0 34.0 Grasp 0
478.0 155.0 452.0 196.0 425.0 180.0 451.0 138.0 Grasp 0
273.0 235.0 193.0 275.0 180.0 248.0 259.0 209.0 Grasp 0
441.0 129.0 394.0 153.0 380.0 125.0 427.0 101.0 Grasp 0
538.0 229.0 517.0 175.0 546.0 163.0 567.0 218.0 Grasp 0
298.0 144.0 218.0 122.0 226.0 94.0 306.0 116.0 Grasp 0
355.0 305.0 290.0 273.0 304.0 245.0 369.0 278.0 Grasp 0
567.0 245.0 481.0 287.0 468.0 262.0 554.0 219.0 Grasp 0
424.0 114.0 373.0 129.0 365.0 99.0 415.0 84.0 Grasp 0
303.0 148.0 218.0 140.0 220.0 111.0 306.0 119.0 Grasp 0
532.0 179.0 503.0 225.0 477.0 209.0 506.0 163.0 Grasp 0
354.0 300.0 300.0 258.0 318.0 234.0 373.0 275.0 Grasp 0
454.0 143.0 425.0 175.0 402.0 154.0 432.0 122.0 Grasp 0
349.0 323.0 272.0 301.0 280.0 272.0 358.0 294.0 Grasp 0
309.0 380.0 232.0 358.0 240.0 329.0 317.0 351.0 Grasp 0
348.0 342.0 240.0 352.0 237.0 322.0 345.0 311.0 Grasp 0
499.0 173.0 476.0 211.0 449.0 195.0 473.0 156.0 Grasp 0
619.0 67.0 579.0 78.0 571.0 48.0 611.0 37.0 Grasp 0
623.0 125.0 582.0 129.0 579.0 98.0 621.0 95.0 Grasp 0
345.0 318.0 283.0 287.0 296.0 260.0 359.0 291.0 Grasp 0
472.0 135.0 460.0 199.0 430.0 193.0 442.0 129.0 Grasp 0
370.0 277.0 316.0 236.0 335.0 212.0 388.0 252.0 Grasp 0
624.0 84.0 585.0 95.0 576.0 66.0 615.0 54.0 Grasp 0
419.0 82.0 355.0 63.0 364.0 33.0 427.0 52.0 Grasp 0
528.0 231.0 505.0 172.0 534.0 161.0 557.0 220.0 Grasp 0
523.0 178.0 516.0 218.0 486.0 212.0 493.0 173.0 Grasp 0
278.0 248.0 237.0 314.0 212.0 299.0 253.0 233.0 Grasp 0
235.0 205.0 235.0 314.0 205.0 314.0 205.0 205.0 Grasp 0
355.0 332.0 247.0 342.0 244.0 312.0 353.0 302.0 Grasp 0
409.0 103.0 345.0 55.0 364.0 30.0 428.0 78.0 Grasp 0
626.0 134.0 576.0 139.0 573.0 108.0 623.0 104.0 Grasp 0
617.0 52.0 577.0 72.0 563.0 44.0 603.0 24.0 Grasp 0
449.0 139.0 412.0 167.0 393.0 142.0 430.0 114.0 Grasp 0
311.0 107.0 225.0 41.0 243.0 18.0 329.0 83.0 Grasp 0
434.0 123.0 379.0 138.0 370.0 108.0 426.0 93.0 Grasp 0
510.0 175.0 485.0 216.0 459.0 200.0 484.0 159.0 Grasp 0
