95.0 206.0 46.0 286.0 20.0 270.0 70.0 190.0 Grasp 0
548.0 312.0 480.0 293.0 488.0 264.0 556.0 284.0 Grasp 0
564.0 260.0 506.0 231.0 519.0 204.0 577.0 233.0 Grasp 0
285.0 82.0 267.0 127.0 241.0 117.0 258.0 72.0 Grasp 0
360.0 80.0 313.0 57.0 327.0 31.0 373.0 54.0 Grasp 0
539.0 326.0 474.0 307.0 482.0 279.0 547.0 297.0 Grasp 0
600.0 190.0 536.0 172.0 544.0 144.0 608.0 162.0 Grasp 0
596.0 204.0 529.0 185.0 537.0 156.0 604.0 175.0 Grasp 0
580.0 240.0 512.0 221.0 520.0 193.0 588.0 212.0 Grasp 0
117.0 233.0 56.0 299.0 34.0 279.0 95.0 212.0 Grasp 0
274.0 75.0 256.0 119.0 230.0 109.0 247.0 64.0 Grasp 0
532.0 338.0 470.0 320.0 478.0 292.0 540.0 310.0 Grasp 0
598.0 184.0 542.0 156.0 555.0 130.0 611.0 158.0 Grasp 0
558.0 282.0 499.0 237.0 517.0 214.0 576.0 258.0 Grasp 0
89.0 216.0 69.0 319.0 39.0 314.0 58.0 210.0 Grasp 0
373.0 122.0 306.0 196.0 284.0 176.0 351.0 103.0 Grasp 0
363.0 58.0 326.0 55.0 328.0 25.0 366.0 28.0 Grasp 0
548.0 299.0 491.0 256.0 509.0 232.0 566.0 275.0 Grasp 0
107.0 219.0 30.0 277.0 12.0 253.0 89.0 195.0 Grasp 0
313.0 96.0 296.0 189.0 266.0 184.0 284.0 90.0 Grasp 0
358.0 100.0 309.0 75.0 322.0 49.0 372.0 73.0 Grasp 0
69.0 197.0 18.0 236.0 0.0 212.0 51.0 174.0 Grasp 0
555.0 294.0 489.0 276.0 497.0 247.0 563.0 266.0 Grasp 0
106.0 228.0 47.0 292.0 24.0 271.0 83.0 207.0 Grasp 0
83.0 199.0 33.0 254.0 12.0 234.0 61.0 180.0 Grasp 0
92.0 205.0 38.0 265.0 16.0 245.0 70.0 186.0 Grasp 0
128.0 260.0 62.0 311.0 43.0 286.0 109.0 235.0 Grasp 0
302.0 94.0 275.0 162.0 248.0 151.0 274.0 83.0 Grasp 0
378.0 148.0 303.0 92.0 320.0 68.0 395.0 125.0 Grasp 0
589.0 217.0 523.0 198.0 531.0 170.0 597.0 189.0 Grasp 0
295.0 89.0 272.0 147.0 245.0 137.0 267.0 79.0 Grasp 0
371.0 122.0 307.0 90.0 321.0 64.0 384.0 96.0 Grasp 0
370.0 177.0 297.0 97.0 319.0 77.0 392.0 157.0 Grasp 0
111.0 307.0 51.0 242.0 74.0 220.0 134.0 286.0 Grasp 0
70.0 188.0 27.0 257.0 2.0 242.0 45.0 172.0 Grasp 0
375.0 136.0 285.0 180.0 272.0 154.0 362.0 109.0 Grasp 0
585.0 231.0 516.0 212.0 524.0 183.0 593.0 203.0 Grasp 0
114.0 304.0 66.0 226.0 92.0 210.0 140.0 288.0 Grasp 0
563.0 276.0 496.0 257.0 504.0 229.0 571.0 248.0 Grasp 0
130.0 269.0 38.0 295.0 30.0 265.0 121.0 239.0 Grasp 0
543.0 307.0 484.0 278.0 498.0 251.0 556.0 281.0 Grasp 0
536.0 322.0 480.0 279.0 497.0 256.0 554.0 298.0 Grasp 0
369.0 47.0 329.0 58.0 321.0 30.0 361.0 18.0 Grasp 0
609.0 177.0 537.0 184.0 534.0 154.0 606.0 148.0 Grasp 0
129.0 298.0 31.0 289.0 34.0 258.0 132.0 267.0 Grasp 0
315.0 91.0 315.0 204.0 285.0 204.0 285.0 91.0 Grasp 0
95.0 309.0 63.0 225.0 92.0 214.0 124.0 298.0 Grasp 0
530.0 332.0 476.0 291.0 493.0 267.0 548.0 309.0 Grasp 0
96.0 214.0 17.0 254.0 4.0 227.0 83.0 188.0 Grasp 0
591.0 204.0 533.0 161.0 551.0 137.0 609.0 180.0 Grasp 0
522.0 348.0 468.0 307.0 486.0 284.0 540.0 325.0 Grasp 0
264.0 82.0 243.0 106.0 222.0 86.0 243.0 63.0 Grasp 0
117.0 224.0 78.0 323.0 50.0 312.0 88.0 213.0 Grasp 0
369.0 182.0 276.0 173.0 279.0 144.0 372.0 153.0 Grasp 0
108.0 312.0 29.0 253.0 48.0 228.0 127.0 287.0 Grasp 0
568.0 259.0 509.0 214.0 526.0 191.0 586.0 236.0 Grasp 0
260.0 71.0 239.0 105.0 214.0 90.0 236.0 56.0 Grasp 0
363.0 172.0 260.0 95.0 278.0 71.0 381.0 149.0 Grasp 0
