314.0 283.0 271.0 236.0 295.0 214.0 338.0 261.0 Grasp 0
357.0 183.0 302.0 188.0 299.0 158.0 354.0 153.0 Grasp 0
293.0 298.0 247.0 263.0 267.0 236.0 313.0 271.0 Grasp 0
269.0 320.0 227.0 275.0 252.0 252.0 294.0 297.0 Grasp 0
481.0 171.0 467.0 164.0 480.0 138.0 494.0 145.0 Grasp 0
263.0 332.0 222.0 287.0 247.0 265.0 287.0 309.0 Grasp 0
346.0 259.0 328.0 213.0 357.0 202.0 375.0 248.0 Grasp 0
324.0 299.0 285.0 256.0 309.0 234.0 348.0 277.0 Grasp 0
312.0 304.0 250.0 287.0 260.0 255.0 321.0 272.0 Grasp 0
341.0 281.0 302.0 238.0 325.0 216.0 364.0 259.0 Grasp 0
307.0 308.0 274.0 255.0 302.0 238.0 335.0 291.0 Grasp 0
397.0 202.0 387.0 254.0 357.0 248.0 366.0 197.0 Grasp 0
319.0 278.0 286.0 225.0 314.0 207.0 347.0 261.0 Grasp 0
488.0 162.0 477.0 150.0 499.0 130.0 510.0 142.0 Grasp 0
282.0 296.0 260.0 239.0 290.0 227.0 313.0 284.0 Grasp 0
274.0 320.0 243.0 270.0 272.0 252.0 303.0 302.0 Grasp 0
315.0 228.0 301.0 303.0 269.0 297.0 283.0 222.0 Grasp 0
294.0 325.0 241.0 285.0 261.0 259.0 314.0 299.0 Grasp 0
352.0 257.0 343.0 211.0 374.0 205.0 383.0 251.0 Grasp 0
352.0 261.0 317.0 222.0 340.0 200.0 376.0 239.0 Grasp 0
453.0 189.0 438.0 181.0 451.0 155.0 466.0 163.0 Grasp 0
269.0 301.0 247.0 244.0 278.0 233.0 300.0 290.0 Grasp 0
317.0 300.0 266.0 275.0 280.0 246.0 331.0 271.0 Grasp 0
295.0 314.0 262.0 261.0 290.0 244.0 323.0 297.0 Grasp 0
414.0 202.0 396.0 248.0 367.0 237.0 385.0 191.0 Grasp 0
303.0 319.0 249.0 278.0 269.0 252.0 323.0 292.0 Grasp 0
336.0 293.0 297.0 249.0 320.0 228.0 360.0 271.0 Grasp 0
319.0 301.0 296.0 244.0 326.0 232.0 349.0 289.0 Grasp 0
306.0 294.0 275.0 244.0 303.0 227.0 334.0 277.0 Grasp 0
312.0 292.0 265.0 256.0 284.0 230.0 332.0 266.0 Grasp 0
300.0 312.0 236.0 294.0 245.0 261.0 309.0 279.0 Grasp 0
352.0 192.0 300.0 207.0 292.0 179.0 344.0 164.0 Grasp 0
