398.0 116.0 364.0 78.0 385.0 59.0 419.0 96.0 Grasp 0
528.0 275.0 485.0 322.0 464.0 302.0 507.0 255.0 Grasp 0
446.0 90.0 403.0 57.0 420.0 35.0 464.0 68.0 Grasp 0
342.0 283.0 312.0 316.0 291.0 297.0 321.0 264.0 Grasp 0
441.0 62.0 403.0 20.0 424.0 1.0 463.0 43.0 Grasp 0
324.0 266.0 281.0 270.0 279.0 241.0 321.0 237.0 Grasp 0
487.0 239.0 444.0 286.0 423.0 267.0 466.0 220.0 Grasp 0
470.0 189.0 434.0 247.0 409.0 232.0 445.0 174.0 Grasp 0
299.0 69.0 276.0 106.0 251.0 91.0 274.0 53.0 Grasp 0
515.0 261.0 472.0 307.0 451.0 288.0 493.0 241.0 Grasp 0
375.0 315.0 345.0 347.0 324.0 328.0 354.0 295.0 Grasp 0
322.0 161.0 269.0 187.0 256.0 161.0 309.0 135.0 Grasp 0
438.0 170.0 397.0 235.0 373.0 220.0 414.0 155.0 Grasp 0
505.0 235.0 473.0 286.0 448.0 271.0 480.0 220.0 Grasp 0
493.0 218.0 460.0 271.0 436.0 256.0 469.0 203.0 Grasp 0
329.0 296.0 286.0 300.0 283.0 272.0 327.0 268.0 Grasp 0
542.0 250.0 510.0 303.0 485.0 288.0 518.0 235.0 Grasp 0
342.0 304.0 313.0 336.0 292.0 317.0 321.0 285.0 Grasp 0
550.0 284.0 511.0 327.0 489.0 308.0 529.0 264.0 Grasp 0
363.0 309.0 334.0 341.0 313.0 322.0 342.0 290.0 Grasp 0
333.0 175.0 285.0 212.0 267.0 188.0 315.0 151.0 Grasp 0
477.0 233.0 432.0 282.0 411.0 262.0 456.0 213.0 Grasp 0
515.0 240.0 483.0 291.0 458.0 276.0 490.0 225.0 Grasp 0
397.0 97.0 363.0 59.0 384.0 40.0 418.0 78.0 Grasp 0
442.0 204.0 393.0 257.0 372.0 238.0 421.0 185.0 Grasp 0
337.0 294.0 307.0 326.0 286.0 307.0 316.0 274.0 Grasp 0
479.0 195.0 444.0 252.0 419.0 237.0 455.0 180.0 Grasp 0
500.0 69.0 457.0 22.0 479.0 3.0 521.0 50.0 Grasp 0
363.0 324.0 329.0 349.0 312.0 327.0 346.0 301.0 Grasp 0
260.0 187.0 253.0 228.0 224.0 223.0 232.0 182.0 Grasp 0
504.0 256.0 462.0 302.0 441.0 282.0 483.0 236.0 Grasp 0
453.0 69.0 422.0 19.0 446.0 4.0 477.0 54.0 Grasp 0
459.0 188.0 422.0 247.0 398.0 232.0 434.0 173.0 Grasp 0
300.0 269.0 257.0 265.0 259.0 236.0 303.0 241.0 Grasp 0
322.0 45.0 292.0 94.0 265.0 77.0 295.0 29.0 Grasp 0
290.0 51.0 274.0 93.0 245.0 82.0 261.0 40.0 Grasp 0
324.0 163.0 269.0 204.0 251.0 181.0 306.0 139.0 Grasp 0
317.0 104.0 291.0 63.0 317.0 47.0 342.0 89.0 Grasp 0
447.0 178.0 410.0 238.0 386.0 223.0 423.0 163.0 Grasp 0
487.0 216.0 442.0 264.0 421.0 245.0 466.0 197.0 Grasp 0
507.0 228.0 464.0 275.0 443.0 256.0 486.0 209.0 Grasp 0
353.0 289.0 323.0 321.0 302.0 302.0 332.0 269.0 Grasp 0
415.0 110.0 380.0 72.0 401.0 52.0 436.0 91.0 Grasp 0
300.0 97.0 266.0 60.0 289.0 40.0 322.0 76.0 Grasp 0
432.0 96.0 395.0 55.0 416.0 35.0 453.0 76.0 Grasp 0
323.0 64.0 288.0 102.0 266.0 81.0 300.0 43.0 Grasp 0
425.0 103.0 388.0 62.0 409.0 43.0 446.0 84.0 Grasp 0
523.0 250.0 490.0 303.0 466.0 288.0 498.0 235.0 Grasp 0
432.0 70.0 394.0 28.0 415.0 8.0 454.0 51.0 Grasp 0
542.0 278.0 501.0 323.0 480.0 303.0 521.0 258.0 Grasp 0
443.0 153.0 402.0 219.0 378.0 204.0 419.0 138.0 Grasp 0
359.0 299.0 328.0 333.0 307.0 313.0 337.0 280.0 Grasp 0
554.0 262.0 523.0 313.0 498.0 297.0 529.0 247.0 Grasp 0
353.0 278.0 323.0 311.0 302.0 292.0 332.0 259.0 Grasp 0
415.0 86.0 378.0 45.0 400.0 26.0 436.0 66.0 Grasp 0
368.0 298.0 339.0 330.0 318.0 311.0 347.0 279.0 Grasp 0
460.0 217.0 415.0 266.0 394.0 247.0 439.0 197.0 Grasp 0
346.0 159.0 297.0 196.0 279.0 173.0 329.0 135.0 Grasp 0
425.0 82.0 388.0 41.0 409.0 22.0 446.0 63.0 Grasp 0
321.0 287.0 278.0 299.0 271.0 272.0 313.0 259.0 Grasp 0
447.0 82.0 409.0 40.0 430.0 21.0 469.0 63.0 Grasp 0
407.0 134.0 373.0 97.0 394.0 78.0 428.0 115.0 Grasp 0
325.0 150.0 272.0 165.0 264.0 137.0 317.0 122.0 Grasp 0
353.0 315.0 323.0 348.0 302.0 329.0 332.0 296.0 Grasp 0
330.0 281.0 286.0 285.0 283.0 256.0 327.0 252.0 Grasp 0
317.0 115.0 283.0 77.0 305.0 57.0 339.0 94.0 Grasp 0
308.0 54.0 283.0 94.0 257.0 78.0 282.0 38.0 Grasp 0
472.0 222.0 427.0 271.0 406.0 252.0 451.0 202.0 Grasp 0
246.0 186.0 232.0 223.0 204.0 212.0 219.0 175.0 Grasp 0
529.0 234.0 496.0 287.0 471.0 272.0 504.0 219.0 Grasp 0
410.0 96.0 373.0 56.0 395.0 36.0 431.0 76.0 Grasp 0
369.0 302.0 330.0 322.0 317.0 297.0 356.0 277.0 Grasp 0
300.0 75.0 283.0 117.0 255.0 106.0 271.0 64.0 Grasp 0
387.0 111.0 353.0 74.0 374.0 55.0 408.0 92.0 Grasp 0
428.0 170.0 388.0 235.0 363.0 220.0 404.0 155.0 Grasp 0
313.0 103.0 275.0 61.0 297.0 40.0 336.0 82.0 Grasp 0
493.0 250.0 451.0 297.0 430.0 277.0 472.0 231.0 Grasp 0
487.0 75.0 447.0 31.0 469.0 12.0 509.0 56.0 Grasp 0
456.0 79.0 418.0 37.0 439.0 18.0 477.0 60.0 Grasp 0
