293.0 202.0 213.0 210.0 211.0 179.0 290.0 172.0 Grasp 0
620.0 194.0 559.0 239.0 540.0 214.0 601.0 168.0 Grasp 0
626.0 253.0 556.0 273.0 548.0 243.0 618.0 223.0 Grasp 0
415.0 312.0 394.0 346.0 367.0 330.0 389.0 295.0 Grasp 0
536.0 357.0 509.0 314.0 536.0 298.0 563.0 341.0 Grasp 0
291.0 183.0 217.0 190.0 214.0 160.0 288.0 153.0 Grasp 0
418.0 224.0 350.0 218.0 353.0 186.0 421.0 192.0 Grasp 0
616.0 297.0 551.0 278.0 560.0 248.0 625.0 267.0 Grasp 0
441.0 188.0 405.0 148.0 429.0 126.0 465.0 166.0 Grasp 0
430.0 133.0 430.0 224.0 397.0 224.0 397.0 133.0 Grasp 0
552.0 133.0 552.0 192.0 520.0 192.0 520.0 133.0 Grasp 0
575.0 348.0 526.0 311.0 545.0 286.0 593.0 322.0 Grasp 0
630.0 291.0 552.0 299.0 549.0 268.0 627.0 260.0 Grasp 0
447.0 317.0 430.0 362.0 400.0 351.0 418.0 306.0 Grasp 0
296.0 183.0 194.0 211.0 186.0 183.0 288.0 154.0 Grasp 0
461.0 167.0 444.0 123.0 474.0 111.0 492.0 155.0 Grasp 0
616.0 206.0 551.0 225.0 542.0 194.0 608.0 176.0 Grasp 0
551.0 100.0 509.0 168.0 481.0 151.0 523.0 82.0 Grasp 0
625.0 220.0 558.0 253.0 544.0 225.0 611.0 192.0 Grasp 0
303.0 210.0 202.0 220.0 199.0 189.0 301.0 180.0 Grasp 0
593.0 338.0 535.0 309.0 549.0 281.0 607.0 310.0 Grasp 0
583.0 139.0 525.0 183.0 506.0 158.0 564.0 114.0 Grasp 0
548.0 103.0 538.0 160.0 506.0 154.0 517.0 97.0 Grasp 0
530.0 95.0 518.0 155.0 486.0 149.0 497.0 89.0 Grasp 0
510.0 367.0 480.0 318.0 506.0 302.0 537.0 350.0 Grasp 0
591.0 138.0 539.0 195.0 516.0 173.0 568.0 117.0 Grasp 0
404.0 241.0 343.0 236.0 346.0 203.0 407.0 209.0 Grasp 0
481.0 319.0 460.0 373.0 430.0 362.0 451.0 308.0 Grasp 0
404.0 216.0 367.0 187.0 386.0 161.0 424.0 190.0 Grasp 0
621.0 310.0 548.0 303.0 551.0 272.0 624.0 279.0 Grasp 0
624.0 228.0 552.0 235.0 550.0 203.0 622.0 197.0 Grasp 0
600.0 311.0 544.0 268.0 562.0 244.0 619.0 286.0 Grasp 0
604.0 176.0 546.0 205.0 531.0 177.0 589.0 148.0 Grasp 0
519.0 97.0 506.0 164.0 474.0 158.0 486.0 91.0 Grasp 0
472.0 177.0 420.0 138.0 440.0 111.0 492.0 150.0 Grasp 0
427.0 313.0 402.0 353.0 375.0 337.0 400.0 296.0 Grasp 0
385.0 249.0 344.0 218.0 363.0 192.0 405.0 223.0 Grasp 0
597.0 158.0 531.0 191.0 517.0 162.0 583.0 129.0 Grasp 0
379.0 265.0 337.0 218.0 361.0 196.0 403.0 243.0 Grasp 0
434.0 204.0 377.0 175.0 392.0 146.0 449.0 174.0 Grasp 0
401.0 218.0 372.0 171.0 399.0 153.0 429.0 201.0 Grasp 0
626.0 243.0 560.0 262.0 551.0 232.0 617.0 213.0 Grasp 0
379.0 256.0 341.0 237.0 355.0 208.0 393.0 227.0 Grasp 0
395.0 237.0 350.0 214.0 364.0 185.0 410.0 208.0 Grasp 0
471.0 162.0 453.0 116.0 484.0 104.0 501.0 150.0 Grasp 0
475.0 372.0 454.0 318.0 483.0 307.0 504.0 360.0 Grasp 0
436.0 317.0 420.0 357.0 391.0 345.0 406.0 305.0 Grasp 0
464.0 373.0 441.0 316.0 471.0 305.0 493.0 362.0 Grasp 0
414.0 303.0 405.0 354.0 374.0 348.0 383.0 298.0 Grasp 0
597.0 327.0 545.0 301.0 559.0 273.0 611.0 299.0 Grasp 0
525.0 361.0 498.0 317.0 524.0 301.0 551.0 344.0 Grasp 0
456.0 172.0 430.0 130.0 458.0 113.0 484.0 155.0 Grasp 0
425.0 192.0 395.0 159.0 419.0 137.0 450.0 170.0 Grasp 0
495.0 371.0 462.0 319.0 489.0 302.0 522.0 355.0 Grasp 0
287.0 179.0 219.0 173.0 222.0 143.0 290.0 149.0 Grasp 0
290.0 166.0 225.0 185.0 216.0 155.0 281.0 137.0 Grasp 0
376.0 269.0 332.0 236.0 352.0 210.0 396.0 243.0 Grasp 0
491.0 318.0 481.0 369.0 450.0 363.0 460.0 312.0 Grasp 0
507.0 316.0 484.0 375.0 455.0 363.0 477.0 304.0 Grasp 0
555.0 354.0 519.0 314.0 542.0 293.0 578.0 333.0 Grasp 0
452.0 192.0 391.0 162.0 405.0 133.0 466.0 163.0 Grasp 0
475.0 108.0 475.0 181.0 441.0 181.0 441.0 108.0 Grasp 0
636.0 263.0 524.0 319.0 510.0 291.0 622.0 235.0 Grasp 0
443.0 375.0 418.0 309.0 447.0 297.0 473.0 363.0 Grasp 0
465.0 319.0 446.0 370.0 416.0 359.0 436.0 308.0 Grasp 0
380.0 259.0 351.0 184.0 381.0 172.0 411.0 248.0 Grasp 0
626.0 272.0 545.0 249.0 554.0 219.0 634.0 242.0 Grasp 0
569.0 115.0 534.0 172.0 506.0 155.0 541.0 98.0 Grasp 0
459.0 312.0 459.0 363.0 427.0 363.0 427.0 312.0 Grasp 0
456.0 117.0 456.0 194.0 423.0 194.0 423.0 117.0 Grasp 0
