454.0 326.0 435.0 375.0 408.0 364.0 427.0 316.0 Grasp 0
403.0 323.0 383.0 375.0 356.0 365.0 376.0 313.0 Grasp 0
268.0 329.0 261.0 366.0 233.0 361.0 240.0 323.0 Grasp 0
458.0 329.0 452.0 364.0 424.0 359.0 430.0 324.0 Grasp 0
324.0 324.0 304.0 376.0 277.0 365.0 297.0 314.0 Grasp 0
283.0 324.0 264.0 374.0 237.0 364.0 257.0 314.0 Grasp 0
351.0 323.0 342.0 371.0 314.0 366.0 323.0 318.0 Grasp 0
382.0 324.0 362.0 375.0 335.0 365.0 355.0 313.0 Grasp 0
419.0 324.0 399.0 375.0 372.0 365.0 392.0 313.0 Grasp 0
309.0 323.0 300.0 371.0 272.0 366.0 281.0 318.0 Grasp 0
434.0 325.0 415.0 375.0 388.0 365.0 407.0 314.0 Grasp 0
299.0 324.0 279.0 376.0 252.0 365.0 272.0 314.0 Grasp 0
334.0 324.0 314.0 375.0 288.0 365.0 308.0 313.0 Grasp 0
272.0 379.0 238.0 325.0 262.0 310.0 296.0 364.0 Grasp 0
431.0 370.0 414.0 326.0 441.0 316.0 458.0 359.0 Grasp 0
444.0 325.0 425.0 375.0 399.0 365.0 418.0 315.0 Grasp 0
345.0 324.0 325.0 375.0 298.0 365.0 318.0 314.0 Grasp 0
402.0 378.0 368.0 324.0 392.0 309.0 426.0 363.0 Grasp 0
386.0 379.0 352.0 324.0 376.0 309.0 410.0 364.0 Grasp 0
283.0 380.0 249.0 325.0 273.0 310.0 307.0 365.0 Grasp 0
366.0 324.0 346.0 376.0 319.0 365.0 339.0 313.0 Grasp 0
412.0 378.0 378.0 324.0 402.0 309.0 436.0 363.0 Grasp 0
249.0 375.0 230.0 327.0 257.0 316.0 276.0 365.0 Grasp 0
237.0 373.0 221.0 331.0 248.0 320.0 264.0 363.0 Grasp 0
392.0 323.0 372.0 375.0 346.0 364.0 366.0 313.0 Grasp 0
376.0 380.0 341.0 324.0 366.0 309.0 400.0 365.0 Grasp 0
365.0 379.0 331.0 324.0 355.0 309.0 389.0 364.0 Grasp 0
