271.0 390.0 234.0 362.0 255.0 334.0 293.0 362.0 Grasp 0
284.0 372.0 240.0 350.0 256.0 318.0 300.0 340.0 Grasp 0
361.0 112.0 292.0 78.0 305.0 52.0 374.0 86.0 Grasp 0
366.0 220.0 331.0 194.0 350.0 168.0 385.0 194.0 Grasp 0
351.0 210.0 309.0 198.0 318.0 166.0 360.0 178.0 Grasp 0
359.0 139.0 283.0 101.0 296.0 75.0 372.0 113.0 Grasp 0
362.0 117.0 282.0 94.0 290.0 66.0 370.0 89.0 Grasp 0
377.0 200.0 338.0 181.0 353.0 151.0 392.0 171.0 Grasp 0
364.0 189.0 326.0 170.0 340.0 142.0 378.0 161.0 Grasp 0
269.0 371.0 226.0 349.0 242.0 317.0 285.0 338.0 Grasp 0
367.0 134.0 303.0 86.0 320.0 63.0 384.0 111.0 Grasp 0
359.0 200.0 320.0 180.0 335.0 150.0 374.0 170.0 Grasp 0
336.0 276.0 293.0 255.0 309.0 223.0 352.0 244.0 Grasp 0
315.0 273.0 268.0 260.0 278.0 226.0 324.0 239.0 Grasp 0
370.0 207.0 332.0 188.0 346.0 159.0 385.0 178.0 Grasp 0
355.0 152.0 276.0 112.0 289.0 86.0 368.0 126.0 Grasp 0
359.0 219.0 320.0 199.0 334.0 170.0 373.0 189.0 Grasp 0
266.0 373.0 220.0 369.0 223.0 334.0 269.0 338.0 Grasp 0
254.0 364.0 221.0 329.0 248.0 305.0 280.0 341.0 Grasp 0
377.0 125.0 315.0 79.0 333.0 55.0 394.0 101.0 Grasp 0
269.0 353.0 222.0 339.0 232.0 305.0 278.0 318.0 Grasp 0
257.0 372.0 215.0 351.0 231.0 320.0 272.0 340.0 Grasp 0
323.0 277.0 279.0 255.0 295.0 222.0 340.0 244.0 Grasp 0
330.0 263.0 288.0 242.0 304.0 210.0 346.0 231.0 Grasp 0
370.0 106.0 305.0 73.0 317.0 48.0 382.0 80.0 Grasp 0
368.0 145.0 302.0 95.0 319.0 72.0 385.0 122.0 Grasp 0
340.0 251.0 295.0 256.0 292.0 221.0 337.0 217.0 Grasp 0
335.0 286.0 288.0 273.0 298.0 239.0 344.0 252.0 Grasp 0
283.0 363.0 235.0 368.0 232.0 332.0 279.0 328.0 Grasp 0
362.0 133.0 322.0 68.0 347.0 53.0 387.0 117.0 Grasp 0
