535.0 70.0 474.0 100.0 460.0 73.0 521.0 43.0 Grasp 0
298.0 191.0 224.0 155.0 238.0 128.0 311.0 165.0 Grasp 0
537.0 91.0 474.0 109.0 466.0 81.0 529.0 63.0 Grasp 0
533.0 52.0 486.0 103.0 464.0 83.0 511.0 31.0 Grasp 0
273.0 220.0 238.0 130.0 265.0 120.0 300.0 210.0 Grasp 0
285.0 201.0 243.0 133.0 268.0 117.0 310.0 186.0 Grasp 0
523.0 32.0 470.0 90.0 448.0 70.0 500.0 12.0 Grasp 0
519.0 170.0 485.0 153.0 498.0 127.0 532.0 144.0 Grasp 0
519.0 257.0 478.0 192.0 503.0 176.0 544.0 242.0 Grasp 0
270.0 226.0 223.0 150.0 248.0 135.0 295.0 211.0 Grasp 0
81.0 422.0 10.0 442.0 2.0 414.0 73.0 394.0 Grasp 0
318.0 155.0 245.0 234.0 224.0 215.0 296.0 135.0 Grasp 0
376.0 364.0 317.0 334.0 330.0 307.0 390.0 337.0 Grasp 0
527.0 239.0 484.0 192.0 506.0 173.0 548.0 219.0 Grasp 0
382.0 357.0 314.0 323.0 327.0 296.0 396.0 330.0 Grasp 0
539.0 76.0 489.0 113.0 471.0 90.0 521.0 52.0 Grasp 0
389.0 342.0 321.0 307.0 334.0 280.0 403.0 314.0 Grasp 0
288.0 190.0 251.0 130.0 276.0 114.0 313.0 174.0 Grasp 0
513.0 25.0 463.0 80.0 441.0 59.0 491.0 5.0 Grasp 0
257.0 243.0 191.0 194.0 209.0 170.0 275.0 220.0 Grasp 0
261.0 238.0 204.0 175.0 225.0 156.0 282.0 218.0 Grasp 0
72.0 421.0 7.0 427.0 5.0 398.0 70.0 392.0 Grasp 0
527.0 43.0 478.0 96.0 456.0 76.0 505.0 23.0 Grasp 0
530.0 150.0 476.0 145.0 479.0 116.0 533.0 121.0 Grasp 0
268.0 228.0 212.0 167.0 234.0 148.0 289.0 209.0 Grasp 0
281.0 203.0 226.0 161.0 244.0 138.0 299.0 179.0 Grasp 0
528.0 134.0 485.0 130.0 487.0 101.0 531.0 105.0 Grasp 0
300.0 134.0 240.0 230.0 215.0 214.0 275.0 119.0 Grasp 0
