228.0 366.0 194.0 328.0 216.0 308.0 251.0 346.0 Grasp 0
367.0 347.0 335.0 363.0 322.0 336.0 353.0 321.0 Grasp 0
337.0 151.0 328.0 199.0 297.0 193.0 305.0 146.0 Grasp 0
272.0 323.0 254.0 370.0 226.0 359.0 244.0 312.0 Grasp 0
285.0 303.0 276.0 347.0 246.0 342.0 254.0 297.0 Grasp 0
230.0 379.0 198.0 344.0 221.0 323.0 253.0 358.0 Grasp 0
285.0 336.0 197.0 361.0 189.0 331.0 277.0 306.0 Grasp 0
303.0 130.0 283.0 153.0 259.0 131.0 280.0 109.0 Grasp 0
519.0 226.0 453.0 299.0 432.0 280.0 498.0 207.0 Grasp 0
441.0 245.0 374.0 278.0 360.0 251.0 427.0 218.0 Grasp 0
248.0 358.0 198.0 320.0 216.0 296.0 267.0 334.0 Grasp 0
308.0 139.0 288.0 161.0 265.0 140.0 285.0 118.0 Grasp 0
421.0 276.0 349.0 283.0 346.0 253.0 418.0 246.0 Grasp 0
439.0 271.0 365.0 278.0 362.0 247.0 436.0 241.0 Grasp 0
272.0 302.0 263.0 352.0 232.0 347.0 241.0 296.0 Grasp 0
285.0 320.0 276.0 365.0 246.0 359.0 254.0 314.0 Grasp 0
243.0 374.0 208.0 348.0 226.0 323.0 262.0 350.0 Grasp 0
302.0 125.0 291.0 152.0 262.0 141.0 273.0 114.0 Grasp 0
378.0 343.0 347.0 358.0 333.0 331.0 365.0 316.0 Grasp 0
