303.0 342.0 260.0 295.0 283.0 273.0 326.0 320.0 Grasp 0
346.0 319.0 299.0 267.0 321.0 246.0 369.0 298.0 Grasp 0
397.0 98.0 375.0 41.0 403.0 30.0 425.0 87.0 Grasp 0
550.0 174.0 534.0 215.0 508.0 204.0 523.0 164.0 Grasp 0
222.0 341.0 206.0 300.0 233.0 289.0 249.0 330.0 Grasp 0
266.0 335.0 236.0 287.0 263.0 270.0 293.0 319.0 Grasp 0
550.0 151.0 545.0 177.0 516.0 172.0 521.0 145.0 Grasp 0
526.0 157.0 510.0 199.0 483.0 188.0 499.0 146.0 Grasp 0
315.0 338.0 279.0 280.0 306.0 264.0 342.0 322.0 Grasp 0
295.0 351.0 248.0 315.0 267.0 289.0 314.0 325.0 Grasp 0
241.0 369.0 211.0 337.0 233.0 317.0 262.0 350.0 Grasp 0
315.0 315.0 290.0 251.0 319.0 239.0 344.0 304.0 Grasp 0
499.0 220.0 483.0 179.0 510.0 168.0 526.0 209.0 Grasp 0
494.0 307.0 490.0 288.0 518.0 282.0 522.0 302.0 Grasp 0
534.0 150.0 526.0 193.0 498.0 188.0 506.0 145.0 Grasp 0
540.0 210.0 524.0 168.0 551.0 157.0 567.0 199.0 Grasp 0
532.0 169.0 516.0 210.0 490.0 200.0 505.0 159.0 Grasp 0
334.0 295.0 288.0 245.0 311.0 224.0 356.0 274.0 Grasp 0
343.0 305.0 329.0 232.0 360.0 226.0 374.0 299.0 Grasp 0
559.0 166.0 551.0 209.0 523.0 204.0 531.0 161.0 Grasp 0
383.0 198.0 383.0 276.0 352.0 276.0 352.0 198.0 Grasp 0
334.0 321.0 288.0 270.0 311.0 249.0 357.0 300.0 Grasp 0
481.0 303.0 477.0 283.0 506.0 278.0 510.0 298.0 Grasp 0
409.0 102.0 387.0 44.0 415.0 33.0 438.0 91.0 Grasp 0
308.0 307.0 273.0 251.0 300.0 235.0 335.0 291.0 Grasp 0
541.0 195.0 525.0 154.0 551.0 144.0 567.0 185.0 Grasp 0
547.0 154.0 539.0 198.0 511.0 193.0 519.0 149.0 Grasp 0
248.0 362.0 219.0 330.0 240.0 311.0 269.0 343.0 Grasp 0
232.0 357.0 203.0 324.0 224.0 305.0 253.0 338.0 Grasp 0
284.0 331.0 244.0 287.0 267.0 266.0 308.0 310.0 Grasp 0
272.0 332.0 250.0 276.0 280.0 265.0 301.0 321.0 Grasp 0
286.0 335.0 264.0 278.0 293.0 267.0 315.0 323.0 Grasp 0
380.0 102.0 369.0 42.0 399.0 36.0 410.0 96.0 Grasp 0
440.0 52.0 415.0 114.0 387.0 103.0 411.0 40.0 Grasp 0
322.0 332.0 255.0 313.0 264.0 283.0 330.0 302.0 Grasp 0
354.0 294.0 340.0 218.0 370.0 212.0 384.0 289.0 Grasp 0
559.0 150.0 551.0 193.0 523.0 188.0 532.0 145.0 Grasp 0
297.0 321.0 262.0 264.0 289.0 247.0 324.0 304.0 Grasp 0
569.0 159.0 560.0 203.0 532.0 198.0 540.0 154.0 Grasp 0
515.0 210.0 500.0 170.0 526.0 159.0 542.0 200.0 Grasp 0
