241.0 113.0 229.0 145.0 200.0 134.0 212.0 102.0 Grasp 0
262.0 112.0 248.0 149.0 218.0 138.0 233.0 101.0 Grasp 0
309.0 300.0 277.0 335.0 247.0 308.0 279.0 273.0 Grasp 0
427.0 232.0 427.0 300.0 386.0 300.0 386.0 232.0 Grasp 0
417.0 48.0 362.0 64.0 354.0 34.0 409.0 18.0 Grasp 0
396.0 78.0 355.0 82.0 352.0 51.0 393.0 47.0 Grasp 0
175.0 74.0 142.0 77.0 139.0 46.0 173.0 43.0 Grasp 0
173.0 83.0 141.0 92.0 133.0 63.0 165.0 54.0 Grasp 0
175.0 61.0 140.0 65.0 137.0 34.0 173.0 31.0 Grasp 0
182.0 50.0 143.0 46.0 146.0 16.0 184.0 19.0 Grasp 0
471.0 393.0 421.0 407.0 411.0 371.0 461.0 357.0 Grasp 0
276.0 111.0 262.0 146.0 234.0 135.0 247.0 100.0 Grasp 0
223.0 116.0 210.0 150.0 181.0 139.0 194.0 105.0 Grasp 0
492.0 218.0 416.0 225.0 413.0 190.0 489.0 183.0 Grasp 0
473.0 374.0 426.0 397.0 410.0 363.0 456.0 340.0 Grasp 0
311.0 115.0 292.0 146.0 265.0 130.0 285.0 99.0 Grasp 0
220.0 236.0 215.0 265.0 185.0 259.0 191.0 231.0 Grasp 0
468.0 321.0 407.0 290.0 424.0 257.0 485.0 288.0 Grasp 0
367.0 263.0 311.0 354.0 279.0 334.0 335.0 243.0 Grasp 0
291.0 108.0 278.0 143.0 248.0 132.0 262.0 97.0 Grasp 0
410.0 68.0 367.0 56.0 376.0 27.0 418.0 39.0 Grasp 0
307.0 318.0 271.0 346.0 247.0 314.0 284.0 287.0 Grasp 0
218.0 108.0 206.0 138.0 178.0 127.0 189.0 97.0 Grasp 0
176.0 40.0 142.0 31.0 150.0 1.0 184.0 11.0 Grasp 0
477.0 211.0 420.0 216.0 417.0 181.0 474.0 176.0 Grasp 0
402.0 71.0 361.0 75.0 358.0 44.0 399.0 40.0 Grasp 0
