306.0 99.0 306.0 167.0 274.0 167.0 274.0 99.0 Grasp 0
279.0 177.0 248.0 98.0 278.0 87.0 309.0 165.0 Grasp 0
260.0 174.0 247.0 105.0 278.0 99.0 291.0 168.0 Grasp 0
437.0 108.0 422.0 187.0 393.0 181.0 408.0 102.0 Grasp 0
403.0 185.0 373.0 107.0 400.0 96.0 430.0 174.0 Grasp 0
273.0 204.0 183.0 178.0 191.0 148.0 281.0 174.0 Grasp 0
362.0 187.0 347.0 111.0 376.0 105.0 391.0 182.0 Grasp 0
293.0 188.0 218.0 105.0 241.0 83.0 317.0 166.0 Grasp 0
420.0 178.0 393.0 110.0 420.0 99.0 447.0 168.0 Grasp 0
328.0 101.0 315.0 172.0 283.0 166.0 297.0 95.0 Grasp 0
465.0 308.0 439.0 240.0 465.0 230.0 492.0 298.0 Grasp 0
451.0 333.0 416.0 294.0 437.0 275.0 473.0 313.0 Grasp 0
410.0 108.0 410.0 181.0 380.0 181.0 380.0 108.0 Grasp 0
441.0 356.0 405.0 317.0 426.0 298.0 462.0 337.0 Grasp 0
607.0 173.0 546.0 168.0 548.0 138.0 610.0 144.0 Grasp 0
309.0 323.0 205.0 313.0 208.0 284.0 312.0 294.0 Grasp 0
279.0 189.0 192.0 123.0 211.0 97.0 298.0 163.0 Grasp 0
605.0 217.0 530.0 179.0 543.0 153.0 618.0 190.0 Grasp 0
294.0 176.0 279.0 98.0 311.0 92.0 325.0 170.0 Grasp 0
310.0 179.0 264.0 105.0 292.0 88.0 338.0 162.0 Grasp 0
611.0 149.0 550.0 143.0 552.0 113.0 614.0 119.0 Grasp 0
384.0 188.0 354.0 110.0 382.0 100.0 411.0 177.0 Grasp 0
454.0 325.0 422.0 274.0 447.0 259.0 478.0 310.0 Grasp 0
276.0 185.0 185.0 159.0 194.0 128.0 285.0 154.0 Grasp 0
597.0 300.0 505.0 326.0 498.0 299.0 589.0 273.0 Grasp 0
608.0 160.0 548.0 154.0 551.0 125.0 611.0 130.0 Grasp 0
345.0 106.0 333.0 170.0 302.0 164.0 314.0 100.0 Grasp 0
432.0 366.0 399.0 350.0 412.0 324.0 445.0 340.0 Grasp 0
607.0 190.0 540.0 171.0 548.0 143.0 615.0 162.0 Grasp 0
258.0 180.0 230.0 108.0 260.0 96.0 288.0 168.0 Grasp 0
603.0 240.0 524.0 181.0 542.0 157.0 620.0 217.0 Grasp 0
602.0 278.0 508.0 325.0 495.0 299.0 589.0 252.0 Grasp 0
323.0 295.0 203.0 284.0 205.0 254.0 326.0 265.0 Grasp 0
446.0 345.0 410.0 306.0 431.0 287.0 467.0 326.0 Grasp 0
470.0 300.0 453.0 209.0 481.0 203.0 498.0 294.0 Grasp 0
322.0 194.0 183.0 207.0 180.0 175.0 319.0 162.0 Grasp 0
263.0 201.0 184.0 142.0 203.0 117.0 281.0 176.0 Grasp 0
463.0 312.0 431.0 261.0 455.0 245.0 487.0 297.0 Grasp 0
426.0 107.0 411.0 190.0 382.0 184.0 397.0 101.0 Grasp 0
307.0 322.0 206.0 294.0 214.0 266.0 315.0 294.0 Grasp 0
310.0 187.0 233.0 102.0 257.0 81.0 334.0 165.0 Grasp 0
352.0 187.0 338.0 114.0 367.0 108.0 380.0 182.0 Grasp 0
604.0 201.0 537.0 195.0 540.0 165.0 607.0 172.0 Grasp 0
437.0 359.0 403.0 334.0 421.0 311.0 454.0 337.0 Grasp 0
277.0 184.0 209.0 110.0 233.0 88.0 301.0 163.0 Grasp 0
394.0 108.0 394.0 183.0 365.0 183.0 365.0 108.0 Grasp 0
