366.0 327.0 311.0 369.0 291.0 342.0 347.0 300.0 Grasp 0
331.0 272.0 268.0 303.0 253.0 274.0 316.0 243.0 Grasp 0
231.0 333.0 202.0 260.0 229.0 249.0 258.0 323.0 Grasp 0
366.0 312.0 310.0 355.0 291.0 329.0 347.0 287.0 Grasp 0
384.0 350.0 329.0 391.0 310.0 365.0 364.0 324.0 Grasp 0
325.0 40.0 292.0 123.0 264.0 112.0 297.0 29.0 Grasp 0
384.0 306.0 335.0 360.0 310.0 338.0 359.0 284.0 Grasp 0
504.0 255.0 488.0 343.0 459.0 338.0 476.0 249.0 Grasp 0
278.0 29.0 263.0 107.0 234.0 102.0 248.0 23.0 Grasp 0
278.0 18.0 250.0 89.0 222.0 78.0 250.0 7.0 Grasp 0
456.0 64.0 438.0 161.0 409.0 156.0 427.0 59.0 Grasp 0
352.0 258.0 295.0 301.0 275.0 275.0 332.0 232.0 Grasp 0
317.0 229.0 262.0 271.0 242.0 244.0 297.0 202.0 Grasp 0
318.0 248.0 262.0 291.0 242.0 265.0 298.0 222.0 Grasp 0
338.0 229.0 273.0 261.0 258.0 232.0 323.0 199.0 Grasp 0
354.0 301.0 298.0 343.0 279.0 317.0 335.0 275.0 Grasp 0
486.0 331.0 455.0 250.0 482.0 239.0 513.0 321.0 Grasp 0
351.0 285.0 289.0 316.0 275.0 286.0 336.0 255.0 Grasp 0
390.0 327.0 336.0 368.0 316.0 342.0 370.0 300.0 Grasp 0
227.0 341.0 187.0 278.0 212.0 262.0 252.0 326.0 Grasp 0
336.0 241.0 280.0 283.0 260.0 256.0 315.0 215.0 Grasp 0
395.0 338.0 342.0 377.0 323.0 351.0 375.0 312.0 Grasp 0
440.0 341.0 424.0 256.0 452.0 250.0 468.0 336.0 Grasp 0
472.0 347.0 456.0 261.0 485.0 256.0 501.0 342.0 Grasp 0
372.0 289.0 316.0 331.0 297.0 305.0 353.0 263.0 Grasp 0
385.0 45.0 367.0 141.0 337.0 136.0 355.0 40.0 Grasp 0
494.0 75.0 478.0 162.0 448.0 156.0 465.0 69.0 Grasp 0
335.0 254.0 281.0 295.0 261.0 268.0 315.0 227.0 Grasp 0
471.0 344.0 438.0 259.0 465.0 248.0 498.0 333.0 Grasp 0
445.0 60.0 427.0 154.0 398.0 149.0 416.0 55.0 Grasp 0
475.0 51.0 475.0 146.0 445.0 146.0 445.0 51.0 Grasp 0
295.0 23.0 280.0 105.0 251.0 100.0 266.0 17.0 Grasp 0
352.0 283.0 306.0 334.0 281.0 312.0 327.0 261.0 Grasp 0
325.0 223.0 262.0 255.0 247.0 225.0 310.0 194.0 Grasp 0
208.0 318.0 182.0 253.0 210.0 242.0 235.0 307.0 Grasp 0
395.0 50.0 378.0 145.0 348.0 140.0 366.0 45.0 Grasp 0
491.0 259.0 474.0 350.0 446.0 345.0 463.0 254.0 Grasp 0
446.0 332.0 429.0 244.0 458.0 239.0 474.0 327.0 Grasp 0
360.0 265.0 304.0 307.0 285.0 281.0 341.0 238.0 Grasp 0
510.0 72.0 510.0 156.0 480.0 156.0 480.0 72.0 Grasp 0
343.0 40.0 294.0 119.0 269.0 103.0 317.0 25.0 Grasp 0
