372.0 310.0 300.0 256.0 318.0 231.0 391.0 286.0 Grasp 0
350.0 329.0 303.0 253.0 329.0 236.0 377.0 313.0 Grasp 0
251.0 375.0 209.0 307.0 235.0 290.0 277.0 359.0 Grasp 0
238.0 386.0 197.0 321.0 224.0 305.0 264.0 370.0 Grasp 0
275.0 358.0 230.0 284.0 256.0 268.0 301.0 341.0 Grasp 0
384.0 310.0 338.0 236.0 364.0 220.0 410.0 294.0 Grasp 0
244.0 245.0 232.0 265.0 208.0 250.0 220.0 230.0 Grasp 0
263.0 399.0 202.0 352.0 221.0 328.0 282.0 374.0 Grasp 0
293.0 351.0 246.0 275.0 272.0 259.0 319.0 335.0 Grasp 0
349.0 337.0 288.0 271.0 311.0 250.0 371.0 317.0 Grasp 0
255.0 103.0 246.0 125.0 219.0 115.0 228.0 92.0 Grasp 0
244.0 290.0 236.0 310.0 210.0 300.0 217.0 280.0 Grasp 0
383.0 287.0 312.0 234.0 331.0 209.0 402.0 262.0 Grasp 0
283.0 374.0 226.0 312.0 249.0 292.0 305.0 354.0 Grasp 0
384.0 293.0 305.0 254.0 318.0 226.0 397.0 265.0 Grasp 0
262.0 103.0 262.0 126.0 233.0 126.0 233.0 103.0 Grasp 0
409.0 274.0 343.0 224.0 362.0 200.0 427.0 249.0 Grasp 0
268.0 115.0 268.0 135.0 240.0 135.0 240.0 115.0 Grasp 0
407.0 266.0 352.0 206.0 375.0 185.0 430.0 245.0 Grasp 0
394.0 298.0 350.0 226.0 376.0 210.0 420.0 281.0 Grasp 0
418.0 288.0 364.0 229.0 387.0 208.0 441.0 267.0 Grasp 0
496.0 117.0 496.0 170.0 466.0 170.0 466.0 117.0 Grasp 0
245.0 101.0 232.0 122.0 208.0 107.0 221.0 86.0 Grasp 0
322.0 335.0 274.0 257.0 300.0 241.0 348.0 318.0 Grasp 0
295.0 375.0 237.0 311.0 259.0 291.0 317.0 354.0 Grasp 0
274.0 116.0 274.0 144.0 245.0 144.0 245.0 116.0 Grasp 0
283.0 386.0 217.0 337.0 236.0 312.0 301.0 362.0 Grasp 0
508.0 133.0 498.0 185.0 470.0 179.0 479.0 128.0 Grasp 0
257.0 361.0 212.0 289.0 239.0 273.0 283.0 345.0 Grasp 0
396.0 298.0 381.0 216.0 412.0 211.0 427.0 292.0 Grasp 0
321.0 356.0 275.0 281.0 301.0 265.0 347.0 340.0 Grasp 0
398.0 286.0 331.0 235.0 350.0 210.0 417.0 261.0 Grasp 0
228.0 233.0 213.0 249.0 192.0 230.0 207.0 213.0 Grasp 0
224.0 225.0 221.0 244.0 192.0 238.0 196.0 219.0 Grasp 0
296.0 356.0 262.0 268.0 291.0 257.0 325.0 345.0 Grasp 0
240.0 374.0 198.0 307.0 224.0 291.0 266.0 358.0 Grasp 0
381.0 308.0 321.0 243.0 344.0 222.0 404.0 288.0 Grasp 0
300.0 366.0 241.0 301.0 264.0 280.0 323.0 345.0 Grasp 0
398.0 257.0 332.0 207.0 351.0 182.0 417.0 232.0 Grasp 0
371.0 29.0 336.0 39.0 328.0 11.0 363.0 1.0 Grasp 0
235.0 239.0 223.0 260.0 199.0 245.0 211.0 225.0 Grasp 0
