346.0 255.0 273.0 200.0 291.0 177.0 363.0 232.0 Grasp 0
327.0 262.0 264.0 215.0 282.0 192.0 345.0 239.0 Grasp 0
248.0 368.0 211.0 308.0 236.0 292.0 273.0 352.0 Grasp 0
330.0 276.0 244.0 233.0 257.0 207.0 343.0 250.0 Grasp 0
339.0 252.0 287.0 168.0 312.0 153.0 364.0 237.0 Grasp 0
357.0 262.0 264.0 216.0 277.0 190.0 370.0 236.0 Grasp 0
326.0 327.0 217.0 317.0 220.0 288.0 328.0 298.0 Grasp 0
276.0 374.0 215.0 307.0 237.0 287.0 298.0 354.0 Grasp 0
379.0 239.0 321.0 147.0 346.0 131.0 404.0 224.0 Grasp 0
364.0 245.0 308.0 154.0 333.0 138.0 389.0 230.0 Grasp 0
332.0 317.0 225.0 347.0 217.0 319.0 324.0 289.0 Grasp 0
351.0 250.0 296.0 161.0 321.0 146.0 376.0 235.0 Grasp 0
321.0 258.0 284.0 165.0 312.0 154.0 348.0 248.0 Grasp 0
392.0 233.0 334.0 140.0 359.0 124.0 417.0 217.0 Grasp 0
342.0 271.0 255.0 227.0 268.0 201.0 355.0 245.0 Grasp 0
