444.0 125.0 395.0 88.0 413.0 65.0 461.0 102.0 Grasp 0
288.0 386.0 237.0 304.0 263.0 288.0 314.0 370.0 Grasp 0
327.0 382.0 296.0 304.0 325.0 293.0 355.0 371.0 Grasp 0
323.0 228.0 263.0 273.0 245.0 249.0 305.0 204.0 Grasp 0
453.0 111.0 407.0 77.0 424.0 54.0 470.0 88.0 Grasp 0
247.0 266.0 222.0 201.0 250.0 190.0 275.0 255.0 Grasp 0
467.0 92.0 421.0 57.0 438.0 34.0 485.0 69.0 Grasp 0
282.0 305.0 269.0 375.0 239.0 369.0 252.0 299.0 Grasp 0
471.0 261.0 442.0 186.0 469.0 176.0 498.0 250.0 Grasp 0
473.0 267.0 456.0 176.0 485.0 170.0 502.0 262.0 Grasp 0
480.0 75.0 434.0 40.0 452.0 17.0 498.0 52.0 Grasp 0
432.0 133.0 389.0 100.0 406.0 78.0 450.0 111.0 Grasp 0
436.0 142.0 380.0 114.0 393.0 88.0 449.0 116.0 Grasp 0
500.0 54.0 447.0 27.0 460.0 1.0 513.0 28.0 Grasp 0
370.0 121.0 359.0 182.0 329.0 176.0 341.0 116.0 Grasp 0
319.0 228.0 241.0 266.0 228.0 239.0 305.0 201.0 Grasp 0
298.0 304.0 285.0 375.0 255.0 370.0 268.0 298.0 Grasp 0
507.0 253.0 463.0 182.0 488.0 167.0 532.0 237.0 Grasp 0
474.0 83.0 428.0 48.0 445.0 25.0 491.0 60.0 Grasp 0
497.0 67.0 434.0 36.0 447.0 10.0 510.0 41.0 Grasp 0
358.0 136.0 295.0 130.0 298.0 100.0 361.0 106.0 Grasp 0
290.0 206.0 248.0 138.0 273.0 122.0 315.0 190.0 Grasp 0
311.0 386.0 260.0 304.0 286.0 288.0 337.0 370.0 Grasp 0
229.0 251.0 219.0 200.0 249.0 195.0 258.0 245.0 Grasp 0
381.0 130.0 370.0 191.0 340.0 186.0 351.0 125.0 Grasp 0
304.0 304.0 304.0 370.0 274.0 370.0 274.0 304.0 Grasp 0
344.0 228.0 277.0 278.0 259.0 254.0 326.0 204.0 Grasp 0
356.0 88.0 356.0 176.0 326.0 176.0 326.0 88.0 Grasp 0
515.0 247.0 474.0 181.0 499.0 166.0 540.0 231.0 Grasp 0
456.0 127.0 385.0 106.0 393.0 79.0 464.0 99.0 Grasp 0
353.0 386.0 302.0 303.0 328.0 287.0 379.0 370.0 Grasp 0
308.0 376.0 294.0 303.0 324.0 297.0 337.0 371.0 Grasp 0
271.0 307.0 259.0 370.0 229.0 365.0 240.0 301.0 Grasp 0
261.0 381.0 232.0 305.0 260.0 294.0 290.0 370.0 Grasp 0
460.0 101.0 414.0 66.0 432.0 43.0 478.0 78.0 Grasp 0
320.0 304.0 291.0 380.0 262.0 369.0 292.0 293.0 Grasp 0
488.0 253.0 461.0 182.0 488.0 172.0 515.0 242.0 Grasp 0
322.0 386.0 272.0 304.0 298.0 288.0 348.0 370.0 Grasp 0
521.0 248.0 447.0 192.0 464.0 169.0 538.0 225.0 Grasp 0
418.0 164.0 359.0 193.0 346.0 167.0 404.0 137.0 Grasp 0
319.0 185.0 240.0 177.0 243.0 147.0 321.0 154.0 Grasp 0
454.0 182.0 364.0 208.0 356.0 179.0 445.0 154.0 Grasp 0
