448.0 300.0 436.0 366.0 406.0 360.0 419.0 294.0 Grasp 0
413.0 158.0 360.0 131.0 373.0 106.0 426.0 132.0 Grasp 0
464.0 316.0 445.0 366.0 416.0 355.0 436.0 305.0 Grasp 0
365.0 223.0 316.0 248.0 303.0 222.0 352.0 198.0 Grasp 0
411.0 147.0 390.0 113.0 414.0 98.0 435.0 132.0 Grasp 0
376.0 176.0 332.0 154.0 344.0 129.0 389.0 151.0 Grasp 0
409.0 253.0 333.0 260.0 330.0 231.0 406.0 224.0 Grasp 0
501.0 288.0 421.0 311.0 413.0 283.0 493.0 260.0 Grasp 0
425.0 287.0 411.0 362.0 381.0 356.0 395.0 281.0 Grasp 0
433.0 147.0 390.0 115.0 407.0 92.0 450.0 125.0 Grasp 0
460.0 323.0 418.0 256.0 443.0 241.0 484.0 308.0 Grasp 0
382.0 168.0 346.0 141.0 363.0 118.0 399.0 146.0 Grasp 0
311.0 234.0 274.0 328.0 245.0 317.0 282.0 223.0 Grasp 0
453.0 137.0 421.0 103.0 442.0 84.0 474.0 118.0 Grasp 0
289.0 231.0 275.0 160.0 303.0 155.0 316.0 226.0 Grasp 0
282.0 247.0 238.0 213.0 255.0 190.0 300.0 224.0 Grasp 0
283.0 162.0 283.0 228.0 255.0 228.0 255.0 162.0 Grasp 0
358.0 184.0 325.0 159.0 342.0 136.0 375.0 161.0 Grasp 0
335.0 165.0 335.0 225.0 306.0 225.0 306.0 165.0 Grasp 0
473.0 319.0 455.0 271.0 482.0 261.0 500.0 308.0 Grasp 0
416.0 238.0 416.0 287.0 387.0 287.0 387.0 238.0 Grasp 0
352.0 156.0 338.0 228.0 310.0 223.0 324.0 150.0 Grasp 0
474.0 326.0 435.0 262.0 459.0 247.0 498.0 311.0 Grasp 0
443.0 145.0 398.0 111.0 416.0 88.0 460.0 122.0 Grasp 0
482.0 125.0 455.0 94.0 475.0 75.0 503.0 106.0 Grasp 0
340.0 197.0 299.0 167.0 316.0 144.0 357.0 175.0 Grasp 0
279.0 163.0 253.0 192.0 232.0 173.0 258.0 144.0 Grasp 0
324.0 207.0 288.0 179.0 305.0 157.0 341.0 184.0 Grasp 0
322.0 162.0 308.0 235.0 280.0 229.0 294.0 156.0 Grasp 0
403.0 165.0 340.0 147.0 348.0 120.0 411.0 138.0 Grasp 0
503.0 83.0 495.0 126.0 467.0 121.0 475.0 77.0 Grasp 0
396.0 162.0 358.0 133.0 375.0 110.0 413.0 139.0 Grasp 0
481.0 132.0 437.0 99.0 454.0 76.0 498.0 109.0 Grasp 0
359.0 215.0 300.0 244.0 287.0 219.0 346.0 189.0 Grasp 0
357.0 184.0 254.0 193.0 251.0 165.0 354.0 156.0 Grasp 0
473.0 139.0 410.0 107.0 423.0 82.0 486.0 113.0 Grasp 0
298.0 166.0 254.0 200.0 237.0 177.0 281.0 144.0 Grasp 0
429.0 250.0 422.0 291.0 394.0 285.0 401.0 245.0 Grasp 0
400.0 156.0 371.0 124.0 392.0 105.0 421.0 137.0 Grasp 0
355.0 190.0 306.0 166.0 318.0 140.0 368.0 165.0 Grasp 0
409.0 265.0 374.0 355.0 345.0 344.0 380.0 253.0 Grasp 0
296.0 164.0 296.0 226.0 267.0 226.0 267.0 164.0 Grasp 0
279.0 268.0 245.0 358.0 215.0 346.0 250.0 257.0 Grasp 0
486.0 119.0 464.0 95.0 485.0 76.0 507.0 100.0 Grasp 0
392.0 244.0 374.0 341.0 343.0 335.0 361.0 239.0 Grasp 0
467.0 128.0 446.0 95.0 471.0 80.0 491.0 113.0 Grasp 0
385.0 237.0 326.0 254.0 319.0 227.0 377.0 210.0 Grasp 0
348.0 208.0 234.0 219.0 231.0 190.0 345.0 180.0 Grasp 0
434.0 263.0 344.0 271.0 342.0 243.0 431.0 235.0 Grasp 0
494.0 81.0 485.0 128.0 457.0 123.0 466.0 75.0 Grasp 0
432.0 140.0 410.0 105.0 434.0 90.0 456.0 125.0 Grasp 0
371.0 255.0 336.0 345.0 307.0 334.0 342.0 244.0 Grasp 0
281.0 169.0 246.0 226.0 222.0 211.0 257.0 154.0 Grasp 0
338.0 152.0 280.0 246.0 256.0 231.0 314.0 137.0 Grasp 0
339.0 223.0 277.0 177.0 295.0 154.0 356.0 201.0 Grasp 0
497.0 119.0 458.0 99.0 471.0 74.0 509.0 93.0 Grasp 0
468.0 272.0 437.0 307.0 416.0 287.0 447.0 253.0 Grasp 0
380.0 292.0 348.0 211.0 375.0 201.0 406.0 281.0 Grasp 0
387.0 261.0 352.0 351.0 322.0 340.0 357.0 250.0 Grasp 0
489.0 82.0 468.0 138.0 441.0 127.0 463.0 72.0 Grasp 0
432.0 101.0 407.0 164.0 380.0 154.0 405.0 90.0 Grasp 0
