552.0 276.0 448.0 246.0 458.0 211.0 562.0 240.0 Grasp 0
388.0 235.0 388.0 314.0 359.0 314.0 359.0 235.0 Grasp 0
619.0 125.0 527.0 98.0 537.0 61.0 630.0 87.0 Grasp 0
254.0 322.0 170.0 280.0 183.0 252.0 267.0 294.0 Grasp 0
373.0 238.0 359.0 314.0 330.0 308.0 344.0 233.0 Grasp 0
535.0 296.0 442.0 249.0 458.0 216.0 552.0 263.0 Grasp 0
589.0 175.0 506.0 134.0 523.0 100.0 606.0 141.0 Grasp 0
600.0 157.0 516.0 115.0 533.0 81.0 617.0 122.0 Grasp 0
250.0 333.0 178.0 312.0 186.0 282.0 259.0 303.0 Grasp 0
555.0 262.0 457.0 234.0 468.0 198.0 566.0 226.0 Grasp 0
574.0 210.0 490.0 169.0 507.0 134.0 591.0 176.0 Grasp 0
252.0 219.0 252.0 332.0 221.0 332.0 221.0 219.0 Grasp 0
252.0 309.0 169.0 247.0 187.0 222.0 270.0 285.0 Grasp 0
579.0 218.0 465.0 208.0 468.0 170.0 582.0 180.0 Grasp 0
558.0 249.0 462.0 222.0 473.0 186.0 568.0 213.0 Grasp 0
228.0 226.0 228.0 333.0 198.0 333.0 198.0 226.0 Grasp 0
550.0 260.0 467.0 198.0 490.0 168.0 572.0 230.0 Grasp 0
250.0 330.0 172.0 291.0 186.0 264.0 264.0 303.0 Grasp 0
563.0 235.0 472.0 210.0 482.0 173.0 573.0 199.0 Grasp 0
580.0 190.0 499.0 150.0 516.0 115.0 597.0 156.0 Grasp 0
560.0 226.0 483.0 187.0 500.0 153.0 577.0 192.0 Grasp 0
260.0 139.0 193.0 158.0 184.0 129.0 252.0 110.0 Grasp 0
253.0 327.0 184.0 333.0 181.0 303.0 250.0 296.0 Grasp 0
615.0 138.0 521.0 112.0 532.0 74.0 626.0 101.0 Grasp 0
