491.0 128.0 487.0 151.0 459.0 146.0 463.0 122.0 Grasp 0
508.0 329.0 468.0 285.0 489.0 265.0 530.0 309.0 Grasp 0
518.0 154.0 502.0 172.0 481.0 153.0 497.0 135.0 Grasp 0
441.0 359.0 409.0 306.0 434.0 291.0 467.0 343.0 Grasp 0
430.0 56.0 414.0 52.0 422.0 24.0 438.0 29.0 Grasp 0
304.0 70.0 237.0 51.0 245.0 23.0 312.0 43.0 Grasp 0
404.0 294.0 360.0 327.0 342.0 303.0 386.0 270.0 Grasp 0
310.0 65.0 247.0 34.0 260.0 8.0 323.0 40.0 Grasp 0
562.0 268.0 525.0 240.0 543.0 217.0 579.0 244.0 Grasp 0
420.0 345.0 402.0 391.0 374.0 380.0 391.0 334.0 Grasp 0
478.0 120.0 478.0 144.0 450.0 144.0 450.0 120.0 Grasp 0
243.0 391.0 190.0 334.0 211.0 314.0 264.0 372.0 Grasp 0
412.0 333.0 393.0 381.0 364.0 370.0 383.0 322.0 Grasp 0
313.0 110.0 249.0 116.0 246.0 88.0 311.0 82.0 Grasp 0
169.0 417.0 127.0 371.0 149.0 351.0 190.0 397.0 Grasp 0
549.0 278.0 514.0 252.0 531.0 228.0 566.0 255.0 Grasp 0
548.0 187.0 527.0 197.0 515.0 172.0 535.0 162.0 Grasp 0
462.0 351.0 432.0 303.0 457.0 287.0 487.0 336.0 Grasp 0
511.0 328.0 480.0 278.0 505.0 263.0 536.0 313.0 Grasp 0
418.0 313.0 390.0 359.0 363.0 342.0 392.0 297.0 Grasp 0
421.0 329.0 403.0 375.0 374.0 364.0 392.0 318.0 Grasp 0
509.0 314.0 467.0 268.0 489.0 248.0 531.0 294.0 Grasp 0
387.0 317.0 343.0 350.0 325.0 326.0 369.0 293.0 Grasp 0
464.0 370.0 431.0 318.0 456.0 302.0 489.0 354.0 Grasp 0
191.0 405.0 166.0 340.0 193.0 330.0 218.0 394.0 Grasp 0
270.0 372.0 215.0 312.0 236.0 293.0 291.0 353.0 Grasp 0
406.0 71.0 402.0 94.0 374.0 89.0 378.0 66.0 Grasp 0
474.0 108.0 419.0 135.0 406.0 109.0 461.0 82.0 Grasp 0
301.0 106.0 235.0 100.0 238.0 72.0 303.0 78.0 Grasp 0
312.0 94.0 244.0 88.0 247.0 59.0 315.0 65.0 Grasp 0
205.0 395.0 167.0 333.0 191.0 318.0 230.0 380.0 Grasp 0
365.0 277.0 299.0 245.0 312.0 218.0 378.0 251.0 Grasp 0
417.0 320.0 400.0 364.0 372.0 353.0 389.0 309.0 Grasp 0
340.0 44.0 264.0 51.0 261.0 22.0 338.0 15.0 Grasp 0
412.0 305.0 377.0 343.0 355.0 323.0 390.0 285.0 Grasp 0
423.0 138.0 396.0 69.0 423.0 59.0 450.0 128.0 Grasp 0
487.0 342.0 457.0 293.0 482.0 277.0 512.0 326.0 Grasp 0
401.0 321.0 365.0 361.0 343.0 341.0 379.0 301.0 Grasp 0
456.0 335.0 445.0 275.0 474.0 270.0 485.0 329.0 Grasp 0
434.0 323.0 415.0 371.0 386.0 360.0 404.0 312.0 Grasp 0
264.0 383.0 210.0 323.0 231.0 304.0 285.0 363.0 Grasp 0
374.0 303.0 332.0 335.0 314.0 311.0 356.0 280.0 Grasp 0
180.0 402.0 146.0 347.0 171.0 332.0 205.0 387.0 Grasp 0
176.0 426.0 143.0 374.0 169.0 358.0 202.0 411.0 Grasp 0
569.0 219.0 549.0 220.0 546.0 192.0 566.0 191.0 Grasp 0
254.0 361.0 200.0 301.0 221.0 282.0 275.0 342.0 Grasp 0
321.0 81.0 258.0 50.0 271.0 24.0 334.0 55.0 Grasp 0
508.0 133.0 503.0 156.0 475.0 151.0 480.0 127.0 Grasp 0
325.0 90.0 258.0 71.0 266.0 44.0 333.0 63.0 Grasp 0
404.0 209.0 394.0 184.0 423.0 173.0 433.0 198.0 Grasp 0
473.0 358.0 441.0 307.0 467.0 291.0 499.0 343.0 Grasp 0
394.0 260.0 367.0 189.0 395.0 178.0 423.0 249.0 Grasp 0
401.0 331.0 373.0 375.0 347.0 359.0 374.0 315.0 Grasp 0
533.0 314.0 501.0 263.0 526.0 247.0 558.0 298.0 Grasp 0
287.0 351.0 230.0 308.0 248.0 284.0 305.0 327.0 Grasp 0
208.0 381.0 167.0 314.0 192.0 299.0 233.0 365.0 Grasp 0
417.0 199.0 417.0 229.0 386.0 229.0 386.0 199.0 Grasp 0
235.0 380.0 194.0 314.0 218.0 299.0 260.0 365.0 Grasp 0
536.0 296.0 495.0 252.0 517.0 232.0 558.0 276.0 Grasp 0
464.0 55.0 405.0 84.0 392.0 59.0 451.0 29.0 Grasp 0
492.0 323.0 441.0 297.0 454.0 271.0 505.0 296.0 Grasp 0
522.0 297.0 480.0 251.0 502.0 231.0 544.0 277.0 Grasp 0
390.0 292.0 348.0 324.0 330.0 301.0 373.0 269.0 Grasp 0
217.0 408.0 168.0 355.0 190.0 336.0 238.0 389.0 Grasp 0
489.0 322.0 451.0 280.0 473.0 261.0 511.0 302.0 Grasp 0
541.0 172.0 523.0 187.0 505.0 164.0 524.0 150.0 Grasp 0
203.0 416.0 160.0 369.0 182.0 349.0 225.0 396.0 Grasp 0
464.0 79.0 390.0 73.0 393.0 44.0 466.0 51.0 Grasp 0
477.0 324.0 456.0 270.0 484.0 259.0 505.0 314.0 Grasp 0
602.0 230.0 599.0 249.0 571.0 244.0 574.0 225.0 Grasp 0
476.0 336.0 436.0 293.0 458.0 273.0 498.0 316.0 Grasp 0
298.0 114.0 237.0 132.0 229.0 104.0 291.0 87.0 Grasp 0
414.0 149.0 394.0 134.0 411.0 111.0 431.0 126.0 Grasp 0
579.0 229.0 559.0 231.0 557.0 202.0 576.0 200.0 Grasp 0
464.0 96.0 413.0 121.0 400.0 96.0 451.0 70.0 Grasp 0
322.0 104.0 255.0 98.0 258.0 69.0 325.0 76.0 Grasp 0
523.0 318.0 483.0 274.0 505.0 254.0 544.0 298.0 Grasp 0
179.0 413.0 146.0 360.0 171.0 344.0 204.0 398.0 Grasp 0
231.0 391.0 180.0 335.0 201.0 316.0 252.0 372.0 Grasp 0
384.0 305.0 344.0 335.0 326.0 311.0 366.0 281.0 Grasp 0
456.0 79.0 412.0 127.0 391.0 107.0 435.0 59.0 Grasp 0
412.0 141.0 393.0 126.0 410.0 104.0 429.0 118.0 Grasp 0
412.0 161.0 392.0 147.0 410.0 124.0 429.0 139.0 Grasp 0
558.0 291.0 527.0 257.0 549.0 237.0 580.0 271.0 Grasp 0
303.0 91.0 238.0 72.0 246.0 44.0 311.0 63.0 Grasp 0
295.0 85.0 231.0 54.0 244.0 28.0 307.0 59.0 Grasp 0
402.0 66.0 398.0 83.0 370.0 78.0 373.0 61.0 Grasp 0
501.0 320.0 489.0 258.0 519.0 253.0 530.0 315.0 Grasp 0
434.0 352.0 422.0 291.0 451.0 286.0 463.0 346.0 Grasp 0
339.0 47.0 270.0 66.0 262.0 38.0 331.0 19.0 Grasp 0
389.0 205.0 380.0 182.0 407.0 171.0 416.0 195.0 Grasp 0
450.0 112.0 391.0 107.0 393.0 78.0 453.0 84.0 Grasp 0
223.0 369.0 182.0 303.0 206.0 288.0 247.0 354.0 Grasp 0
400.0 305.0 365.0 342.0 343.0 322.0 378.0 285.0 Grasp 0
174.0 430.0 132.0 384.0 154.0 364.0 196.0 410.0 Grasp 0
552.0 297.0 511.0 252.0 533.0 232.0 574.0 277.0 Grasp 0
469.0 278.0 469.0 338.0 440.0 338.0 440.0 278.0 Grasp 0
167.0 408.0 134.0 356.0 159.0 340.0 192.0 392.0 Grasp 0
531.0 304.0 509.0 246.0 537.0 235.0 559.0 293.0 Grasp 0
