345.0 60.0 256.0 52.0 259.0 23.0 347.0 31.0 Grasp 0
349.0 61.0 246.0 71.0 243.0 42.0 346.0 33.0 Grasp 0
325.0 81.0 244.0 74.0 246.0 46.0 328.0 53.0 Grasp 0
360.0 44.0 267.0 35.0 269.0 7.0 362.0 15.0 Grasp 0
421.0 279.0 383.0 376.0 356.0 365.0 393.0 268.0 Grasp 0
492.0 369.0 458.0 281.0 485.0 270.0 519.0 359.0 Grasp 0
508.0 275.0 490.0 370.0 461.0 365.0 478.0 269.0 Grasp 0
471.0 274.0 471.0 364.0 442.0 364.0 442.0 274.0 Grasp 0
509.0 275.0 509.0 364.0 480.0 364.0 480.0 275.0 Grasp 0
329.0 82.0 233.0 91.0 230.0 63.0 327.0 54.0 Grasp 0
329.0 64.0 268.0 33.0 281.0 8.0 342.0 38.0 Grasp 0
418.0 367.0 402.0 284.0 431.0 279.0 446.0 361.0 Grasp 0
325.0 92.0 209.0 124.0 201.0 97.0 317.0 64.0 Grasp 0
303.0 86.0 252.0 47.0 269.0 24.0 320.0 63.0 Grasp 0
319.0 149.0 248.0 227.0 226.0 207.0 296.0 129.0 Grasp 0
344.0 204.0 248.0 231.0 240.0 202.0 335.0 175.0 Grasp 0
411.0 236.0 374.0 208.0 391.0 185.0 428.0 213.0 Grasp 0
433.0 277.0 415.0 370.0 386.0 365.0 404.0 271.0 Grasp 0
447.0 274.0 429.0 370.0 400.0 365.0 418.0 268.0 Grasp 0
422.0 279.0 358.0 382.0 333.0 367.0 397.0 263.0 Grasp 0
345.0 182.0 260.0 247.0 242.0 223.0 327.0 158.0 Grasp 0
303.0 257.0 233.0 180.0 256.0 160.0 326.0 237.0 Grasp 0
498.0 273.0 479.0 372.0 450.0 366.0 469.0 267.0 Grasp 0
308.0 95.0 242.0 77.0 250.0 49.0 316.0 68.0 Grasp 0
457.0 276.0 457.0 364.0 428.0 364.0 428.0 276.0 Grasp 0
404.0 233.0 382.0 198.0 406.0 182.0 428.0 218.0 Grasp 0
394.0 244.0 368.0 202.0 392.0 187.0 418.0 229.0 Grasp 0
472.0 372.0 454.0 274.0 483.0 269.0 501.0 366.0 Grasp 0
335.0 202.0 245.0 176.0 253.0 147.0 343.0 173.0 Grasp 0
423.0 278.0 406.0 371.0 377.0 365.0 394.0 273.0 Grasp 0
