230.0 281.0 230.0 357.0 201.0 357.0 201.0 281.0 Grasp 0
248.0 366.0 219.0 292.0 246.0 281.0 275.0 356.0 Grasp 0
244.0 66.0 237.0 104.0 208.0 99.0 216.0 61.0 Grasp 0
213.0 368.0 187.0 301.0 214.0 291.0 240.0 357.0 Grasp 0
499.0 137.0 485.0 214.0 456.0 208.0 471.0 131.0 Grasp 0
232.0 69.0 226.0 100.0 198.0 95.0 204.0 63.0 Grasp 0
249.0 285.0 249.0 364.0 220.0 364.0 220.0 285.0 Grasp 0
512.0 115.0 498.0 190.0 469.0 184.0 483.0 110.0 Grasp 0
481.0 115.0 481.0 199.0 452.0 199.0 452.0 115.0 Grasp 0
396.0 311.0 371.0 270.0 397.0 254.0 422.0 295.0 Grasp 0
199.0 100.0 193.0 70.0 221.0 64.0 227.0 95.0 Grasp 0
261.0 283.0 261.0 364.0 232.0 364.0 232.0 283.0 Grasp 0
259.0 59.0 252.0 97.0 223.0 91.0 231.0 53.0 Grasp 0
218.0 370.0 203.0 293.0 232.0 287.0 247.0 365.0 Grasp 0
