354.0 82.0 294.0 65.0 302.0 36.0 362.0 53.0 Grasp 0
452.0 214.0 440.0 185.0 467.0 175.0 478.0 204.0 Grasp 0
369.0 87.0 317.0 62.0 331.0 35.0 382.0 61.0 Grasp 0
414.0 297.0 382.0 300.0 379.0 272.0 411.0 269.0 Grasp 0
436.0 229.0 425.0 202.0 452.0 191.0 462.0 219.0 Grasp 0
352.0 114.0 297.0 73.0 315.0 49.0 370.0 90.0 Grasp 0
366.0 128.0 323.0 80.0 345.0 60.0 388.0 108.0 Grasp 0
388.0 331.0 360.0 317.0 373.0 292.0 401.0 305.0 Grasp 0
428.0 276.0 397.0 279.0 395.0 250.0 426.0 248.0 Grasp 0
472.0 195.0 449.0 170.0 471.0 151.0 493.0 176.0 Grasp 0
244.0 150.0 244.0 171.0 214.0 171.0 214.0 150.0 Grasp 0
433.0 269.0 400.0 266.0 403.0 237.0 435.0 240.0 Grasp 0
465.0 229.0 436.0 231.0 433.0 203.0 462.0 200.0 Grasp 0
373.0 106.0 324.0 69.0 342.0 45.0 391.0 82.0 Grasp 0
458.0 235.0 426.0 245.0 418.0 217.0 450.0 208.0 Grasp 0
460.0 199.0 445.0 174.0 469.0 159.0 484.0 184.0 Grasp 0
250.0 147.0 247.0 167.0 217.0 161.0 221.0 142.0 Grasp 0
447.0 252.0 417.0 237.0 430.0 212.0 459.0 226.0 Grasp 0
267.0 316.0 243.0 297.0 260.0 275.0 285.0 293.0 Grasp 0
372.0 362.0 344.0 348.0 357.0 323.0 385.0 337.0 Grasp 0
335.0 117.0 271.0 85.0 284.0 59.0 348.0 90.0 Grasp 0
362.0 136.0 309.0 95.0 327.0 71.0 380.0 112.0 Grasp 0
344.0 111.0 284.0 81.0 297.0 54.0 357.0 84.0 Grasp 0
346.0 133.0 289.0 89.0 306.0 66.0 364.0 109.0 Grasp 0
359.0 361.0 336.0 349.0 348.0 324.0 372.0 336.0 Grasp 0
349.0 93.0 287.0 76.0 295.0 47.0 357.0 65.0 Grasp 0
383.0 341.0 354.0 327.0 367.0 301.0 395.0 315.0 Grasp 0
238.0 156.0 238.0 175.0 209.0 175.0 209.0 156.0 Grasp 0
466.0 213.0 433.0 216.0 431.0 187.0 464.0 184.0 Grasp 0
371.0 352.0 345.0 339.0 358.0 313.0 384.0 326.0 Grasp 0
267.0 326.0 237.0 311.0 250.0 285.0 280.0 300.0 Grasp 0
293.0 294.0 264.0 280.0 277.0 254.0 306.0 268.0 Grasp 0
447.0 246.0 415.0 255.0 407.0 228.0 440.0 219.0 Grasp 0
257.0 316.0 233.0 297.0 250.0 274.0 274.0 293.0 Grasp 0
449.0 247.0 416.0 244.0 418.0 216.0 451.0 219.0 Grasp 0
441.0 219.0 430.0 191.0 457.0 181.0 468.0 209.0 Grasp 0
251.0 326.0 228.0 308.0 245.0 285.0 268.0 303.0 Grasp 0
308.0 276.0 276.0 267.0 284.0 240.0 315.0 249.0 Grasp 0
278.0 305.0 248.0 290.0 261.0 264.0 291.0 279.0 Grasp 0
477.0 212.0 446.0 215.0 444.0 187.0 475.0 184.0 Grasp 0
406.0 295.0 380.0 276.0 397.0 253.0 423.0 272.0 Grasp 0
419.0 293.0 392.0 280.0 404.0 254.0 432.0 268.0 Grasp 0
361.0 108.0 310.0 69.0 328.0 46.0 379.0 84.0 Grasp 0
403.0 304.0 377.0 291.0 390.0 265.0 416.0 278.0 Grasp 0
414.0 278.0 393.0 261.0 410.0 238.0 432.0 255.0 Grasp 0
417.0 286.0 387.0 289.0 385.0 261.0 415.0 258.0 Grasp 0
461.0 209.0 446.0 184.0 470.0 169.0 485.0 194.0 Grasp 0
394.0 321.0 370.0 302.0 387.0 279.0 412.0 298.0 Grasp 0
446.0 229.0 436.0 203.0 463.0 192.0 473.0 218.0 Grasp 0
285.0 306.0 258.0 286.0 275.0 263.0 302.0 283.0 Grasp 0
290.0 298.0 260.0 301.0 257.0 272.0 287.0 269.0 Grasp 0
436.0 267.0 407.0 253.0 420.0 227.0 449.0 242.0 Grasp 0
459.0 242.0 427.0 239.0 429.0 210.0 462.0 214.0 Grasp 0
443.0 263.0 411.0 260.0 413.0 232.0 446.0 235.0 Grasp 0
478.0 205.0 461.0 178.0 488.0 161.0 505.0 188.0 Grasp 0
434.0 257.0 408.0 265.0 400.0 238.0 427.0 230.0 Grasp 0
206.0 189.0 202.0 169.0 231.0 164.0 235.0 184.0 Grasp 0
299.0 284.0 268.0 281.0 271.0 253.0 302.0 256.0 Grasp 0
455.0 228.0 423.0 231.0 421.0 203.0 453.0 200.0 Grasp 0
452.0 241.0 423.0 227.0 436.0 201.0 464.0 215.0 Grasp 0
