460.0 188.0 433.0 175.0 446.0 150.0 472.0 163.0 Grasp 0
431.0 227.0 413.0 198.0 438.0 183.0 456.0 212.0 Grasp 0
300.0 70.0 273.0 62.0 281.0 35.0 308.0 43.0 Grasp 0
355.0 150.0 324.0 152.0 321.0 124.0 352.0 121.0 Grasp 0
435.0 248.0 407.0 227.0 424.0 204.0 453.0 225.0 Grasp 0
362.0 191.0 337.0 203.0 324.0 178.0 349.0 165.0 Grasp 0
424.0 286.0 386.0 224.0 411.0 209.0 449.0 271.0 Grasp 0
307.0 54.0 277.0 46.0 285.0 19.0 314.0 27.0 Grasp 0
372.0 218.0 330.0 238.0 317.0 212.0 358.0 191.0 Grasp 0
258.0 75.0 253.0 46.0 281.0 41.0 286.0 70.0 Grasp 0
283.0 69.0 258.0 62.0 266.0 34.0 291.0 41.0 Grasp 0
364.0 169.0 337.0 172.0 334.0 143.0 361.0 141.0 Grasp 0
307.0 361.0 270.0 301.0 295.0 286.0 331.0 345.0 Grasp 0
469.0 170.0 441.0 162.0 449.0 135.0 477.0 143.0 Grasp 0
318.0 351.0 280.0 291.0 305.0 275.0 343.0 336.0 Grasp 0
354.0 174.0 325.0 177.0 322.0 148.0 352.0 145.0 Grasp 0
421.0 304.0 382.0 240.0 407.0 224.0 446.0 288.0 Grasp 0
232.0 116.0 213.0 94.0 234.0 75.0 253.0 97.0 Grasp 0
352.0 120.0 330.0 136.0 313.0 114.0 335.0 97.0 Grasp 0
284.0 345.0 259.0 278.0 285.0 268.0 311.0 334.0 Grasp 0
434.0 310.0 394.0 245.0 419.0 230.0 459.0 294.0 Grasp 0
369.0 193.0 334.0 219.0 317.0 196.0 352.0 170.0 Grasp 0
478.0 153.0 449.0 144.0 457.0 116.0 486.0 125.0 Grasp 0
219.0 126.0 199.0 105.0 220.0 86.0 240.0 107.0 Grasp 0
222.0 116.0 202.0 94.0 223.0 75.0 243.0 97.0 Grasp 0
297.0 372.0 252.0 323.0 273.0 303.0 318.0 353.0 Grasp 0
449.0 226.0 424.0 207.0 441.0 184.0 466.0 203.0 Grasp 0
461.0 198.0 435.0 185.0 448.0 159.0 474.0 172.0 Grasp 0
241.0 104.0 229.0 74.0 256.0 64.0 267.0 93.0 Grasp 0
319.0 56.0 291.0 42.0 304.0 17.0 332.0 31.0 Grasp 0
451.0 215.0 423.0 200.0 435.0 175.0 464.0 189.0 Grasp 0
274.0 344.0 248.0 278.0 275.0 267.0 301.0 334.0 Grasp 0
358.0 138.0 330.0 152.0 318.0 126.0 345.0 113.0 Grasp 0
294.0 376.0 246.0 339.0 263.0 315.0 312.0 352.0 Grasp 0
443.0 225.0 414.0 210.0 427.0 184.0 456.0 199.0 Grasp 0
433.0 232.0 406.0 211.0 423.0 188.0 451.0 209.0 Grasp 0
238.0 106.0 218.0 83.0 239.0 64.0 259.0 86.0 Grasp 0
359.0 155.0 329.0 158.0 327.0 130.0 357.0 127.0 Grasp 0
363.0 209.0 325.0 228.0 312.0 202.0 351.0 183.0 Grasp 0
368.0 148.0 341.0 162.0 328.0 137.0 356.0 123.0 Grasp 0
431.0 264.0 403.0 243.0 420.0 220.0 448.0 241.0 Grasp 0
363.0 128.0 336.0 141.0 323.0 116.0 350.0 102.0 Grasp 0
354.0 191.0 325.0 194.0 323.0 165.0 351.0 163.0 Grasp 0
250.0 90.0 240.0 65.0 267.0 55.0 277.0 80.0 Grasp 0
356.0 228.0 313.0 250.0 300.0 223.0 342.0 202.0 Grasp 0
318.0 341.0 290.0 269.0 316.0 259.0 344.0 331.0 Grasp 0
267.0 352.0 241.0 285.0 268.0 274.0 294.0 341.0 Grasp 0
479.0 144.0 452.0 136.0 460.0 109.0 487.0 116.0 Grasp 0
359.0 218.0 320.0 238.0 307.0 212.0 346.0 193.0 Grasp 0
459.0 213.0 432.0 200.0 445.0 174.0 472.0 187.0 Grasp 0
356.0 239.0 313.0 261.0 300.0 234.0 343.0 213.0 Grasp 0
290.0 68.0 270.0 45.0 291.0 26.0 311.0 49.0 Grasp 0
403.0 315.0 376.0 245.0 403.0 235.0 430.0 304.0 Grasp 0
325.0 40.0 296.0 26.0 309.0 1.0 337.0 15.0 Grasp 0
365.0 178.0 339.0 186.0 331.0 159.0 358.0 151.0 Grasp 0
473.0 158.0 443.0 150.0 451.0 122.0 481.0 130.0 Grasp 0
255.0 356.0 230.0 292.0 258.0 282.0 283.0 346.0 Grasp 0
454.0 197.0 425.0 189.0 433.0 161.0 461.0 169.0 Grasp 0
279.0 71.0 260.0 50.0 281.0 31.0 300.0 52.0 Grasp 0
419.0 253.0 402.0 225.0 427.0 210.0 444.0 238.0 Grasp 0
358.0 178.0 332.0 191.0 319.0 165.0 345.0 152.0 Grasp 0
441.0 210.0 420.0 186.0 442.0 166.0 463.0 190.0 Grasp 0
281.0 55.0 275.0 85.0 247.0 80.0 253.0 50.0 Grasp 0
258.0 85.0 253.0 57.0 281.0 51.0 286.0 79.0 Grasp 0
269.0 84.0 249.0 62.0 270.0 43.0 290.0 65.0 Grasp 0
312.0 60.0 282.0 52.0 290.0 24.0 320.0 33.0 Grasp 0
241.0 93.0 230.0 65.0 256.0 55.0 267.0 83.0 Grasp 0
288.0 283.0 276.0 347.0 247.0 342.0 259.0 278.0 Grasp 0
470.0 181.0 441.0 173.0 448.0 145.0 478.0 154.0 Grasp 0
