395.0 385.0 345.0 330.0 366.0 311.0 417.0 366.0 Grasp 0
611.0 263.0 541.0 256.0 544.0 226.0 613.0 233.0 Grasp 0
462.0 308.0 435.0 378.0 408.0 368.0 435.0 298.0 Grasp 0
249.0 182.0 200.0 177.0 203.0 147.0 252.0 151.0 Grasp 0
608.0 230.0 545.0 236.0 542.0 207.0 605.0 201.0 Grasp 0
293.0 396.0 266.0 351.0 290.0 336.0 318.0 381.0 Grasp 0
589.0 36.0 548.0 66.0 531.0 44.0 572.0 13.0 Grasp 0
221.0 310.0 179.0 264.0 200.0 244.0 242.0 290.0 Grasp 0
595.0 145.0 542.0 150.0 539.0 121.0 592.0 116.0 Grasp 0
616.0 267.0 546.0 274.0 543.0 244.0 613.0 238.0 Grasp 0
614.0 281.0 547.0 287.0 544.0 257.0 611.0 251.0 Grasp 0
489.0 302.0 462.0 371.0 435.0 361.0 462.0 291.0 Grasp 0
297.0 346.0 288.0 395.0 260.0 390.0 269.0 340.0 Grasp 0
178.0 430.0 102.0 392.0 115.0 366.0 191.0 404.0 Grasp 0
356.0 389.0 323.0 336.0 348.0 321.0 380.0 374.0 Grasp 0
603.0 219.0 544.0 214.0 547.0 184.0 605.0 189.0 Grasp 0
256.0 354.0 246.0 403.0 218.0 398.0 227.0 348.0 Grasp 0
381.0 392.0 313.0 341.0 330.0 318.0 399.0 370.0 Grasp 0
179.0 438.0 118.0 432.0 121.0 403.0 182.0 409.0 Grasp 0
439.0 267.0 366.0 303.0 353.0 278.0 426.0 242.0 Grasp 0
487.0 357.0 468.0 308.0 494.0 298.0 514.0 347.0 Grasp 0
466.0 306.0 454.0 369.0 426.0 364.0 438.0 301.0 Grasp 0
162.0 433.0 148.0 359.0 176.0 354.0 190.0 427.0 Grasp 0
262.0 120.0 215.0 155.0 198.0 132.0 244.0 97.0 Grasp 0
282.0 350.0 260.0 405.0 233.0 394.0 255.0 339.0 Grasp 0
597.0 167.0 536.0 162.0 539.0 132.0 600.0 138.0 Grasp 0
261.0 212.0 199.0 230.0 191.0 201.0 253.0 183.0 Grasp 0
190.0 409.0 174.0 367.0 201.0 357.0 217.0 398.0 Grasp 0
319.0 394.0 290.0 347.0 315.0 332.0 344.0 378.0 Grasp 0
618.0 237.0 545.0 258.0 537.0 229.0 610.0 208.0 Grasp 0
429.0 386.0 329.0 336.0 341.0 310.0 441.0 360.0 Grasp 0
242.0 219.0 185.0 191.0 199.0 164.0 255.0 192.0 Grasp 0
171.0 363.0 117.0 390.0 104.0 364.0 158.0 337.0 Grasp 0
334.0 391.0 304.0 343.0 329.0 327.0 359.0 376.0 Grasp 0
223.0 285.0 180.0 237.0 201.0 217.0 245.0 265.0 Grasp 0
233.0 269.0 190.0 237.0 207.0 213.0 250.0 246.0 Grasp 0
245.0 196.0 197.0 183.0 205.0 154.0 254.0 168.0 Grasp 0
430.0 382.0 358.0 328.0 375.0 305.0 447.0 359.0 Grasp 0
500.0 299.0 488.0 362.0 460.0 357.0 472.0 294.0 Grasp 0
602.0 149.0 549.0 164.0 541.0 136.0 594.0 120.0 Grasp 0
168.0 406.0 162.0 375.0 190.0 370.0 196.0 401.0 Grasp 0
626.0 247.0 556.0 299.0 538.0 275.0 607.0 223.0 Grasp 0
599.0 193.0 549.0 198.0 546.0 168.0 597.0 164.0 Grasp 0
282.0 396.0 256.0 353.0 280.0 338.0 307.0 380.0 Grasp 0
291.0 347.0 270.0 403.0 243.0 392.0 264.0 337.0 Grasp 0
355.0 394.0 308.0 342.0 329.0 323.0 376.0 374.0 Grasp 0
243.0 357.0 222.0 412.0 195.0 402.0 216.0 347.0 Grasp 0
462.0 308.0 413.0 386.0 389.0 371.0 437.0 293.0 Grasp 0
312.0 398.0 270.0 352.0 291.0 332.0 333.0 379.0 Grasp 0
382.0 388.0 332.0 334.0 353.0 315.0 403.0 369.0 Grasp 0
195.0 381.0 142.0 440.0 120.0 420.0 173.0 362.0 Grasp 0
179.0 358.0 143.0 452.0 116.0 441.0 152.0 348.0 Grasp 0
481.0 303.0 481.0 358.0 452.0 358.0 452.0 303.0 Grasp 0
601.0 172.0 543.0 178.0 540.0 148.0 598.0 143.0 Grasp 0
194.0 410.0 115.0 351.0 133.0 328.0 211.0 387.0 Grasp 0
183.0 368.0 127.0 429.0 106.0 409.0 161.0 348.0 Grasp 0
470.0 305.0 470.0 361.0 441.0 361.0 441.0 305.0 Grasp 0
426.0 255.0 358.0 306.0 341.0 283.0 408.0 232.0 Grasp 0
180.0 415.0 117.0 397.0 125.0 369.0 188.0 387.0 Grasp 0
592.0 57.0 550.0 88.0 532.0 66.0 574.0 34.0 Grasp 0
233.0 376.0 119.0 387.0 117.0 358.0 230.0 347.0 Grasp 0
208.0 381.0 132.0 418.0 119.0 393.0 195.0 355.0 Grasp 0
203.0 375.0 152.0 458.0 127.0 443.0 178.0 360.0 Grasp 0
407.0 202.0 347.0 136.0 368.0 117.0 428.0 183.0 Grasp 0
172.0 430.0 104.0 356.0 126.0 337.0 194.0 411.0 Grasp 0
164.0 356.0 120.0 378.0 107.0 352.0 151.0 330.0 Grasp 0
608.0 198.0 540.0 217.0 532.0 188.0 600.0 169.0 Grasp 0
303.0 391.0 286.0 347.0 313.0 337.0 330.0 381.0 Grasp 0
179.0 433.0 110.0 413.0 118.0 385.0 187.0 405.0 Grasp 0
178.0 370.0 122.0 412.0 105.0 389.0 161.0 347.0 Grasp 0
457.0 309.0 380.0 395.0 358.0 375.0 436.0 290.0 Grasp 0
182.0 408.0 152.0 331.0 179.0 321.0 209.0 398.0 Grasp 0
222.0 407.0 114.0 376.0 122.0 349.0 230.0 379.0 Grasp 0
