599.0 243.0 559.0 247.0 556.0 219.0 596.0 215.0 Grasp 0
369.0 228.0 301.0 279.0 281.0 253.0 349.0 202.0 Grasp 0
600.0 212.0 560.0 216.0 558.0 188.0 598.0 184.0 Grasp 0
331.0 173.0 239.0 219.0 223.0 188.0 315.0 142.0 Grasp 0
592.0 289.0 556.0 286.0 558.0 258.0 595.0 261.0 Grasp 0
379.0 240.0 309.0 293.0 290.0 266.0 360.0 214.0 Grasp 0
595.0 269.0 557.0 265.0 560.0 237.0 597.0 240.0 Grasp 0
350.0 203.0 282.0 255.0 262.0 229.0 330.0 177.0 Grasp 0
318.0 142.0 279.0 242.0 246.0 230.0 285.0 130.0 Grasp 0
591.0 310.0 555.0 307.0 557.0 279.0 594.0 282.0 Grasp 0
597.0 237.0 559.0 233.0 561.0 205.0 599.0 209.0 Grasp 0
594.0 317.0 556.0 321.0 553.0 292.0 592.0 289.0 Grasp 0
428.0 313.0 335.0 359.0 319.0 328.0 412.0 282.0 Grasp 0
409.0 354.0 313.0 327.0 323.0 294.0 419.0 321.0 Grasp 0
330.0 158.0 259.0 236.0 233.0 213.0 304.0 135.0 Grasp 0
601.0 197.0 561.0 200.0 559.0 172.0 598.0 169.0 Grasp 0
602.0 181.0 562.0 185.0 559.0 157.0 599.0 153.0 Grasp 0
341.0 199.0 254.0 242.0 239.0 212.0 326.0 169.0 Grasp 0
414.0 294.0 337.0 353.0 316.0 325.0 393.0 266.0 Grasp 0
600.0 223.0 560.0 227.0 557.0 199.0 597.0 195.0 Grasp 0
597.0 275.0 558.0 279.0 555.0 251.0 595.0 247.0 Grasp 0
359.0 219.0 295.0 268.0 275.0 241.0 339.0 193.0 Grasp 0
400.0 270.0 330.0 346.0 305.0 323.0 375.0 247.0 Grasp 0
601.0 164.0 564.0 160.0 567.0 132.0 604.0 135.0 Grasp 0
296.0 139.0 278.0 237.0 244.0 230.0 262.0 132.0 Grasp 0
398.0 281.0 322.0 319.0 307.0 289.0 383.0 251.0 Grasp 0
387.0 250.0 314.0 305.0 295.0 279.0 367.0 224.0 Grasp 0
592.0 300.0 556.0 297.0 558.0 268.0 595.0 272.0 Grasp 0
392.0 260.0 317.0 317.0 297.0 290.0 372.0 233.0 Grasp 0
356.0 167.0 307.0 294.0 275.0 281.0 324.0 154.0 Grasp 0
430.0 303.0 360.0 379.0 334.0 356.0 404.0 279.0 Grasp 0
323.0 139.0 302.0 253.0 268.0 247.0 289.0 132.0 Grasp 0
609.0 153.0 569.0 173.0 556.0 147.0 596.0 127.0 Grasp 0
335.0 185.0 247.0 228.0 231.0 197.0 319.0 153.0 Grasp 0
595.0 258.0 558.0 255.0 560.0 227.0 598.0 230.0 Grasp 0
612.0 231.0 561.0 269.0 544.0 247.0 595.0 208.0 Grasp 0
425.0 322.0 318.0 332.0 315.0 297.0 422.0 287.0 Grasp 0
606.0 257.0 559.0 281.0 547.0 255.0 594.0 232.0 Grasp 0
419.0 294.0 351.0 369.0 325.0 345.0 393.0 270.0 Grasp 0
320.0 149.0 251.0 224.0 226.0 201.0 294.0 126.0 Grasp 0
328.0 192.0 233.0 201.0 230.0 165.0 325.0 157.0 Grasp 0
426.0 335.0 322.0 344.0 319.0 310.0 423.0 300.0 Grasp 0
609.0 214.0 561.0 238.0 548.0 213.0 596.0 189.0 Grasp 0
320.0 203.0 233.0 178.0 243.0 145.0 330.0 169.0 Grasp 0
