459.0 281.0 445.0 356.0 416.0 350.0 430.0 276.0 Grasp 0
568.0 110.0 521.0 33.0 545.0 18.0 593.0 95.0 Grasp 0
539.0 304.0 527.0 364.0 498.0 358.0 510.0 298.0 Grasp 0
526.0 139.0 491.0 48.0 517.0 38.0 553.0 129.0 Grasp 0
347.0 202.0 284.0 155.0 303.0 130.0 366.0 177.0 Grasp 0
497.0 293.0 485.0 359.0 456.0 354.0 469.0 287.0 Grasp 0
356.0 182.0 321.0 144.0 343.0 123.0 379.0 162.0 Grasp 0
415.0 267.0 400.0 351.0 372.0 346.0 388.0 262.0 Grasp 0
477.0 286.0 464.0 358.0 435.0 352.0 449.0 281.0 Grasp 0
364.0 185.0 282.0 162.0 290.0 132.0 373.0 155.0 Grasp 0
553.0 125.0 490.0 56.0 511.0 37.0 575.0 106.0 Grasp 0
499.0 373.0 465.0 286.0 492.0 275.0 526.0 362.0 Grasp 0
427.0 271.0 412.0 352.0 384.0 347.0 399.0 266.0 Grasp 0
486.0 42.0 389.0 69.0 381.0 42.0 478.0 14.0 Grasp 0
431.0 265.0 431.0 354.0 403.0 354.0 403.0 265.0 Grasp 0
512.0 288.0 512.0 362.0 483.0 362.0 483.0 288.0 Grasp 0
441.0 266.0 441.0 355.0 413.0 355.0 413.0 266.0 Grasp 0
449.0 278.0 418.0 358.0 392.0 348.0 423.0 268.0 Grasp 0
532.0 301.0 506.0 369.0 479.0 358.0 505.0 290.0 Grasp 0
349.0 189.0 314.0 151.0 336.0 130.0 371.0 169.0 Grasp 0
510.0 150.0 474.0 59.0 501.0 49.0 536.0 140.0 Grasp 0
561.0 116.0 513.0 39.0 537.0 24.0 585.0 101.0 Grasp 0
400.0 262.0 384.0 349.0 357.0 344.0 373.0 257.0 Grasp 0
482.0 280.0 482.0 359.0 453.0 359.0 453.0 280.0 Grasp 0
509.0 371.0 479.0 293.0 506.0 282.0 536.0 360.0 Grasp 0
481.0 43.0 406.0 50.0 404.0 21.0 479.0 14.0 Grasp 0
536.0 132.0 500.0 41.0 527.0 31.0 562.0 122.0 Grasp 0
545.0 132.0 481.0 62.0 502.0 43.0 566.0 113.0 Grasp 0
