583.0 193.0 562.0 159.0 588.0 143.0 608.0 177.0 Grasp 0
572.0 210.0 531.0 165.0 553.0 144.0 594.0 189.0 Grasp 0
473.0 100.0 423.0 75.0 436.0 47.0 487.0 73.0 Grasp 0
474.0 113.0 418.0 85.0 432.0 58.0 488.0 86.0 Grasp 0
466.0 218.0 443.0 341.0 400.0 333.0 423.0 210.0 Grasp 0
297.0 117.0 218.0 177.0 200.0 154.0 280.0 94.0 Grasp 0
596.0 193.0 556.0 162.0 574.0 138.0 615.0 169.0 Grasp 0
470.0 139.0 412.0 95.0 430.0 71.0 488.0 114.0 Grasp 0
416.0 341.0 393.0 221.0 437.0 213.0 459.0 333.0 Grasp 0
474.0 85.0 429.0 72.0 438.0 43.0 482.0 55.0 Grasp 0
576.0 199.0 550.0 159.0 576.0 143.0 601.0 184.0 Grasp 0
546.0 365.0 486.0 267.0 528.0 241.0 588.0 339.0 Grasp 0
540.0 218.0 511.0 170.0 537.0 155.0 566.0 202.0 Grasp 0
564.0 339.0 531.0 364.0 514.0 340.0 546.0 316.0 Grasp 0
554.0 213.0 525.0 166.0 551.0 150.0 580.0 197.0 Grasp 0
517.0 177.0 413.0 98.0 432.0 74.0 536.0 152.0 Grasp 0
559.0 331.0 540.0 361.0 516.0 345.0 534.0 316.0 Grasp 0
571.0 359.0 509.0 258.0 552.0 231.0 615.0 332.0 Grasp 0
557.0 317.0 548.0 364.0 520.0 359.0 528.0 312.0 Grasp 0
