540.0 140.0 487.0 114.0 500.0 88.0 553.0 114.0 Grasp 0
539.0 124.0 488.0 98.0 501.0 72.0 552.0 98.0 Grasp 0
531.0 151.0 490.0 106.0 512.0 86.0 552.0 131.0 Grasp 0
527.0 164.0 478.0 127.0 496.0 104.0 545.0 141.0 Grasp 0
516.0 312.0 509.0 324.0 485.0 309.0 492.0 297.0 Grasp 0
491.0 312.0 478.0 322.0 461.0 299.0 474.0 289.0 Grasp 0
508.0 152.0 476.0 100.0 501.0 85.0 533.0 137.0 Grasp 0
531.0 314.0 526.0 327.0 500.0 316.0 505.0 304.0 Grasp 0
518.0 130.0 478.0 86.0 499.0 67.0 539.0 110.0 Grasp 0
522.0 154.0 473.0 116.0 490.0 93.0 540.0 130.0 Grasp 0
463.0 310.0 449.0 317.0 436.0 291.0 450.0 284.0 Grasp 0
512.0 178.0 469.0 131.0 491.0 111.0 533.0 158.0 Grasp 0
271.0 248.0 224.0 283.0 206.0 259.0 253.0 224.0 Grasp 0
500.0 191.0 468.0 139.0 492.0 124.0 524.0 176.0 Grasp 0
