404.0 211.0 377.0 279.0 356.0 271.0 383.0 202.0 Grasp 0
424.0 213.0 411.0 284.0 388.0 279.0 402.0 209.0 Grasp 0
360.0 282.0 333.0 214.0 355.0 205.0 381.0 273.0 Grasp 0
391.0 204.0 364.0 273.0 343.0 265.0 370.0 196.0 Grasp 0
442.0 213.0 428.0 290.0 405.0 286.0 420.0 209.0 Grasp 0
383.0 284.0 353.0 208.0 374.0 200.0 404.0 276.0 Grasp 0
467.0 216.0 435.0 297.0 414.0 289.0 446.0 208.0 Grasp 0
371.0 209.0 360.0 269.0 338.0 265.0 349.0 204.0 Grasp 0
363.0 208.0 351.0 269.0 329.0 265.0 341.0 204.0 Grasp 0
382.0 202.0 344.0 264.0 325.0 252.0 363.0 191.0 Grasp 0
479.0 229.0 420.0 294.0 404.0 279.0 462.0 214.0 Grasp 0
439.0 210.0 408.0 290.0 387.0 281.0 418.0 202.0 Grasp 0
467.0 217.0 452.0 296.0 430.0 292.0 445.0 212.0 Grasp 0
406.0 208.0 392.0 280.0 370.0 275.0 383.0 203.0 Grasp 0
357.0 216.0 349.0 258.0 327.0 254.0 335.0 212.0 Grasp 0
426.0 211.0 426.0 288.0 404.0 288.0 404.0 211.0 Grasp 0
408.0 202.0 408.0 288.0 386.0 288.0 386.0 202.0 Grasp 0
444.0 301.0 427.0 207.0 449.0 203.0 467.0 297.0 Grasp 0
361.0 276.0 348.0 208.0 371.0 204.0 383.0 272.0 Grasp 0
449.0 216.0 435.0 290.0 413.0 286.0 427.0 212.0 Grasp 0
341.0 274.0 329.0 214.0 352.0 210.0 363.0 270.0 Grasp 0
