324.0 223.0 272.0 166.0 289.0 151.0 341.0 208.0 Grasp 0
313.0 246.0 238.0 189.0 252.0 171.0 327.0 228.0 Grasp 0
274.0 263.0 225.0 210.0 242.0 195.0 291.0 248.0 Grasp 0
306.0 252.0 231.0 196.0 245.0 178.0 319.0 234.0 Grasp 0
317.0 239.0 255.0 171.0 272.0 156.0 334.0 224.0 Grasp 0
288.0 255.0 229.0 211.0 243.0 192.0 302.0 237.0 Grasp 0
279.0 261.0 235.0 190.0 255.0 178.0 298.0 249.0 Grasp 0
292.0 254.0 245.0 177.0 264.0 165.0 312.0 242.0 Grasp 0
305.0 240.0 252.0 182.0 269.0 167.0 322.0 225.0 Grasp 0
301.0 253.0 219.0 229.0 226.0 208.0 307.0 231.0 Grasp 0
