341.0 225.0 283.0 230.0 281.0 208.0 338.0 202.0 Grasp 0
349.0 242.0 291.0 258.0 285.0 236.0 342.0 220.0 Grasp 0
358.0 265.0 287.0 272.0 285.0 249.0 356.0 242.0 Grasp 0
354.0 308.0 318.0 318.0 312.0 297.0 348.0 286.0 Grasp 0
349.0 250.0 296.0 265.0 289.0 243.0 342.0 228.0 Grasp 0
351.0 233.0 285.0 251.0 279.0 230.0 345.0 211.0 Grasp 0
351.0 297.0 303.0 301.0 301.0 279.0 349.0 274.0 Grasp 0
343.0 202.0 277.0 221.0 271.0 199.0 337.0 180.0 Grasp 0
346.0 211.0 283.0 229.0 277.0 207.0 340.0 189.0 Grasp 0
354.0 270.0 300.0 285.0 294.0 263.0 348.0 248.0 Grasp 0
361.0 283.0 312.0 307.0 302.0 287.0 351.0 262.0 Grasp 0
337.0 192.0 290.0 227.0 276.0 209.0 323.0 173.0 Grasp 0
345.0 226.0 288.0 243.0 282.0 221.0 338.0 205.0 Grasp 0
359.0 253.0 295.0 285.0 285.0 265.0 349.0 233.0 Grasp 0
352.0 225.0 302.0 280.0 285.0 265.0 335.0 209.0 Grasp 0
338.0 195.0 276.0 213.0 269.0 192.0 332.0 174.0 Grasp 0
355.0 278.0 303.0 293.0 296.0 271.0 349.0 256.0 Grasp 0
343.0 190.0 292.0 247.0 275.0 231.0 327.0 174.0 Grasp 0
352.0 238.0 306.0 288.0 290.0 273.0 335.0 222.0 Grasp 0
356.0 294.0 314.0 315.0 304.0 295.0 346.0 274.0 Grasp 0
345.0 208.0 292.0 248.0 278.0 230.0 331.0 190.0 Grasp 0
348.0 225.0 270.0 218.0 272.0 195.0 350.0 203.0 Grasp 0
345.0 256.0 287.0 250.0 289.0 228.0 347.0 233.0 Grasp 0
