528.0 30.0 528.0 30.0 543.0 17.0 543.0 17.0 Grasp 0
314.0 299.0 239.0 278.0 245.0 257.0 320.0 278.0 Grasp 0
375.0 254.0 365.0 228.0 386.0 220.0 396.0 246.0 Grasp 0
363.0 229.0 353.0 281.0 332.0 277.0 341.0 225.0 Grasp 0
348.0 177.0 329.0 157.0 345.0 142.0 364.0 163.0 Grasp 0
300.0 314.0 241.0 297.0 247.0 275.0 306.0 292.0 Grasp 0
316.0 225.0 259.0 196.0 269.0 176.0 326.0 205.0 Grasp 0
335.0 193.0 313.0 167.0 329.0 152.0 352.0 178.0 Grasp 0
354.0 170.0 339.0 146.0 358.0 134.0 373.0 158.0 Grasp 0
350.0 185.0 316.0 168.0 326.0 148.0 360.0 165.0 Grasp 0
326.0 212.0 261.0 194.0 267.0 172.0 332.0 191.0 Grasp 0
343.0 188.0 317.0 159.0 334.0 144.0 360.0 173.0 Grasp 0
306.0 326.0 229.0 319.0 231.0 297.0 308.0 304.0 Grasp 0
303.0 323.0 234.0 303.0 240.0 282.0 309.0 301.0 Grasp 0
334.0 200.0 301.0 175.0 315.0 158.0 348.0 183.0 Grasp 0
334.0 205.0 284.0 180.0 294.0 160.0 344.0 185.0 Grasp 0
332.0 212.0 262.0 177.0 272.0 157.0 342.0 192.0 Grasp 0
380.0 160.0 362.0 131.0 381.0 120.0 399.0 148.0 Grasp 0
327.0 230.0 246.0 207.0 252.0 185.0 333.0 208.0 Grasp 0
333.0 215.0 256.0 208.0 258.0 185.0 336.0 193.0 Grasp 0
309.0 291.0 224.0 249.0 234.0 229.0 319.0 271.0 Grasp 0
395.0 265.0 378.0 220.0 398.0 212.0 416.0 258.0 Grasp 0
370.0 222.0 358.0 286.0 336.0 282.0 348.0 217.0 Grasp 0
388.0 223.0 381.0 261.0 359.0 257.0 367.0 219.0 Grasp 0
420.0 222.0 405.0 260.0 384.0 252.0 399.0 214.0 Grasp 0
377.0 220.0 366.0 282.0 344.0 278.0 356.0 216.0 Grasp 0
430.0 230.0 420.0 256.0 400.0 248.0 409.0 223.0 Grasp 0
370.0 162.0 355.0 138.0 373.0 126.0 388.0 150.0 Grasp 0
390.0 264.0 367.0 226.0 386.0 215.0 409.0 252.0 Grasp 0
317.0 222.0 269.0 186.0 282.0 168.0 330.0 204.0 Grasp 0
320.0 215.0 290.0 181.0 306.0 166.0 337.0 200.0 Grasp 0
361.0 258.0 351.0 232.0 372.0 224.0 382.0 250.0 Grasp 0
350.0 232.0 267.0 208.0 273.0 186.0 356.0 210.0 Grasp 0
326.0 302.0 229.0 293.0 231.0 271.0 328.0 280.0 Grasp 0
368.0 168.0 345.0 143.0 362.0 128.0 384.0 153.0 Grasp 0
394.0 213.0 366.0 285.0 346.0 277.0 374.0 205.0 Grasp 0
371.0 165.0 371.0 254.0 348.0 254.0 348.0 165.0 Grasp 0
370.0 259.0 358.0 229.0 379.0 221.0 390.0 251.0 Grasp 0
