328.0 255.0 287.0 210.0 304.0 194.0 345.0 240.0 Grasp 0
268.0 191.0 244.0 253.0 223.0 245.0 247.0 182.0 Grasp 0
349.0 233.0 287.0 264.0 276.0 244.0 339.0 213.0 Grasp 0
315.0 259.0 260.0 218.0 274.0 199.0 329.0 241.0 Grasp 0
324.0 258.0 275.0 221.0 289.0 203.0 338.0 240.0 Grasp 0
328.0 241.0 293.0 214.0 307.0 196.0 342.0 222.0 Grasp 0
337.0 246.0 276.0 252.0 274.0 229.0 335.0 224.0 Grasp 0
280.0 199.0 260.0 249.0 239.0 241.0 259.0 191.0 Grasp 0
339.0 246.0 293.0 269.0 283.0 248.0 329.0 225.0 Grasp 0
325.0 195.0 299.0 262.0 277.0 254.0 303.0 187.0 Grasp 0
347.0 231.0 274.0 252.0 267.0 229.0 340.0 209.0 Grasp 0
247.0 249.0 235.0 188.0 258.0 184.0 269.0 245.0 Grasp 0
299.0 206.0 289.0 261.0 266.0 257.0 277.0 202.0 Grasp 0
301.0 281.0 275.0 213.0 296.0 205.0 322.0 272.0 Grasp 0
283.0 206.0 276.0 243.0 254.0 239.0 261.0 202.0 Grasp 0
281.0 212.0 233.0 248.0 219.0 229.0 267.0 193.0 Grasp 0
272.0 199.0 253.0 248.0 232.0 240.0 251.0 190.0 Grasp 0
344.0 215.0 280.0 247.0 270.0 226.0 334.0 194.0 Grasp 0
322.0 275.0 282.0 211.0 302.0 199.0 341.0 263.0 Grasp 0
