348.0 207.0 279.0 227.0 273.0 205.0 342.0 185.0 Grasp 0
347.0 196.0 275.0 216.0 269.0 194.0 341.0 174.0 Grasp 0
341.0 180.0 279.0 197.0 273.0 175.0 335.0 157.0 Grasp 0
357.0 243.0 281.0 250.0 279.0 228.0 355.0 221.0 Grasp 0
359.0 282.0 286.0 289.0 284.0 267.0 357.0 260.0 Grasp 0
367.0 288.0 283.0 312.0 277.0 290.0 361.0 267.0 Grasp 0
364.0 288.0 283.0 296.0 281.0 274.0 362.0 266.0 Grasp 0
346.0 202.0 270.0 194.0 272.0 172.0 348.0 179.0 Grasp 0
351.0 224.0 281.0 244.0 274.0 222.0 345.0 202.0 Grasp 0
354.0 196.0 280.0 252.0 266.0 234.0 341.0 178.0 Grasp 0
360.0 247.0 280.0 270.0 274.0 248.0 354.0 226.0 Grasp 0
361.0 266.0 281.0 289.0 275.0 267.0 355.0 245.0 Grasp 0
360.0 258.0 282.0 281.0 276.0 259.0 354.0 237.0 Grasp 0
354.0 226.0 272.0 218.0 274.0 196.0 356.0 203.0 Grasp 0
371.0 324.0 286.0 332.0 284.0 310.0 369.0 302.0 Grasp 0
371.0 306.0 285.0 330.0 279.0 309.0 365.0 285.0 Grasp 0
350.0 234.0 277.0 227.0 279.0 205.0 352.0 212.0 Grasp 0
348.0 185.0 273.0 207.0 266.0 185.0 341.0 163.0 Grasp 0
347.0 215.0 283.0 233.0 277.0 211.0 341.0 193.0 Grasp 0
357.0 260.0 280.0 253.0 282.0 231.0 359.0 238.0 Grasp 0
