332.0 204.0 304.0 133.0 325.0 124.0 353.0 196.0 Grasp 0
334.0 191.0 310.0 130.0 332.0 121.0 355.0 182.0 Grasp 0
375.0 141.0 353.0 117.0 370.0 101.0 392.0 126.0 Grasp 0
300.0 126.0 233.0 146.0 226.0 123.0 294.0 104.0 Grasp 0
287.0 72.0 251.0 75.0 249.0 52.0 285.0 49.0 Grasp 0
385.0 134.0 366.0 104.0 386.0 92.0 404.0 122.0 Grasp 0
296.0 102.0 253.0 115.0 246.0 93.0 290.0 80.0 Grasp 0
350.0 159.0 334.0 119.0 356.0 110.0 371.0 151.0 Grasp 0
292.0 116.0 255.0 126.0 249.0 104.0 285.0 94.0 Grasp 0
302.0 134.0 223.0 156.0 217.0 134.0 296.0 112.0 Grasp 0
366.0 151.0 340.0 122.0 357.0 107.0 383.0 135.0 Grasp 0
341.0 162.0 323.0 133.0 343.0 121.0 361.0 150.0 Grasp 0
292.0 85.0 249.0 89.0 247.0 66.0 290.0 62.0 Grasp 0
288.0 99.0 255.0 102.0 253.0 79.0 286.0 76.0 Grasp 0
299.0 119.0 242.0 135.0 236.0 113.0 293.0 97.0 Grasp 0
337.0 171.0 314.0 134.0 333.0 122.0 356.0 158.0 Grasp 0
346.0 156.0 331.0 130.0 350.0 118.0 366.0 143.0 Grasp 0
382.0 137.0 360.0 113.0 377.0 97.0 399.0 122.0 Grasp 0
287.0 64.0 251.0 67.0 249.0 44.0 285.0 41.0 Grasp 0
358.0 155.0 332.0 127.0 349.0 111.0 375.0 140.0 Grasp 0
373.0 144.0 356.0 101.0 377.0 92.0 394.0 136.0 Grasp 0
