541.0 31.0 541.0 31.0 530.0 16.0 530.0 16.0 Grasp 0
343.0 136.0 293.0 217.0 273.0 204.0 323.0 124.0 Grasp 0
336.0 121.0 309.0 100.0 323.0 81.0 350.0 102.0 Grasp 0
446.0 225.0 420.0 205.0 434.0 186.0 461.0 206.0 Grasp 0
380.0 93.0 364.0 52.0 386.0 44.0 402.0 85.0 Grasp 0
340.0 180.0 293.0 231.0 276.0 215.0 322.0 164.0 Grasp 0
473.0 152.0 437.0 156.0 435.0 132.0 471.0 129.0 Grasp 0
347.0 105.0 325.0 81.0 343.0 65.0 364.0 89.0 Grasp 0
404.0 273.0 379.0 209.0 401.0 200.0 426.0 264.0 Grasp 0
471.0 121.0 436.0 131.0 429.0 108.0 464.0 98.0 Grasp 0
355.0 104.0 331.0 77.0 348.0 61.0 372.0 88.0 Grasp 0
407.0 263.0 390.0 219.0 412.0 210.0 429.0 254.0 Grasp 0
421.0 256.0 405.0 215.0 427.0 207.0 443.0 247.0 Grasp 0
367.0 209.0 328.0 252.0 310.0 236.0 350.0 193.0 Grasp 0
328.0 169.0 276.0 208.0 262.0 190.0 314.0 150.0 Grasp 0
386.0 205.0 386.0 269.0 362.0 269.0 362.0 205.0 Grasp 0
409.0 208.0 396.0 275.0 373.0 271.0 386.0 204.0 Grasp 0
323.0 170.0 274.0 194.0 264.0 173.0 312.0 149.0 Grasp 0
469.0 187.0 432.0 183.0 434.0 160.0 471.0 163.0 Grasp 0
439.0 235.0 416.0 209.0 433.0 193.0 456.0 219.0 Grasp 0
319.0 148.0 286.0 139.0 293.0 116.0 326.0 126.0 Grasp 0
410.0 44.0 401.0 93.0 377.0 89.0 387.0 40.0 Grasp 0
350.0 196.0 311.0 239.0 293.0 223.0 332.0 180.0 Grasp 0
342.0 189.0 303.0 231.0 286.0 215.0 324.0 173.0 Grasp 0
398.0 212.0 388.0 266.0 365.0 262.0 375.0 208.0 Grasp 0
384.0 207.0 335.0 260.0 317.0 244.0 366.0 191.0 Grasp 0
419.0 207.0 419.0 272.0 395.0 272.0 395.0 207.0 Grasp 0
341.0 115.0 314.0 94.0 328.0 76.0 355.0 96.0 Grasp 0
329.0 185.0 281.0 209.0 270.0 188.0 319.0 164.0 Grasp 0
466.0 107.0 435.0 122.0 425.0 101.0 456.0 86.0 Grasp 0
465.0 87.0 431.0 113.0 417.0 94.0 451.0 68.0 Grasp 0
382.0 273.0 370.0 206.0 393.0 202.0 406.0 269.0 Grasp 0
374.0 95.0 353.0 61.0 373.0 49.0 394.0 83.0 Grasp 0
365.0 99.0 344.0 65.0 364.0 53.0 385.0 87.0 Grasp 0
315.0 168.0 275.0 171.0 272.0 148.0 313.0 144.0 Grasp 0
426.0 250.0 402.0 224.0 420.0 208.0 443.0 234.0 Grasp 0
474.0 128.0 436.0 139.0 429.0 116.0 468.0 105.0 Grasp 0
472.0 139.0 438.0 143.0 436.0 119.0 470.0 116.0 Grasp 0
457.0 206.0 426.0 190.0 436.0 169.0 467.0 184.0 Grasp 0
322.0 159.0 276.0 163.0 274.0 139.0 319.0 135.0 Grasp 0
437.0 242.0 409.0 220.0 423.0 202.0 452.0 223.0 Grasp 0
392.0 213.0 373.0 264.0 351.0 255.0 370.0 205.0 Grasp 0
468.0 175.0 436.0 172.0 438.0 149.0 470.0 152.0 Grasp 0
329.0 125.0 305.0 106.0 319.0 87.0 343.0 106.0 Grasp 0
430.0 250.0 408.0 214.0 428.0 201.0 451.0 237.0 Grasp 0
327.0 141.0 290.0 130.0 296.0 107.0 334.0 118.0 Grasp 0
319.0 154.0 281.0 150.0 283.0 127.0 321.0 130.0 Grasp 0
470.0 164.0 436.0 161.0 439.0 137.0 472.0 140.0 Grasp 0
467.0 99.0 430.0 117.0 420.0 97.0 457.0 78.0 Grasp 0
461.0 195.0 433.0 187.0 439.0 164.0 468.0 172.0 Grasp 0
339.0 266.0 339.0 185.0 363.0 185.0 363.0 266.0 Grasp 0
452.0 213.0 426.0 200.0 436.0 179.0 463.0 192.0 Grasp 0
372.0 200.0 372.0 265.0 348.0 265.0 348.0 200.0 Grasp 0
342.0 174.0 342.0 249.0 319.0 249.0 319.0 174.0 Grasp 0
327.0 132.0 299.0 117.0 309.0 96.0 338.0 111.0 Grasp 0
328.0 172.0 285.0 219.0 268.0 203.0 311.0 156.0 Grasp 0
419.0 274.0 354.0 203.0 371.0 187.0 436.0 258.0 Grasp 0
386.0 206.0 351.0 263.0 330.0 250.0 366.0 194.0 Grasp 0
