385.0 230.0 371.0 215.0 387.0 200.0 401.0 215.0 Grasp 0
277.0 286.0 255.0 251.0 274.0 239.0 296.0 275.0 Grasp 0
289.0 279.0 264.0 252.0 281.0 237.0 305.0 264.0 Grasp 0
354.0 246.0 333.0 230.0 346.0 213.0 367.0 229.0 Grasp 0
263.0 289.0 245.0 259.0 264.0 248.0 282.0 277.0 Grasp 0
356.0 218.0 348.0 259.0 327.0 255.0 335.0 214.0 Grasp 0
304.0 270.0 282.0 245.0 298.0 230.0 321.0 255.0 Grasp 0
375.0 241.0 349.0 221.0 362.0 204.0 388.0 224.0 Grasp 0
316.0 269.0 288.0 239.0 305.0 224.0 332.0 255.0 Grasp 0
314.0 264.0 298.0 238.0 317.0 226.0 333.0 252.0 Grasp 0
383.0 207.0 367.0 250.0 346.0 242.0 363.0 199.0 Grasp 0
297.0 278.0 269.0 247.0 285.0 232.0 313.0 263.0 Grasp 0
394.0 231.0 367.0 217.0 377.0 198.0 404.0 212.0 Grasp 0
348.0 251.0 319.0 230.0 332.0 212.0 361.0 234.0 Grasp 0
377.0 225.0 374.0 208.0 395.0 204.0 398.0 221.0 Grasp 0
345.0 244.0 335.0 228.0 353.0 216.0 363.0 232.0 Grasp 0
335.0 253.0 317.0 233.0 333.0 218.0 351.0 238.0 Grasp 0
358.0 242.0 343.0 225.0 359.0 210.0 374.0 227.0 Grasp 0
390.0 227.0 377.0 213.0 393.0 198.0 406.0 212.0 Grasp 0
364.0 218.0 358.0 249.0 336.0 245.0 342.0 214.0 Grasp 0
375.0 211.0 359.0 253.0 338.0 245.0 355.0 203.0 Grasp 0
393.0 239.0 319.0 232.0 321.0 210.0 395.0 217.0 Grasp 0
337.0 247.0 326.0 229.0 345.0 218.0 356.0 236.0 Grasp 0
