339.0 203.0 312.0 272.0 292.0 264.0 319.0 195.0 Grasp 0
368.0 217.0 341.0 288.0 320.0 280.0 348.0 209.0 Grasp 0
376.0 232.0 356.0 285.0 335.0 277.0 355.0 224.0 Grasp 0
356.0 212.0 331.0 278.0 310.0 270.0 336.0 204.0 Grasp 0
392.0 239.0 370.0 296.0 349.0 288.0 371.0 231.0 Grasp 0
320.0 189.0 276.0 259.0 258.0 248.0 301.0 177.0 Grasp 0
368.0 217.0 368.0 288.0 345.0 288.0 345.0 217.0 Grasp 0
402.0 253.0 375.0 296.0 356.0 284.0 382.0 241.0 Grasp 0
330.0 196.0 303.0 266.0 283.0 258.0 310.0 188.0 Grasp 0
324.0 197.0 285.0 260.0 266.0 248.0 306.0 185.0 Grasp 0
389.0 242.0 344.0 291.0 328.0 276.0 373.0 227.0 Grasp 0
352.0 218.0 318.0 272.0 300.0 261.0 333.0 206.0 Grasp 0
364.0 228.0 332.0 279.0 313.0 267.0 345.0 216.0 Grasp 0
