261.0 291.0 227.0 281.0 233.0 259.0 268.0 269.0 Grasp 0
357.0 242.0 331.0 271.0 314.0 255.0 340.0 227.0 Grasp 0
265.0 273.0 233.0 257.0 243.0 236.0 275.0 252.0 Grasp 0
382.0 278.0 355.0 298.0 341.0 280.0 368.0 259.0 Grasp 0
253.0 317.0 216.0 306.0 223.0 284.0 259.0 295.0 Grasp 0
360.0 193.0 315.0 265.0 295.0 253.0 340.0 181.0 Grasp 0
352.0 224.0 328.0 263.0 308.0 250.0 332.0 212.0 Grasp 0
369.0 254.0 323.0 277.0 313.0 257.0 359.0 234.0 Grasp 0
374.0 264.0 349.0 292.0 332.0 276.0 357.0 248.0 Grasp 0
274.0 262.0 222.0 236.0 232.0 216.0 284.0 241.0 Grasp 0
264.0 284.0 229.0 266.0 239.0 246.0 274.0 263.0 Grasp 0
365.0 247.0 336.0 279.0 319.0 264.0 348.0 232.0 Grasp 0
261.0 299.0 222.0 288.0 228.0 266.0 268.0 277.0 Grasp 0
267.0 265.0 231.0 247.0 241.0 226.0 277.0 244.0 Grasp 0
257.0 308.0 220.0 298.0 227.0 275.0 263.0 286.0 Grasp 0
275.0 278.0 215.0 233.0 229.0 214.0 289.0 260.0 Grasp 0
276.0 245.0 213.0 176.0 230.0 161.0 293.0 229.0 Grasp 0
279.0 263.0 205.0 208.0 219.0 189.0 292.0 245.0 Grasp 0
368.0 236.0 345.0 294.0 324.0 285.0 346.0 228.0 Grasp 0
