308.0 200.0 281.0 231.0 264.0 216.0 292.0 185.0 Grasp 0
352.0 215.0 285.0 265.0 272.0 247.0 338.0 197.0 Grasp 0
312.0 196.0 277.0 253.0 258.0 241.0 293.0 185.0 Grasp 0
348.0 214.0 278.0 249.0 268.0 229.0 338.0 194.0 Grasp 0
365.0 226.0 311.0 285.0 295.0 270.0 349.0 211.0 Grasp 0
381.0 241.0 340.0 307.0 321.0 295.0 362.0 229.0 Grasp 0
387.0 248.0 321.0 298.0 308.0 280.0 374.0 231.0 Grasp 0
289.0 189.0 269.0 211.0 253.0 196.0 272.0 174.0 Grasp 0
329.0 201.0 283.0 252.0 266.0 237.0 312.0 186.0 Grasp 0
293.0 189.0 273.0 220.0 254.0 208.0 274.0 177.0 Grasp 0
374.0 238.0 324.0 294.0 307.0 279.0 358.0 223.0 Grasp 0
269.0 177.0 251.0 191.0 237.0 173.0 255.0 159.0 Grasp 0
275.0 182.0 261.0 198.0 244.0 183.0 258.0 167.0 Grasp 0
318.0 206.0 286.0 241.0 269.0 225.0 301.0 191.0 Grasp 0
337.0 207.0 290.0 258.0 273.0 243.0 321.0 191.0 Grasp 0
365.0 214.0 300.0 286.0 283.0 271.0 349.0 199.0 Grasp 0
347.0 214.0 273.0 235.0 267.0 213.0 341.0 192.0 Grasp 0
344.0 204.0 302.0 273.0 283.0 261.0 325.0 193.0 Grasp 0
332.0 195.0 316.0 280.0 294.0 275.0 310.0 190.0 Grasp 0
312.0 188.0 297.0 272.0 275.0 268.0 290.0 184.0 Grasp 0
316.0 192.0 316.0 285.0 294.0 285.0 294.0 192.0 Grasp 0
331.0 200.0 304.0 268.0 283.0 259.0 310.0 192.0 Grasp 0
351.0 220.0 303.0 272.0 287.0 257.0 335.0 205.0 Grasp 0
