325.0 278.0 275.0 264.0 282.0 242.0 331.0 256.0 Grasp 0
332.0 273.0 269.0 255.0 275.0 234.0 338.0 251.0 Grasp 0
341.0 256.0 278.0 250.0 280.0 228.0 343.0 234.0 Grasp 0
343.0 275.0 265.0 283.0 263.0 260.0 341.0 253.0 Grasp 0
326.0 286.0 274.0 281.0 276.0 258.0 328.0 263.0 Grasp 0
337.0 250.0 280.0 233.0 286.0 212.0 343.0 228.0 Grasp 0
323.0 291.0 267.0 263.0 277.0 243.0 333.0 271.0 Grasp 0
357.0 248.0 263.0 221.0 269.0 199.0 363.0 226.0 Grasp 0
338.0 251.0 298.0 207.0 314.0 192.0 355.0 236.0 Grasp 0
345.0 237.0 278.0 218.0 284.0 196.0 351.0 215.0 Grasp 0
334.0 215.0 278.0 276.0 261.0 261.0 317.0 200.0 Grasp 0
364.0 231.0 266.0 240.0 264.0 218.0 362.0 209.0 Grasp 0
361.0 238.0 269.0 264.0 263.0 242.0 355.0 216.0 Grasp 0
321.0 208.0 290.0 289.0 269.0 281.0 300.0 199.0 Grasp 0
350.0 263.0 266.0 270.0 264.0 248.0 348.0 240.0 Grasp 0
333.0 243.0 318.0 220.0 337.0 208.0 352.0 232.0 Grasp 0
355.0 252.0 266.0 243.0 268.0 221.0 358.0 229.0 Grasp 0
