377.0 248.0 355.0 305.0 334.0 297.0 356.0 239.0 Grasp 0
506.0 235.0 446.0 190.0 460.0 172.0 520.0 218.0 Grasp 0
427.0 288.0 386.0 257.0 399.0 240.0 441.0 271.0 Grasp 0
400.0 261.0 388.0 324.0 366.0 320.0 378.0 256.0 Grasp 0
457.0 274.0 411.0 224.0 427.0 209.0 473.0 259.0 Grasp 0
421.0 300.0 350.0 307.0 348.0 284.0 419.0 278.0 Grasp 0
387.0 255.0 374.0 326.0 352.0 321.0 365.0 251.0 Grasp 0
433.0 321.0 400.0 346.0 387.0 328.0 420.0 303.0 Grasp 0
528.0 201.0 461.0 167.0 471.0 147.0 538.0 181.0 Grasp 0
505.0 218.0 464.0 187.0 477.0 169.0 518.0 200.0 Grasp 0
436.0 283.0 390.0 249.0 404.0 231.0 449.0 266.0 Grasp 0
515.0 200.0 471.0 179.0 481.0 159.0 525.0 180.0 Grasp 0
426.0 319.0 382.0 340.0 372.0 320.0 416.0 299.0 Grasp 0
385.0 238.0 368.0 329.0 346.0 325.0 363.0 234.0 Grasp 0
366.0 245.0 345.0 280.0 326.0 268.0 347.0 234.0 Grasp 0
487.0 240.0 442.0 206.0 456.0 188.0 500.0 222.0 Grasp 0
517.0 204.0 466.0 190.0 473.0 168.0 523.0 183.0 Grasp 0
448.0 284.0 390.0 240.0 403.0 222.0 461.0 266.0 Grasp 0
384.0 259.0 363.0 312.0 343.0 304.0 363.0 251.0 Grasp 0
458.0 262.0 423.0 223.0 439.0 208.0 474.0 247.0 Grasp 0
418.0 303.0 372.0 326.0 362.0 306.0 408.0 283.0 Grasp 0
469.0 258.0 428.0 214.0 445.0 199.0 485.0 243.0 Grasp 0
420.0 293.0 351.0 241.0 364.0 223.0 434.0 276.0 Grasp 0
482.0 254.0 432.0 200.0 449.0 185.0 498.0 239.0 Grasp 0
449.0 276.0 406.0 229.0 422.0 214.0 466.0 261.0 Grasp 0
367.0 241.0 333.0 279.0 316.0 264.0 350.0 226.0 Grasp 0
450.0 322.0 432.0 350.0 413.0 338.0 430.0 310.0 Grasp 0
418.0 242.0 401.0 333.0 379.0 329.0 396.0 238.0 Grasp 0
372.0 244.0 351.0 297.0 330.0 289.0 351.0 236.0 Grasp 0
422.0 299.0 343.0 291.0 345.0 269.0 424.0 276.0 Grasp 0
434.0 320.0 385.0 267.0 402.0 252.0 451.0 305.0 Grasp 0
434.0 280.0 405.0 233.0 424.0 221.0 453.0 268.0 Grasp 0
495.0 237.0 442.0 197.0 455.0 179.0 509.0 220.0 Grasp 0
377.0 255.0 344.0 291.0 327.0 276.0 360.0 240.0 Grasp 0
