299.0 186.0 270.0 261.0 249.0 253.0 278.0 178.0 Grasp 0
323.0 247.0 247.0 254.0 245.0 232.0 321.0 225.0 Grasp 0
325.0 222.0 249.0 215.0 251.0 193.0 327.0 200.0 Grasp 0
317.0 254.0 244.0 233.0 251.0 212.0 323.0 233.0 Grasp 0
292.0 267.0 276.0 182.0 298.0 178.0 314.0 263.0 Grasp 0
322.0 240.0 245.0 232.0 247.0 210.0 324.0 217.0 Grasp 0
318.0 237.0 248.0 217.0 255.0 196.0 324.0 216.0 Grasp 0
269.0 274.0 252.0 184.0 274.0 179.0 291.0 270.0 Grasp 0
321.0 196.0 262.0 261.0 246.0 246.0 305.0 181.0 Grasp 0
313.0 256.0 245.0 205.0 259.0 188.0 326.0 239.0 Grasp 0
319.0 263.0 240.0 241.0 246.0 219.0 325.0 242.0 Grasp 0
327.0 227.0 250.0 249.0 244.0 227.0 320.0 206.0 Grasp 0
318.0 190.0 285.0 275.0 264.0 267.0 297.0 182.0 Grasp 0
322.0 235.0 246.0 198.0 256.0 178.0 331.0 215.0 Grasp 0
