334.0 212.0 311.0 174.0 329.0 163.0 353.0 200.0 Grasp 0
273.0 227.0 253.0 195.0 272.0 183.0 292.0 215.0 Grasp 0
306.0 221.0 282.0 183.0 301.0 171.0 325.0 210.0 Grasp 0
322.0 217.0 299.0 179.0 317.0 167.0 341.0 205.0 Grasp 0
281.0 226.0 260.0 193.0 279.0 181.0 299.0 214.0 Grasp 0
268.0 231.0 246.0 195.0 264.0 183.0 287.0 220.0 Grasp 0
293.0 224.0 270.0 187.0 289.0 175.0 312.0 212.0 Grasp 0
342.0 210.0 320.0 174.0 338.0 162.0 360.0 198.0 Grasp 0
312.0 217.0 290.0 183.0 309.0 171.0 331.0 206.0 Grasp 0
293.0 217.0 281.0 186.0 302.0 178.0 314.0 209.0 Grasp 0
260.0 230.0 242.0 200.0 261.0 189.0 279.0 218.0 Grasp 0
349.0 163.0 339.0 215.0 317.0 211.0 327.0 159.0 Grasp 0
