394.0 184.0 365.0 205.0 351.0 186.0 379.0 165.0 Grasp 0
402.0 193.0 375.0 223.0 358.0 207.0 385.0 177.0 Grasp 0
534.0 212.0 483.0 173.0 497.0 154.0 549.0 193.0 Grasp 0
553.0 169.0 493.0 174.0 491.0 151.0 551.0 145.0 Grasp 0
422.0 216.0 408.0 254.0 386.0 245.0 400.0 207.0 Grasp 0
418.0 270.0 408.0 217.0 432.0 213.0 441.0 266.0 Grasp 0
534.0 125.0 500.0 142.0 490.0 121.0 523.0 104.0 Grasp 0
523.0 231.0 465.0 202.0 475.0 181.0 533.0 210.0 Grasp 0
456.0 272.0 431.0 208.0 453.0 200.0 478.0 263.0 Grasp 0
381.0 165.0 348.0 174.0 341.0 152.0 374.0 142.0 Grasp 0
451.0 62.0 438.0 94.0 417.0 85.0 429.0 54.0 Grasp 0
378.0 146.0 342.0 149.0 340.0 126.0 375.0 123.0 Grasp 0
444.0 60.0 430.0 94.0 409.0 86.0 422.0 52.0 Grasp 0
560.0 170.0 477.0 194.0 471.0 171.0 554.0 147.0 Grasp 0
477.0 70.0 458.0 100.0 438.0 87.0 457.0 57.0 Grasp 0
397.0 101.0 378.0 51.0 400.0 43.0 419.0 92.0 Grasp 0
418.0 49.0 418.0 89.0 395.0 89.0 395.0 49.0 Grasp 0
543.0 196.0 490.0 169.0 500.0 148.0 554.0 175.0 Grasp 0
528.0 218.0 479.0 181.0 494.0 162.0 542.0 199.0 Grasp 0
499.0 86.0 482.0 114.0 462.0 101.0 479.0 73.0 Grasp 0
429.0 268.0 429.0 209.0 453.0 209.0 453.0 268.0 Grasp 0
377.0 123.0 340.0 105.0 351.0 84.0 387.0 102.0 Grasp 0
383.0 153.0 343.0 164.0 337.0 142.0 376.0 131.0 Grasp 0
386.0 177.0 356.0 192.0 346.0 171.0 376.0 156.0 Grasp 0
469.0 68.0 450.0 99.0 430.0 87.0 449.0 55.0 Grasp 0
491.0 244.0 457.0 207.0 474.0 191.0 508.0 228.0 Grasp 0
547.0 183.0 493.0 177.0 495.0 154.0 550.0 159.0 Grasp 0
542.0 142.0 506.0 153.0 500.0 130.0 536.0 120.0 Grasp 0
541.0 207.0 481.0 190.0 488.0 167.0 547.0 184.0 Grasp 0
411.0 207.0 392.0 236.0 372.0 224.0 391.0 194.0 Grasp 0
378.0 122.0 340.0 118.0 342.0 95.0 380.0 99.0 Grasp 0
520.0 222.0 477.0 189.0 491.0 170.0 534.0 203.0 Grasp 0
478.0 257.0 456.0 200.0 478.0 191.0 500.0 248.0 Grasp 0
377.0 137.0 339.0 134.0 341.0 111.0 379.0 114.0 Grasp 0
507.0 96.0 485.0 120.0 467.0 104.0 489.0 80.0 Grasp 0
498.0 236.0 470.0 192.0 490.0 179.0 518.0 224.0 Grasp 0
445.0 276.0 407.0 214.0 427.0 202.0 465.0 264.0 Grasp 0
431.0 56.0 424.0 90.0 402.0 85.0 408.0 51.0 Grasp 0
544.0 191.0 485.0 147.0 500.0 128.0 559.0 172.0 Grasp 0
443.0 221.0 435.0 265.0 412.0 261.0 420.0 216.0 Grasp 0
428.0 215.0 418.0 264.0 395.0 260.0 404.0 210.0 Grasp 0
416.0 214.0 397.0 244.0 377.0 232.0 396.0 202.0 Grasp 0
485.0 253.0 461.0 191.0 483.0 182.0 507.0 244.0 Grasp 0
508.0 237.0 465.0 204.0 479.0 185.0 522.0 218.0 Grasp 0
462.0 262.0 451.0 204.0 474.0 199.0 485.0 258.0 Grasp 0
408.0 98.0 390.0 53.0 412.0 45.0 429.0 89.0 Grasp 0
516.0 105.0 488.0 127.0 474.0 108.0 502.0 86.0 Grasp 0
474.0 261.0 442.0 208.0 462.0 196.0 494.0 249.0 Grasp 0
421.0 114.0 365.0 52.0 382.0 36.0 439.0 98.0 Grasp 0
407.0 203.0 383.0 229.0 366.0 213.0 389.0 187.0 Grasp 0
554.0 190.0 485.0 183.0 487.0 160.0 556.0 166.0 Grasp 0
459.0 209.0 435.0 272.0 413.0 263.0 437.0 201.0 Grasp 0
532.0 219.0 472.0 202.0 479.0 179.0 539.0 196.0 Grasp 0
