357.0 239.0 294.0 222.0 300.0 200.0 363.0 218.0 Grasp 0
345.0 278.0 286.0 261.0 292.0 239.0 351.0 256.0 Grasp 0
362.0 251.0 287.0 244.0 289.0 222.0 365.0 229.0 Grasp 0
342.0 290.0 285.0 284.0 287.0 262.0 345.0 267.0 Grasp 0
353.0 285.0 279.0 278.0 281.0 256.0 355.0 263.0 Grasp 0
357.0 247.0 291.0 228.0 297.0 207.0 363.0 226.0 Grasp 0
364.0 267.0 278.0 260.0 281.0 237.0 366.0 245.0 Grasp 0
338.0 308.0 276.0 290.0 282.0 268.0 345.0 286.0 Grasp 0
353.0 263.0 283.0 228.0 293.0 209.0 363.0 244.0 Grasp 0
372.0 216.0 296.0 209.0 298.0 187.0 374.0 194.0 Grasp 0
330.0 313.0 281.0 299.0 287.0 277.0 336.0 291.0 Grasp 0
376.0 206.0 297.0 199.0 299.0 177.0 378.0 185.0 Grasp 0
351.0 271.0 280.0 236.0 290.0 216.0 361.0 251.0 Grasp 0
368.0 231.0 290.0 208.0 296.0 187.0 374.0 210.0 Grasp 0
361.0 260.0 283.0 253.0 286.0 231.0 363.0 238.0 Grasp 0
373.0 205.0 299.0 184.0 305.0 163.0 379.0 184.0 Grasp 0
356.0 267.0 289.0 273.0 286.0 251.0 354.0 245.0 Grasp 0
345.0 298.0 277.0 304.0 275.0 281.0 343.0 275.0 Grasp 0
338.0 304.0 275.0 273.0 285.0 253.0 348.0 284.0 Grasp 0
