315.0 242.0 251.0 274.0 241.0 253.0 305.0 221.0 Grasp 0
348.0 237.0 339.0 286.0 316.0 281.0 325.0 233.0 Grasp 0
316.0 245.0 254.0 291.0 240.0 273.0 302.0 226.0 Grasp 0
292.0 295.0 246.0 260.0 260.0 241.0 306.0 276.0 Grasp 0
366.0 235.0 342.0 295.0 321.0 287.0 345.0 226.0 Grasp 0
304.0 239.0 262.0 261.0 252.0 240.0 294.0 219.0 Grasp 0
320.0 262.0 264.0 303.0 251.0 285.0 306.0 243.0 Grasp 0
351.0 300.0 325.0 233.0 347.0 225.0 372.0 292.0 Grasp 0
304.0 293.0 289.0 213.0 311.0 209.0 326.0 289.0 Grasp 0
304.0 220.0 304.0 291.0 281.0 291.0 281.0 220.0 Grasp 0
311.0 256.0 261.0 270.0 255.0 248.0 305.0 233.0 Grasp 0
345.0 303.0 318.0 233.0 339.0 225.0 366.0 295.0 Grasp 0
292.0 290.0 246.0 240.0 263.0 224.0 309.0 275.0 Grasp 0
310.0 286.0 248.0 239.0 262.0 221.0 324.0 268.0 Grasp 0
304.0 293.0 275.0 218.0 296.0 209.0 325.0 285.0 Grasp 0
320.0 260.0 261.0 290.0 250.0 269.0 310.0 239.0 Grasp 0
336.0 239.0 336.0 281.0 313.0 281.0 313.0 239.0 Grasp 0
330.0 258.0 269.0 275.0 262.0 253.0 324.0 236.0 Grasp 0
339.0 310.0 309.0 233.0 330.0 225.0 360.0 302.0 Grasp 0
365.0 240.0 356.0 289.0 334.0 285.0 343.0 235.0 Grasp 0
306.0 218.0 270.0 311.0 249.0 303.0 285.0 209.0 Grasp 0
292.0 211.0 292.0 309.0 269.0 309.0 269.0 211.0 Grasp 0
