269.0 292.0 230.0 288.0 232.0 266.0 271.0 270.0 Grasp 0
287.0 225.0 225.0 194.0 235.0 174.0 297.0 205.0 Grasp 0
290.0 217.0 233.0 211.0 235.0 189.0 293.0 195.0 Grasp 0
280.0 229.0 238.0 225.0 240.0 203.0 283.0 207.0 Grasp 0
272.0 303.0 225.0 298.0 227.0 276.0 274.0 280.0 Grasp 0
279.0 276.0 227.0 271.0 229.0 249.0 281.0 253.0 Grasp 0
280.0 259.0 231.0 254.0 233.0 232.0 282.0 237.0 Grasp 0
282.0 247.0 233.0 243.0 235.0 221.0 284.0 225.0 Grasp 0
285.0 236.0 234.0 231.0 236.0 209.0 287.0 214.0 Grasp 0
298.0 232.0 226.0 253.0 220.0 232.0 292.0 211.0 Grasp 0
280.0 268.0 227.0 263.0 229.0 241.0 282.0 246.0 Grasp 0
274.0 282.0 229.0 278.0 231.0 256.0 276.0 260.0 Grasp 0
295.0 212.0 232.0 194.0 238.0 172.0 301.0 190.0 Grasp 0
301.0 219.0 226.0 241.0 220.0 219.0 295.0 198.0 Grasp 0
287.0 223.0 234.0 218.0 236.0 196.0 289.0 201.0 Grasp 0
284.0 247.0 218.0 214.0 227.0 195.0 294.0 228.0 Grasp 0
