400.0 189.0 388.0 253.0 366.0 249.0 378.0 185.0 Grasp 0
341.0 182.0 331.0 240.0 309.0 236.0 319.0 178.0 Grasp 0
379.0 190.0 358.0 245.0 337.0 237.0 359.0 182.0 Grasp 0
403.0 180.0 403.0 263.0 380.0 263.0 380.0 180.0 Grasp 0
459.0 200.0 448.0 261.0 426.0 257.0 437.0 196.0 Grasp 0
367.0 190.0 347.0 242.0 326.0 234.0 346.0 182.0 Grasp 0
316.0 178.0 306.0 235.0 284.0 230.0 294.0 174.0 Grasp 0
430.0 188.0 416.0 263.0 394.0 259.0 408.0 184.0 Grasp 0
425.0 193.0 400.0 258.0 379.0 250.0 404.0 185.0 Grasp 0
443.0 193.0 430.0 264.0 408.0 259.0 421.0 189.0 Grasp 0
470.0 198.0 456.0 268.0 435.0 264.0 448.0 194.0 Grasp 0
300.0 178.0 279.0 230.0 258.0 222.0 279.0 169.0 Grasp 0
331.0 177.0 319.0 241.0 297.0 236.0 309.0 173.0 Grasp 0
354.0 189.0 335.0 239.0 314.0 231.0 333.0 181.0 Grasp 0
280.0 175.0 271.0 226.0 249.0 222.0 258.0 171.0 Grasp 0
272.0 177.0 264.0 222.0 241.0 217.0 250.0 172.0 Grasp 0
384.0 183.0 371.0 253.0 349.0 249.0 362.0 179.0 Grasp 0
312.0 181.0 293.0 231.0 272.0 222.0 291.0 173.0 Grasp 0
435.0 197.0 423.0 256.0 402.0 252.0 413.0 193.0 Grasp 0
473.0 209.0 424.0 263.0 408.0 248.0 457.0 194.0 Grasp 0
393.0 184.0 379.0 255.0 358.0 251.0 371.0 180.0 Grasp 0
453.0 185.0 436.0 275.0 414.0 271.0 431.0 181.0 Grasp 0
370.0 182.0 370.0 249.0 348.0 249.0 348.0 182.0 Grasp 0
