387.0 229.0 330.0 272.0 316.0 254.0 373.0 211.0 Grasp 0
384.0 233.0 344.0 276.0 328.0 261.0 367.0 218.0 Grasp 0
394.0 235.0 381.0 302.0 360.0 298.0 372.0 231.0 Grasp 0
388.0 231.0 352.0 290.0 333.0 278.0 369.0 219.0 Grasp 0
406.0 243.0 355.0 299.0 339.0 284.0 390.0 228.0 Grasp 0
341.0 212.0 322.0 243.0 303.0 232.0 322.0 201.0 Grasp 0
417.0 266.0 365.0 306.0 351.0 288.0 404.0 248.0 Grasp 0
407.0 254.0 366.0 299.0 350.0 284.0 391.0 239.0 Grasp 0
372.0 219.0 349.0 279.0 328.0 271.0 352.0 211.0 Grasp 0
415.0 261.0 348.0 294.0 338.0 274.0 405.0 241.0 Grasp 0
378.0 306.0 363.0 223.0 385.0 219.0 400.0 302.0 Grasp 0
375.0 229.0 331.0 261.0 318.0 244.0 361.0 211.0 Grasp 0
350.0 219.0 331.0 250.0 312.0 238.0 331.0 208.0 Grasp 0
356.0 214.0 335.0 269.0 315.0 261.0 336.0 206.0 Grasp 0
358.0 224.0 323.0 250.0 310.0 232.0 344.0 206.0 Grasp 0
401.0 232.0 386.0 310.0 365.0 306.0 379.0 228.0 Grasp 0
399.0 235.0 334.0 284.0 321.0 266.0 386.0 217.0 Grasp 0
369.0 222.0 340.0 269.0 321.0 257.0 351.0 210.0 Grasp 0
346.0 218.0 316.0 241.0 303.0 223.0 333.0 200.0 Grasp 0
397.0 244.0 355.0 290.0 339.0 275.0 381.0 229.0 Grasp 0
364.0 221.0 330.0 258.0 313.0 243.0 348.0 206.0 Grasp 0
