347.0 269.0 305.0 257.0 311.0 235.0 353.0 247.0 Grasp 0
341.0 301.0 299.0 297.0 301.0 274.0 343.0 278.0 Grasp 0
459.0 265.0 436.0 283.0 422.0 265.0 446.0 247.0 Grasp 0
434.0 239.0 414.0 262.0 397.0 246.0 417.0 224.0 Grasp 0
427.0 221.0 403.0 259.0 384.0 247.0 407.0 208.0 Grasp 0
340.0 289.0 305.0 285.0 307.0 263.0 342.0 266.0 Grasp 0
429.0 229.0 411.0 259.0 391.0 247.0 410.0 217.0 Grasp 0
442.0 238.0 422.0 271.0 402.0 259.0 423.0 226.0 Grasp 0
426.0 182.0 394.0 264.0 373.0 256.0 405.0 174.0 Grasp 0
457.0 254.0 432.0 283.0 415.0 267.0 440.0 239.0 Grasp 0
333.0 314.0 302.0 311.0 304.0 288.0 335.0 291.0 Grasp 0
420.0 198.0 390.0 246.0 371.0 234.0 400.0 186.0 Grasp 0
348.0 245.0 275.0 190.0 289.0 172.0 362.0 227.0 Grasp 0
341.0 275.0 308.0 265.0 314.0 243.0 347.0 253.0 Grasp 0
345.0 261.0 303.0 249.0 309.0 227.0 351.0 239.0 Grasp 0
420.0 215.0 398.0 251.0 378.0 239.0 401.0 203.0 Grasp 0
341.0 280.0 309.0 277.0 311.0 254.0 343.0 257.0 Grasp 0
420.0 184.0 383.0 243.0 364.0 231.0 401.0 172.0 Grasp 0
331.0 309.0 300.0 300.0 306.0 278.0 338.0 287.0 Grasp 0
353.0 268.0 284.0 233.0 294.0 212.0 363.0 247.0 Grasp 0
