383.0 202.0 328.0 243.0 314.0 225.0 369.0 184.0 Grasp 0
372.0 182.0 324.0 234.0 308.0 219.0 355.0 167.0 Grasp 0
351.0 152.0 296.0 212.0 280.0 197.0 335.0 137.0 Grasp 0
371.0 173.0 316.0 234.0 299.0 218.0 354.0 158.0 Grasp 0
410.0 228.0 376.0 283.0 357.0 271.0 391.0 216.0 Grasp 0
398.0 222.0 366.0 274.0 346.0 262.0 379.0 210.0 Grasp 0
422.0 231.0 413.0 280.0 391.0 276.0 400.0 227.0 Grasp 0
334.0 135.0 279.0 195.0 263.0 180.0 317.0 120.0 Grasp 0
404.0 221.0 393.0 283.0 371.0 279.0 382.0 217.0 Grasp 0
386.0 204.0 342.0 253.0 325.0 238.0 370.0 189.0 Grasp 0
395.0 220.0 355.0 264.0 339.0 249.0 378.0 205.0 Grasp 0
380.0 190.0 301.0 229.0 291.0 209.0 370.0 170.0 Grasp 0
383.0 191.0 318.0 240.0 304.0 222.0 369.0 173.0 Grasp 0
417.0 223.0 406.0 285.0 384.0 281.0 395.0 219.0 Grasp 0
328.0 130.0 299.0 205.0 278.0 197.0 307.0 122.0 Grasp 0
343.0 148.0 292.0 204.0 275.0 189.0 326.0 133.0 Grasp 0
362.0 164.0 307.0 224.0 291.0 209.0 346.0 149.0 Grasp 0
430.0 234.0 421.0 278.0 399.0 274.0 408.0 230.0 Grasp 0
405.0 279.0 395.0 224.0 416.0 220.0 427.0 275.0 Grasp 0
390.0 203.0 354.0 261.0 335.0 249.0 371.0 191.0 Grasp 0
