433.0 219.0 433.0 294.0 409.0 294.0 409.0 219.0 Grasp 0
349.0 281.0 330.0 182.0 353.0 178.0 372.0 277.0 Grasp 0
452.0 270.0 392.0 264.0 395.0 239.0 455.0 245.0 Grasp 0
461.0 246.0 401.0 291.0 386.0 271.0 446.0 226.0 Grasp 0
286.0 278.0 233.0 282.0 231.0 258.0 283.0 253.0 Grasp 0
272.0 299.0 223.0 262.0 238.0 242.0 287.0 279.0 Grasp 0
312.0 278.0 294.0 179.0 317.0 175.0 335.0 274.0 Grasp 0
288.0 266.0 239.0 290.0 228.0 268.0 277.0 244.0 Grasp 0
308.0 184.0 259.0 222.0 244.0 203.0 294.0 165.0 Grasp 0
283.0 294.0 221.0 276.0 228.0 252.0 290.0 270.0 Grasp 0
