329.0 213.0 306.0 274.0 284.0 265.0 308.0 205.0 Grasp 0
410.0 234.0 395.0 314.0 372.0 310.0 387.0 229.0 Grasp 0
301.0 208.0 270.0 258.0 250.0 246.0 281.0 196.0 Grasp 0
395.0 236.0 370.0 302.0 348.0 294.0 374.0 227.0 Grasp 0
295.0 194.0 281.0 267.0 259.0 263.0 272.0 190.0 Grasp 0
321.0 216.0 301.0 267.0 280.0 258.0 299.0 208.0 Grasp 0
360.0 233.0 342.0 281.0 320.0 273.0 339.0 225.0 Grasp 0
289.0 204.0 269.0 255.0 248.0 246.0 267.0 196.0 Grasp 0
403.0 244.0 381.0 301.0 360.0 293.0 382.0 236.0 Grasp 0
373.0 237.0 354.0 286.0 333.0 278.0 351.0 229.0 Grasp 0
314.0 204.0 288.0 271.0 266.0 262.0 292.0 195.0 Grasp 0
344.0 220.0 321.0 279.0 300.0 271.0 323.0 211.0 Grasp 0
383.0 225.0 353.0 301.0 332.0 293.0 361.0 217.0 Grasp 0
353.0 230.0 334.0 278.0 313.0 269.0 331.0 221.0 Grasp 0
414.0 255.0 385.0 301.0 365.0 289.0 394.0 242.0 Grasp 0
370.0 228.0 347.0 288.0 325.0 279.0 348.0 220.0 Grasp 0
411.0 249.0 401.0 302.0 378.0 298.0 388.0 245.0 Grasp 0
386.0 240.0 366.0 293.0 345.0 284.0 365.0 232.0 Grasp 0
336.0 219.0 315.0 275.0 293.0 266.0 315.0 211.0 Grasp 0
312.0 212.0 250.0 259.0 236.0 241.0 298.0 194.0 Grasp 0
361.0 217.0 332.0 294.0 310.0 285.0 340.0 209.0 Grasp 0
