316.0 201.0 307.0 254.0 284.0 250.0 294.0 197.0 Grasp 0
329.0 209.0 322.0 248.0 300.0 244.0 307.0 205.0 Grasp 0
313.0 203.0 295.0 252.0 273.0 244.0 292.0 195.0 Grasp 0
401.0 220.0 341.0 266.0 327.0 247.0 387.0 202.0 Grasp 0
389.0 246.0 345.0 268.0 335.0 247.0 379.0 226.0 Grasp 0
302.0 253.0 272.0 204.0 291.0 192.0 321.0 241.0 Grasp 0
371.0 257.0 331.0 226.0 345.0 208.0 385.0 238.0 Grasp 0
376.0 257.0 336.0 212.0 353.0 197.0 393.0 241.0 Grasp 0
374.0 266.0 319.0 224.0 333.0 206.0 388.0 247.0 Grasp 0
380.0 242.0 337.0 210.0 351.0 192.0 394.0 224.0 Grasp 0
287.0 256.0 275.0 193.0 297.0 189.0 309.0 252.0 Grasp 0
386.0 202.0 340.0 252.0 323.0 237.0 369.0 186.0 Grasp 0
364.0 201.0 354.0 255.0 331.0 251.0 341.0 197.0 Grasp 0
342.0 204.0 342.0 261.0 319.0 261.0 319.0 204.0 Grasp 0
369.0 281.0 336.0 194.0 357.0 186.0 391.0 272.0 Grasp 0
332.0 213.0 277.0 254.0 263.0 236.0 318.0 194.0 Grasp 0
386.0 233.0 311.0 254.0 304.0 232.0 380.0 210.0 Grasp 0
377.0 196.0 363.0 272.0 340.0 268.0 354.0 192.0 Grasp 0
388.0 217.0 322.0 249.0 312.0 229.0 378.0 196.0 Grasp 0
363.0 192.0 338.0 257.0 317.0 249.0 342.0 183.0 Grasp 0
380.0 247.0 331.0 223.0 341.0 202.0 390.0 227.0 Grasp 0
295.0 254.0 284.0 195.0 306.0 191.0 317.0 250.0 Grasp 0
373.0 251.0 300.0 214.0 310.0 193.0 384.0 230.0 Grasp 0
