527.0 29.0 527.0 29.0 544.0 18.0 544.0 18.0 Grasp 0
292.0 291.0 258.0 266.0 271.0 248.0 305.0 274.0 Grasp 0
304.0 267.0 286.0 247.0 303.0 232.0 321.0 252.0 Grasp 0
407.0 182.0 384.0 164.0 397.0 147.0 421.0 164.0 Grasp 0
249.0 324.0 226.0 299.0 243.0 284.0 266.0 309.0 Grasp 0
417.0 177.0 388.0 156.0 402.0 138.0 430.0 160.0 Grasp 0
393.0 203.0 363.0 180.0 376.0 162.0 406.0 185.0 Grasp 0
298.0 278.0 275.0 253.0 291.0 238.0 314.0 263.0 Grasp 0
291.0 284.0 266.0 266.0 280.0 248.0 304.0 267.0 Grasp 0
401.0 194.0 372.0 173.0 386.0 155.0 414.0 177.0 Grasp 0
343.0 243.0 320.0 218.0 336.0 203.0 359.0 229.0 Grasp 0
321.0 254.0 298.0 237.0 311.0 219.0 334.0 237.0 Grasp 0
338.0 250.0 311.0 222.0 328.0 207.0 354.0 235.0 Grasp 0
311.0 259.0 294.0 241.0 310.0 226.0 327.0 244.0 Grasp 0
383.0 212.0 351.0 187.0 364.0 169.0 397.0 194.0 Grasp 0
262.0 317.0 231.0 293.0 245.0 276.0 275.0 299.0 Grasp 0
270.0 306.0 243.0 286.0 257.0 268.0 283.0 288.0 Grasp 0
368.0 218.0 347.0 195.0 363.0 180.0 385.0 204.0 Grasp 0
280.0 295.0 257.0 269.0 273.0 255.0 297.0 280.0 Grasp 0
357.0 232.0 331.0 212.0 344.0 194.0 371.0 214.0 Grasp 0
364.0 230.0 335.0 198.0 352.0 183.0 380.0 215.0 Grasp 0
374.0 221.0 349.0 180.0 367.0 169.0 393.0 210.0 Grasp 0
356.0 251.0 295.0 233.0 301.0 212.0 362.0 229.0 Grasp 0
253.0 321.0 232.0 288.0 251.0 277.0 271.0 310.0 Grasp 0
410.0 189.0 376.0 164.0 390.0 146.0 423.0 172.0 Grasp 0
420.0 167.0 399.0 152.0 413.0 134.0 434.0 150.0 Grasp 0
271.0 301.0 250.0 278.0 267.0 263.0 287.0 286.0 Grasp 0
260.0 310.0 241.0 289.0 257.0 275.0 276.0 295.0 Grasp 0
332.0 257.0 304.0 226.0 320.0 211.0 348.0 242.0 Grasp 0
374.0 212.0 356.0 184.0 375.0 172.0 393.0 200.0 Grasp 0
348.0 238.0 326.0 214.0 342.0 199.0 365.0 224.0 Grasp 0
