322.0 286.0 290.0 262.0 304.0 244.0 336.0 268.0 Grasp 0
348.0 244.0 315.0 218.0 328.0 201.0 361.0 226.0 Grasp 0
315.0 291.0 290.0 278.0 299.0 258.0 325.0 271.0 Grasp 0
339.0 252.0 312.0 238.0 322.0 218.0 349.0 232.0 Grasp 0
353.0 231.0 322.0 215.0 332.0 196.0 363.0 211.0 Grasp 0
335.0 265.0 303.0 249.0 313.0 229.0 345.0 245.0 Grasp 0
326.0 274.0 299.0 261.0 309.0 241.0 336.0 255.0 Grasp 0
352.0 242.0 314.0 231.0 320.0 210.0 358.0 221.0 Grasp 0
331.0 281.0 290.0 270.0 297.0 249.0 337.0 260.0 Grasp 0
360.0 236.0 314.0 223.0 320.0 202.0 366.0 215.0 Grasp 0
