294.0 318.0 240.0 277.0 254.0 258.0 309.0 299.0 Grasp 0
311.0 289.0 270.0 244.0 288.0 228.0 328.0 273.0 Grasp 0
303.0 308.0 251.0 252.0 269.0 236.0 320.0 292.0 Grasp 0
303.0 295.0 265.0 253.0 282.0 237.0 321.0 279.0 Grasp 0
284.0 325.0 237.0 290.0 251.0 271.0 298.0 306.0 Grasp 0
299.0 309.0 247.0 270.0 261.0 251.0 313.0 290.0 Grasp 0
267.0 334.0 236.0 284.0 256.0 272.0 287.0 321.0 Grasp 0
320.0 294.0 252.0 260.0 263.0 239.0 330.0 273.0 Grasp 0
282.0 320.0 247.0 263.0 267.0 251.0 303.0 308.0 Grasp 0
276.0 331.0 235.0 300.0 249.0 281.0 290.0 312.0 Grasp 0
296.0 310.0 268.0 237.0 290.0 229.0 318.0 301.0 Grasp 0
274.0 331.0 238.0 275.0 259.0 262.0 294.0 319.0 Grasp 0
