403.0 300.0 346.0 329.0 336.0 309.0 393.0 280.0 Grasp 0
406.0 298.0 330.0 319.0 324.0 297.0 399.0 276.0 Grasp 0
347.0 177.0 291.0 219.0 277.0 201.0 333.0 159.0 Grasp 0
369.0 211.0 296.0 248.0 286.0 227.0 359.0 191.0 Grasp 0
376.0 228.0 305.0 263.0 295.0 242.0 366.0 207.0 Grasp 0
358.0 193.0 297.0 239.0 283.0 221.0 344.0 175.0 Grasp 0
384.0 236.0 308.0 274.0 298.0 254.0 374.0 216.0 Grasp 0
370.0 213.0 308.0 260.0 294.0 243.0 357.0 195.0 Grasp 0
355.0 191.0 289.0 224.0 279.0 204.0 345.0 171.0 Grasp 0
358.0 184.0 273.0 208.0 267.0 186.0 352.0 162.0 Grasp 0
396.0 262.0 309.0 287.0 302.0 265.0 389.0 240.0 Grasp 0
400.0 272.0 326.0 309.0 316.0 289.0 390.0 252.0 Grasp 0
390.0 266.0 327.0 297.0 317.0 277.0 380.0 246.0 Grasp 0
361.0 196.0 307.0 255.0 291.0 240.0 345.0 181.0 Grasp 0
399.0 288.0 327.0 308.0 321.0 286.0 393.0 266.0 Grasp 0
382.0 248.0 318.0 280.0 308.0 260.0 372.0 228.0 Grasp 0
405.0 280.0 343.0 328.0 329.0 310.0 392.0 263.0 Grasp 0
409.0 281.0 352.0 344.0 335.0 329.0 392.0 266.0 Grasp 0
379.0 228.0 324.0 287.0 308.0 272.0 362.0 213.0 Grasp 0
