392.0 228.0 350.0 275.0 333.0 260.0 375.0 213.0 Grasp 0
393.0 218.0 340.0 276.0 324.0 262.0 377.0 204.0 Grasp 0
320.0 148.0 275.0 196.0 259.0 181.0 303.0 133.0 Grasp 0
308.0 140.0 267.0 184.0 251.0 169.0 291.0 125.0 Grasp 0
363.0 192.0 315.0 245.0 299.0 230.0 347.0 177.0 Grasp 0
363.0 201.0 324.0 245.0 307.0 230.0 347.0 186.0 Grasp 0
384.0 206.0 329.0 266.0 313.0 251.0 368.0 191.0 Grasp 0
294.0 129.0 251.0 162.0 238.0 144.0 280.0 111.0 Grasp 0
375.0 200.0 323.0 257.0 307.0 242.0 359.0 185.0 Grasp 0
406.0 236.0 346.0 281.0 333.0 264.0 393.0 218.0 Grasp 0
413.0 246.0 366.0 298.0 350.0 283.0 397.0 231.0 Grasp 0
340.0 178.0 303.0 218.0 287.0 203.0 323.0 163.0 Grasp 0
286.0 120.0 249.0 160.0 233.0 145.0 269.0 105.0 Grasp 0
326.0 156.0 283.0 203.0 267.0 188.0 309.0 141.0 Grasp 0
296.0 127.0 237.0 157.0 227.0 137.0 286.0 107.0 Grasp 0
335.0 162.0 288.0 214.0 271.0 199.0 319.0 147.0 Grasp 0
359.0 193.0 306.0 232.0 293.0 215.0 345.0 175.0 Grasp 0
281.0 122.0 243.0 151.0 229.0 133.0 267.0 104.0 Grasp 0
348.0 183.0 307.0 228.0 291.0 213.0 332.0 168.0 Grasp 0
300.0 136.0 264.0 175.0 248.0 160.0 283.0 121.0 Grasp 0
416.0 249.0 347.0 284.0 337.0 264.0 406.0 229.0 Grasp 0
381.0 219.0 341.0 264.0 324.0 249.0 365.0 204.0 Grasp 0
340.0 169.0 294.0 219.0 278.0 204.0 323.0 154.0 Grasp 0
402.0 243.0 363.0 286.0 346.0 271.0 386.0 228.0 Grasp 0
