440.0 187.0 389.0 269.0 370.0 257.0 421.0 174.0 Grasp 0
426.0 181.0 367.0 246.0 350.0 231.0 409.0 166.0 Grasp 0
453.0 203.0 403.0 283.0 384.0 271.0 433.0 191.0 Grasp 0
437.0 192.0 378.0 257.0 361.0 241.0 420.0 177.0 Grasp 0
455.0 230.0 399.0 273.0 385.0 254.0 442.0 212.0 Grasp 0
451.0 220.0 390.0 266.0 376.0 248.0 437.0 202.0 Grasp 0
409.0 175.0 358.0 231.0 342.0 216.0 393.0 160.0 Grasp 0
461.0 239.0 377.0 263.0 371.0 241.0 455.0 218.0 Grasp 0
441.0 193.0 425.0 279.0 402.0 275.0 418.0 189.0 Grasp 0
445.0 212.0 382.0 259.0 368.0 241.0 431.0 193.0 Grasp 0
415.0 170.0 369.0 244.0 349.0 232.0 395.0 158.0 Grasp 0
425.0 192.0 350.0 229.0 340.0 209.0 415.0 172.0 Grasp 0
444.0 198.0 399.0 271.0 379.0 259.0 424.0 186.0 Grasp 0
