456.0 59.0 392.0 108.0 378.0 90.0 442.0 41.0 Grasp 0
534.0 229.0 443.0 220.0 445.0 197.0 536.0 206.0 Grasp 0
451.0 61.0 385.0 94.0 374.0 74.0 441.0 40.0 Grasp 0
533.0 210.0 468.0 243.0 458.0 222.0 523.0 190.0 Grasp 0
521.0 155.0 434.0 198.0 424.0 178.0 511.0 135.0 Grasp 0
537.0 183.0 461.0 240.0 447.0 221.0 523.0 164.0 Grasp 0
511.0 146.0 433.0 184.0 423.0 164.0 501.0 125.0 Grasp 0
502.0 114.0 426.0 171.0 412.0 153.0 488.0 95.0 Grasp 0
528.0 188.0 457.0 223.0 446.0 203.0 518.0 167.0 Grasp 0
528.0 177.0 447.0 217.0 436.0 197.0 518.0 156.0 Grasp 0
493.0 108.0 423.0 160.0 410.0 142.0 479.0 90.0 Grasp 0
485.0 98.0 417.0 149.0 404.0 131.0 472.0 80.0 Grasp 0
459.0 67.0 399.0 113.0 385.0 95.0 446.0 49.0 Grasp 0
470.0 72.0 401.0 124.0 387.0 106.0 456.0 54.0 Grasp 0
520.0 164.0 443.0 202.0 433.0 182.0 510.0 143.0 Grasp 0
509.0 137.0 427.0 177.0 417.0 157.0 499.0 116.0 Grasp 0
441.0 50.0 387.0 91.0 373.0 73.0 427.0 32.0 Grasp 0
