265.0 263.0 242.0 238.0 259.0 223.0 281.0 248.0 Grasp 0
330.0 214.0 308.0 189.0 324.0 175.0 346.0 199.0 Grasp 0
303.0 236.0 279.0 210.0 295.0 195.0 319.0 221.0 Grasp 0
319.0 223.0 296.0 198.0 313.0 183.0 335.0 208.0 Grasp 0
253.0 272.0 230.0 246.0 246.0 231.0 270.0 257.0 Grasp 0
343.0 202.0 324.0 181.0 340.0 166.0 360.0 187.0 Grasp 0
282.0 248.0 262.0 225.0 279.0 211.0 299.0 233.0 Grasp 0
359.0 190.0 340.0 169.0 357.0 154.0 375.0 175.0 Grasp 0
368.0 184.0 351.0 157.0 370.0 145.0 387.0 172.0 Grasp 0
291.0 244.0 269.0 220.0 285.0 205.0 307.0 229.0 Grasp 0
275.0 257.0 250.0 230.0 267.0 215.0 292.0 242.0 Grasp 0
352.0 198.0 330.0 174.0 346.0 159.0 368.0 183.0 Grasp 0
337.0 210.0 317.0 178.0 336.0 167.0 355.0 199.0 Grasp 0
311.0 227.0 290.0 205.0 307.0 190.0 327.0 212.0 Grasp 0
342.0 208.0 314.0 188.0 327.0 170.0 355.0 191.0 Grasp 0
259.0 266.0 237.0 242.0 253.0 227.0 275.0 251.0 Grasp 0
248.0 277.0 223.0 250.0 240.0 235.0 264.0 262.0 Grasp 0
