355.0 235.0 305.0 260.0 295.0 240.0 345.0 215.0 Grasp 0
326.0 165.0 272.0 192.0 262.0 171.0 316.0 144.0 Grasp 0
326.0 155.0 264.0 186.0 253.0 165.0 316.0 134.0 Grasp 0
346.0 185.0 275.0 220.0 265.0 199.0 336.0 164.0 Grasp 0
334.0 176.0 267.0 195.0 260.0 173.0 328.0 154.0 Grasp 0
348.0 202.0 287.0 232.0 277.0 211.0 337.0 181.0 Grasp 0
331.0 185.0 284.0 208.0 274.0 187.0 320.0 164.0 Grasp 0
338.0 198.0 290.0 222.0 280.0 201.0 327.0 177.0 Grasp 0
379.0 280.0 325.0 307.0 315.0 287.0 369.0 260.0 Grasp 0
366.0 255.0 314.0 281.0 304.0 261.0 356.0 235.0 Grasp 0
375.0 266.0 318.0 295.0 308.0 275.0 365.0 246.0 Grasp 0
357.0 245.0 311.0 268.0 301.0 247.0 347.0 225.0 Grasp 0
342.0 213.0 296.0 236.0 286.0 215.0 332.0 192.0 Grasp 0
352.0 227.0 299.0 253.0 289.0 233.0 342.0 207.0 Grasp 0
324.0 145.0 286.0 206.0 266.0 194.0 304.0 133.0 Grasp 0
335.0 159.0 271.0 207.0 257.0 189.0 321.0 140.0 Grasp 0
335.0 173.0 253.0 181.0 251.0 158.0 333.0 150.0 Grasp 0
373.0 276.0 325.0 300.0 315.0 280.0 363.0 255.0 Grasp 0
