363.0 265.0 319.0 298.0 306.0 281.0 350.0 247.0 Grasp 0
337.0 243.0 307.0 266.0 293.0 249.0 324.0 226.0 Grasp 0
359.0 276.0 331.0 297.0 318.0 279.0 346.0 258.0 Grasp 0
290.0 175.0 259.0 198.0 246.0 181.0 276.0 158.0 Grasp 0
312.0 193.0 270.0 225.0 257.0 207.0 298.0 176.0 Grasp 0
322.0 212.0 282.0 243.0 269.0 225.0 308.0 195.0 Grasp 0
307.0 202.0 279.0 223.0 266.0 206.0 294.0 184.0 Grasp 0
341.0 250.0 312.0 272.0 299.0 254.0 328.0 232.0 Grasp 0
351.0 251.0 310.0 282.0 297.0 265.0 338.0 234.0 Grasp 0
335.0 236.0 302.0 261.0 289.0 244.0 322.0 219.0 Grasp 0
330.0 227.0 295.0 254.0 281.0 237.0 317.0 210.0 Grasp 0
301.0 174.0 264.0 215.0 247.0 200.0 285.0 159.0 Grasp 0
350.0 262.0 320.0 284.0 307.0 267.0 337.0 244.0 Grasp 0
299.0 190.0 271.0 211.0 258.0 193.0 286.0 172.0 Grasp 0
327.0 221.0 290.0 249.0 277.0 231.0 314.0 203.0 Grasp 0
314.0 207.0 282.0 232.0 268.0 214.0 301.0 190.0 Grasp 0
366.0 275.0 309.0 291.0 303.0 270.0 360.0 254.0 Grasp 0
302.0 182.0 254.0 206.0 244.0 186.0 292.0 162.0 Grasp 0
347.0 240.0 302.0 275.0 289.0 257.0 334.0 223.0 Grasp 0
361.0 256.0 331.0 304.0 313.0 293.0 343.0 244.0 Grasp 0
