543.0 30.0 543.0 30.0 528.0 17.0 528.0 17.0 Grasp 0
351.0 160.0 293.0 96.0 309.0 81.0 368.0 145.0 Grasp 0
351.0 155.0 306.0 83.0 325.0 71.0 370.0 144.0 Grasp 0
263.0 240.0 218.0 206.0 232.0 189.0 277.0 223.0 Grasp 0
269.0 222.0 212.0 179.0 226.0 161.0 282.0 204.0 Grasp 0
256.0 271.0 226.0 268.0 228.0 246.0 258.0 249.0 Grasp 0
358.0 268.0 328.0 283.0 318.0 263.0 349.0 248.0 Grasp 0
258.0 282.0 226.0 285.0 224.0 263.0 256.0 260.0 Grasp 0
357.0 169.0 309.0 222.0 292.0 207.0 340.0 154.0 Grasp 0
342.0 244.0 316.0 252.0 310.0 230.0 336.0 223.0 Grasp 0
257.0 294.0 227.0 297.0 225.0 275.0 255.0 272.0 Grasp 0
365.0 271.0 334.0 295.0 321.0 277.0 352.0 253.0 Grasp 0
262.0 260.0 226.0 257.0 228.0 235.0 264.0 238.0 Grasp 0
328.0 180.0 264.0 109.0 281.0 94.0 345.0 165.0 Grasp 0
299.0 226.0 240.0 161.0 257.0 146.0 315.0 211.0 Grasp 0
358.0 197.0 315.0 244.0 298.0 229.0 341.0 182.0 Grasp 0
262.0 247.0 229.0 237.0 235.0 216.0 268.0 225.0 Grasp 0
345.0 146.0 320.0 82.0 341.0 73.0 366.0 138.0 Grasp 0
272.0 215.0 225.0 163.0 241.0 147.0 289.0 199.0 Grasp 0
351.0 199.0 314.0 227.0 301.0 209.0 338.0 181.0 Grasp 0
259.0 272.0 222.0 253.0 232.0 234.0 269.0 252.0 Grasp 0
267.0 237.0 233.0 234.0 235.0 212.0 269.0 215.0 Grasp 0
352.0 259.0 320.0 268.0 314.0 247.0 346.0 238.0 Grasp 0
265.0 250.0 219.0 215.0 232.0 197.0 278.0 232.0 Grasp 0
348.0 248.0 319.0 262.0 309.0 242.0 338.0 228.0 Grasp 0
367.0 195.0 309.0 259.0 293.0 244.0 351.0 180.0 Grasp 0
272.0 218.0 233.0 207.0 239.0 185.0 278.0 197.0 Grasp 0
356.0 225.0 313.0 257.0 300.0 239.0 342.0 207.0 Grasp 0
270.0 236.0 205.0 187.0 218.0 169.0 283.0 218.0 Grasp 0
370.0 137.0 299.0 101.0 309.0 81.0 380.0 117.0 Grasp 0
351.0 185.0 308.0 232.0 292.0 217.0 335.0 170.0 Grasp 0
340.0 165.0 291.0 111.0 308.0 96.0 357.0 150.0 Grasp 0
357.0 215.0 308.0 240.0 298.0 220.0 347.0 196.0 Grasp 0
303.0 223.0 236.0 203.0 242.0 182.0 309.0 201.0 Grasp 0
