359.0 240.0 337.0 204.0 356.0 192.0 378.0 228.0 Grasp 0
303.0 250.0 282.0 215.0 301.0 203.0 322.0 238.0 Grasp 0
331.0 247.0 306.0 206.0 325.0 195.0 350.0 235.0 Grasp 0
273.0 250.0 260.0 218.0 281.0 210.0 293.0 242.0 Grasp 0
264.0 257.0 242.0 221.0 261.0 209.0 283.0 245.0 Grasp 0
285.0 254.0 261.0 215.0 280.0 204.0 304.0 242.0 Grasp 0
372.0 240.0 347.0 200.0 366.0 188.0 391.0 228.0 Grasp 0
323.0 248.0 299.0 210.0 318.0 198.0 341.0 236.0 Grasp 0
345.0 243.0 322.0 206.0 341.0 194.0 364.0 231.0 Grasp 0
296.0 251.0 273.0 215.0 292.0 203.0 314.0 239.0 Grasp 0
390.0 192.0 381.0 237.0 360.0 233.0 368.0 188.0 Grasp 0
375.0 231.0 363.0 200.0 383.0 192.0 395.0 223.0 Grasp 0
310.0 247.0 289.0 214.0 308.0 202.0 329.0 236.0 Grasp 0
352.0 240.0 331.0 206.0 349.0 194.0 370.0 229.0 Grasp 0
332.0 243.0 317.0 205.0 338.0 197.0 352.0 235.0 Grasp 0
272.0 256.0 249.0 219.0 268.0 207.0 290.0 244.0 Grasp 0
