277.0 280.0 262.0 239.0 282.0 231.0 298.0 272.0 Grasp 0
343.0 294.0 313.0 216.0 334.0 207.0 364.0 286.0 Grasp 0
261.0 281.0 249.0 247.0 269.0 239.0 282.0 273.0 Grasp 0
299.0 288.0 287.0 222.0 309.0 218.0 321.0 284.0 Grasp 0
307.0 213.0 307.0 288.0 284.0 288.0 284.0 213.0 Grasp 0
336.0 208.0 336.0 295.0 313.0 295.0 313.0 208.0 Grasp 0
347.0 294.0 331.0 204.0 353.0 200.0 370.0 290.0 Grasp 0
308.0 292.0 294.0 220.0 316.0 215.0 330.0 288.0 Grasp 0
352.0 208.0 336.0 294.0 314.0 290.0 330.0 204.0 Grasp 0
339.0 211.0 309.0 290.0 288.0 282.0 318.0 203.0 Grasp 0
357.0 287.0 342.0 207.0 364.0 203.0 379.0 283.0 Grasp 0
334.0 296.0 304.0 218.0 325.0 210.0 355.0 288.0 Grasp 0
248.0 281.0 235.0 248.0 256.0 240.0 269.0 273.0 Grasp 0
321.0 297.0 280.0 230.0 299.0 218.0 340.0 285.0 Grasp 0
286.0 284.0 267.0 235.0 288.0 227.0 307.0 276.0 Grasp 0
297.0 219.0 286.0 278.0 264.0 274.0 275.0 215.0 Grasp 0
326.0 297.0 297.0 220.0 318.0 212.0 347.0 289.0 Grasp 0
348.0 212.0 318.0 289.0 297.0 281.0 327.0 204.0 Grasp 0
