327.0 248.0 307.0 253.0 301.0 232.0 321.0 226.0 Grasp 0
351.0 270.0 320.0 320.0 301.0 309.0 332.0 259.0 Grasp 0
342.0 268.0 308.0 271.0 306.0 249.0 340.0 246.0 Grasp 0
285.0 315.0 274.0 286.0 294.0 278.0 306.0 307.0 Grasp 0
367.0 262.0 336.0 343.0 316.0 335.0 347.0 254.0 Grasp 0
371.0 305.0 293.0 298.0 295.0 276.0 373.0 283.0 Grasp 0
347.0 339.0 332.0 256.0 353.0 252.0 369.0 335.0 Grasp 0
345.0 250.0 301.0 321.0 282.0 309.0 326.0 238.0 Grasp 0
375.0 296.0 328.0 331.0 315.0 314.0 362.0 279.0 Grasp 0
365.0 274.0 304.0 280.0 302.0 258.0 363.0 252.0 Grasp 0
331.0 255.0 303.0 258.0 301.0 236.0 329.0 233.0 Grasp 0
331.0 350.0 284.0 275.0 303.0 263.0 350.0 339.0 Grasp 0
377.0 303.0 301.0 281.0 308.0 260.0 383.0 281.0 Grasp 0
274.0 317.0 262.0 286.0 283.0 278.0 295.0 309.0 Grasp 0
300.0 332.0 280.0 281.0 301.0 273.0 321.0 324.0 Grasp 0
342.0 335.0 305.0 275.0 324.0 264.0 361.0 324.0 Grasp 0
355.0 262.0 327.0 332.0 307.0 324.0 334.0 254.0 Grasp 0
367.0 276.0 357.0 329.0 336.0 324.0 346.0 272.0 Grasp 0
381.0 272.0 318.0 340.0 302.0 325.0 364.0 257.0 Grasp 0
334.0 261.0 310.0 267.0 304.0 246.0 328.0 239.0 Grasp 0
342.0 342.0 292.0 287.0 308.0 272.0 358.0 327.0 Grasp 0
363.0 277.0 331.0 328.0 313.0 317.0 344.0 266.0 Grasp 0
313.0 343.0 287.0 277.0 307.0 269.0 333.0 335.0 Grasp 0
358.0 291.0 273.0 299.0 271.0 277.0 355.0 269.0 Grasp 0
383.0 291.0 307.0 328.0 298.0 309.0 373.0 271.0 Grasp 0
