360.0 257.0 334.0 215.0 354.0 203.0 380.0 245.0 Grasp 0
325.0 263.0 294.0 211.0 313.0 199.0 345.0 251.0 Grasp 0
330.0 258.0 311.0 209.0 332.0 200.0 351.0 250.0 Grasp 0
313.0 264.0 294.0 215.0 315.0 207.0 334.0 255.0 Grasp 0
360.0 267.0 324.0 208.0 343.0 196.0 380.0 255.0 Grasp 0
344.0 259.0 334.0 204.0 356.0 200.0 366.0 255.0 Grasp 0
373.0 254.0 303.0 219.0 313.0 199.0 383.0 233.0 Grasp 0
385.0 201.0 360.0 265.0 339.0 257.0 364.0 193.0 Grasp 0
357.0 265.0 306.0 209.0 323.0 194.0 374.0 250.0 Grasp 0
351.0 206.0 324.0 274.0 303.0 266.0 329.0 198.0 Grasp 0
316.0 257.0 308.0 211.0 330.0 207.0 338.0 253.0 Grasp 0
331.0 207.0 320.0 266.0 297.0 262.0 308.0 203.0 Grasp 0
342.0 265.0 319.0 205.0 340.0 197.0 363.0 257.0 Grasp 0
369.0 199.0 369.0 259.0 347.0 259.0 347.0 199.0 Grasp 0
386.0 246.0 309.0 253.0 306.0 231.0 384.0 223.0 Grasp 0
390.0 238.0 302.0 246.0 300.0 223.0 388.0 215.0 Grasp 0
364.0 202.0 353.0 259.0 331.0 255.0 342.0 197.0 Grasp 0
346.0 204.0 346.0 261.0 323.0 261.0 323.0 204.0 Grasp 0
