362.0 312.0 307.0 253.0 324.0 238.0 378.0 297.0 Grasp 0
383.0 235.0 361.0 229.0 367.0 207.0 389.0 214.0 Grasp 0
402.0 264.0 388.0 299.0 368.0 292.0 381.0 256.0 Grasp 0
379.0 262.0 313.0 268.0 311.0 246.0 377.0 240.0 Grasp 0
370.0 307.0 300.0 272.0 310.0 252.0 380.0 287.0 Grasp 0
386.0 229.0 364.0 223.0 370.0 202.0 392.0 208.0 Grasp 0
347.0 308.0 322.0 243.0 342.0 235.0 367.0 300.0 Grasp 0
364.0 301.0 337.0 232.0 358.0 224.0 385.0 293.0 Grasp 0
385.0 247.0 336.0 242.0 338.0 220.0 387.0 225.0 Grasp 0
387.0 255.0 316.0 249.0 318.0 227.0 389.0 233.0 Grasp 0
391.0 265.0 345.0 315.0 329.0 300.0 374.0 250.0 Grasp 0
348.0 231.0 334.0 311.0 312.0 307.0 327.0 227.0 Grasp 0
389.0 244.0 329.0 310.0 313.0 295.0 373.0 229.0 Grasp 0
347.0 238.0 347.0 305.0 325.0 305.0 325.0 238.0 Grasp 0
409.0 267.0 400.0 292.0 379.0 284.0 389.0 259.0 Grasp 0
355.0 229.0 355.0 313.0 333.0 313.0 333.0 229.0 Grasp 0
388.0 238.0 355.0 235.0 357.0 213.0 390.0 216.0 Grasp 0
368.0 309.0 310.0 245.0 326.0 230.0 385.0 294.0 Grasp 0
388.0 298.0 346.0 229.0 365.0 218.0 407.0 286.0 Grasp 0
373.0 303.0 319.0 244.0 335.0 229.0 389.0 288.0 Grasp 0
398.0 253.0 354.0 324.0 335.0 312.0 379.0 241.0 Grasp 0
388.0 276.0 312.0 269.0 314.0 246.0 390.0 254.0 Grasp 0
