267.0 269.0 245.0 245.0 261.0 230.0 283.0 254.0 Grasp 0
277.0 266.0 252.0 237.0 268.0 223.0 294.0 251.0 Grasp 0
365.0 184.0 365.0 211.0 343.0 211.0 343.0 184.0 Grasp 0
253.0 277.0 234.0 246.0 253.0 234.0 272.0 266.0 Grasp 0
243.0 280.0 227.0 254.0 246.0 242.0 262.0 268.0 Grasp 0
306.0 244.0 288.0 225.0 305.0 210.0 322.0 229.0 Grasp 0
368.0 214.0 332.0 204.0 338.0 183.0 374.0 193.0 Grasp 0
348.0 194.0 341.0 231.0 319.0 227.0 326.0 190.0 Grasp 0
292.0 253.0 271.0 230.0 287.0 215.0 308.0 238.0 Grasp 0
313.0 236.0 295.0 216.0 311.0 201.0 330.0 222.0 Grasp 0
300.0 248.0 281.0 227.0 297.0 212.0 316.0 233.0 Grasp 0
328.0 229.0 309.0 215.0 323.0 198.0 341.0 212.0 Grasp 0
278.0 259.0 262.0 234.0 281.0 222.0 297.0 248.0 Grasp 0
357.0 187.0 357.0 218.0 335.0 218.0 335.0 187.0 Grasp 0
336.0 225.0 317.0 211.0 330.0 193.0 349.0 207.0 Grasp 0
325.0 223.0 321.0 201.0 342.0 197.0 346.0 219.0 Grasp 0
368.0 205.0 353.0 194.0 366.0 177.0 381.0 188.0 Grasp 0
