238.0 293.0 225.0 272.0 245.0 260.0 258.0 281.0 Grasp 0
253.0 285.0 242.0 254.0 263.0 246.0 275.0 277.0 Grasp 0
304.0 188.0 304.0 271.0 281.0 271.0 281.0 188.0 Grasp 0
351.0 251.0 273.0 229.0 280.0 208.0 357.0 230.0 Grasp 0
366.0 237.0 308.0 281.0 295.0 262.0 352.0 219.0 Grasp 0
273.0 273.0 256.0 246.0 275.0 234.0 292.0 261.0 Grasp 0
343.0 305.0 312.0 320.0 302.0 300.0 334.0 285.0 Grasp 0
361.0 272.0 305.0 299.0 295.0 279.0 351.0 252.0 Grasp 0
262.0 281.0 249.0 248.0 270.0 240.0 283.0 273.0 Grasp 0
342.0 297.0 313.0 312.0 303.0 292.0 332.0 278.0 Grasp 0
358.0 222.0 275.0 230.0 273.0 207.0 356.0 199.0 Grasp 0
368.0 213.0 307.0 279.0 290.0 264.0 351.0 197.0 Grasp 0
373.0 254.0 300.0 290.0 290.0 270.0 363.0 233.0 Grasp 0
340.0 317.0 312.0 325.0 305.0 304.0 334.0 296.0 Grasp 0
249.0 286.0 236.0 264.0 255.0 253.0 268.0 274.0 Grasp 0
345.0 287.0 311.0 304.0 301.0 284.0 335.0 267.0 Grasp 0
342.0 265.0 271.0 230.0 281.0 210.0 352.0 245.0 Grasp 0
279.0 275.0 265.0 200.0 287.0 196.0 301.0 271.0 Grasp 0
320.0 188.0 320.0 284.0 297.0 284.0 297.0 188.0 Grasp 0
274.0 286.0 258.0 199.0 280.0 195.0 297.0 282.0 Grasp 0
