361.0 228.0 326.0 211.0 336.0 191.0 370.0 208.0 Grasp 0
359.0 281.0 291.0 262.0 297.0 241.0 365.0 260.0 Grasp 0
358.0 265.0 304.0 238.0 314.0 218.0 368.0 245.0 Grasp 0
362.0 238.0 320.0 216.0 329.0 197.0 372.0 218.0 Grasp 0
361.0 249.0 308.0 234.0 314.0 213.0 367.0 228.0 Grasp 0
362.0 270.0 296.0 276.0 294.0 254.0 360.0 248.0 Grasp 0
365.0 215.0 334.0 199.0 344.0 180.0 375.0 195.0 Grasp 0
362.0 260.0 298.0 254.0 300.0 232.0 364.0 238.0 Grasp 0
366.0 227.0 318.0 223.0 320.0 201.0 368.0 206.0 Grasp 0
361.0 241.0 313.0 228.0 319.0 206.0 367.0 220.0 Grasp 0
368.0 206.0 329.0 210.0 327.0 188.0 366.0 184.0 Grasp 0
363.0 280.0 293.0 286.0 291.0 264.0 361.0 258.0 Grasp 0
347.0 303.0 286.0 257.0 299.0 239.0 360.0 285.0 Grasp 0
328.0 300.0 300.0 228.0 321.0 220.0 349.0 292.0 Grasp 0
358.0 259.0 309.0 222.0 322.0 204.0 371.0 241.0 Grasp 0
347.0 292.0 296.0 253.0 309.0 236.0 360.0 274.0 Grasp 0
363.0 218.0 331.0 209.0 337.0 188.0 369.0 197.0 Grasp 0
369.0 253.0 295.0 246.0 297.0 224.0 371.0 231.0 Grasp 0
365.0 203.0 338.0 201.0 340.0 179.0 367.0 181.0 Grasp 0
372.0 252.0 299.0 288.0 289.0 269.0 362.0 232.0 Grasp 0
352.0 288.0 293.0 272.0 299.0 250.0 358.0 267.0 Grasp 0
357.0 275.0 298.0 246.0 308.0 226.0 367.0 256.0 Grasp 0
326.0 302.0 294.0 249.0 313.0 238.0 345.0 290.0 Grasp 0
372.0 266.0 286.0 258.0 288.0 236.0 374.0 244.0 Grasp 0
