301.0 294.0 256.0 260.0 270.0 242.0 315.0 275.0 Grasp 0
331.0 267.0 274.0 223.0 287.0 205.0 345.0 249.0 Grasp 0
352.0 228.0 307.0 179.0 324.0 164.0 369.0 213.0 Grasp 0
332.0 247.0 292.0 217.0 306.0 198.0 346.0 229.0 Grasp 0
318.0 288.0 252.0 255.0 263.0 235.0 328.0 268.0 Grasp 0
318.0 285.0 260.0 241.0 274.0 223.0 332.0 267.0 Grasp 0
362.0 231.0 292.0 197.0 303.0 177.0 372.0 211.0 Grasp 0
306.0 297.0 257.0 243.0 273.0 228.0 323.0 282.0 Grasp 0
350.0 246.0 282.0 213.0 292.0 192.0 360.0 226.0 Grasp 0
368.0 219.0 303.0 186.0 313.0 166.0 379.0 198.0 Grasp 0
318.0 272.0 274.0 238.0 287.0 220.0 332.0 254.0 Grasp 0
346.0 235.0 297.0 210.0 307.0 190.0 356.0 214.0 Grasp 0
343.0 234.0 304.0 191.0 321.0 176.0 360.0 219.0 Grasp 0
355.0 222.0 306.0 198.0 316.0 177.0 365.0 202.0 Grasp 0
364.0 216.0 302.0 210.0 304.0 187.0 366.0 193.0 Grasp 0
289.0 298.0 265.0 236.0 287.0 228.0 311.0 290.0 Grasp 0
338.0 259.0 279.0 214.0 293.0 196.0 352.0 241.0 Grasp 0
374.0 216.0 285.0 224.0 283.0 202.0 372.0 194.0 Grasp 0
