383.0 269.0 331.0 230.0 345.0 212.0 396.0 251.0 Grasp 0
381.0 265.0 341.0 222.0 358.0 206.0 398.0 250.0 Grasp 0
346.0 270.0 324.0 234.0 343.0 222.0 365.0 258.0 Grasp 0
364.0 271.0 342.0 214.0 363.0 206.0 385.0 263.0 Grasp 0
385.0 203.0 374.0 266.0 351.0 262.0 363.0 199.0 Grasp 0
333.0 276.0 312.0 241.0 331.0 229.0 352.0 264.0 Grasp 0
342.0 270.0 312.0 248.0 326.0 230.0 355.0 252.0 Grasp 0
404.0 248.0 305.0 257.0 303.0 235.0 402.0 226.0 Grasp 0
382.0 276.0 320.0 229.0 333.0 211.0 395.0 258.0 Grasp 0
334.0 278.0 305.0 256.0 319.0 238.0 348.0 260.0 Grasp 0
356.0 267.0 339.0 223.0 360.0 215.0 377.0 259.0 Grasp 0
392.0 258.0 320.0 238.0 326.0 216.0 399.0 236.0 Grasp 0
356.0 276.0 326.0 228.0 345.0 216.0 375.0 264.0 Grasp 0
337.0 277.0 319.0 231.0 340.0 223.0 358.0 269.0 Grasp 0
