363.0 290.0 302.0 285.0 304.0 262.0 365.0 268.0 Grasp 0
365.0 283.0 303.0 265.0 309.0 243.0 371.0 261.0 Grasp 0
357.0 319.0 291.0 300.0 297.0 278.0 364.0 297.0 Grasp 0
364.0 263.0 315.0 250.0 321.0 228.0 370.0 242.0 Grasp 0
355.0 309.0 298.0 293.0 304.0 271.0 361.0 287.0 Grasp 0
351.0 331.0 289.0 313.0 295.0 291.0 357.0 309.0 Grasp 0
378.0 251.0 309.0 244.0 311.0 222.0 380.0 228.0 Grasp 0
349.0 345.0 283.0 313.0 294.0 292.0 359.0 325.0 Grasp 0
349.0 347.0 282.0 328.0 288.0 307.0 355.0 326.0 Grasp 0
347.0 323.0 297.0 308.0 303.0 286.0 354.0 301.0 Grasp 0
372.0 264.0 307.0 232.0 317.0 212.0 382.0 244.0 Grasp 0
352.0 303.0 302.0 265.0 316.0 247.0 366.0 285.0 Grasp 0
363.0 310.0 291.0 331.0 285.0 309.0 357.0 288.0 Grasp 0
373.0 268.0 304.0 261.0 306.0 238.0 375.0 245.0 Grasp 0
352.0 334.0 290.0 328.0 292.0 306.0 354.0 311.0 Grasp 0
379.0 245.0 307.0 280.0 296.0 260.0 368.0 224.0 Grasp 0
368.0 281.0 301.0 247.0 311.0 227.0 378.0 260.0 Grasp 0
363.0 305.0 293.0 285.0 299.0 263.0 369.0 283.0 Grasp 0
366.0 301.0 294.0 322.0 288.0 300.0 359.0 279.0 Grasp 0
381.0 253.0 306.0 259.0 304.0 237.0 379.0 230.0 Grasp 0
