375.0 288.0 312.0 305.0 306.0 284.0 368.0 266.0 Grasp 0
362.0 224.0 298.0 242.0 292.0 220.0 356.0 202.0 Grasp 0
372.0 278.0 310.0 295.0 303.0 274.0 366.0 256.0 Grasp 0
363.0 246.0 305.0 262.0 299.0 241.0 357.0 224.0 Grasp 0
369.0 266.0 307.0 283.0 301.0 261.0 363.0 244.0 Grasp 0
364.0 227.0 303.0 257.0 293.0 237.0 354.0 206.0 Grasp 0
365.0 254.0 307.0 271.0 300.0 249.0 359.0 232.0 Grasp 0
350.0 203.0 294.0 208.0 292.0 186.0 348.0 181.0 Grasp 0
344.0 186.0 295.0 200.0 289.0 178.0 338.0 164.0 Grasp 0
371.0 296.0 306.0 290.0 308.0 268.0 373.0 274.0 Grasp 0
362.0 272.0 305.0 267.0 307.0 245.0 364.0 250.0 Grasp 0
352.0 220.0 297.0 225.0 295.0 203.0 350.0 197.0 Grasp 0
365.0 239.0 294.0 245.0 292.0 223.0 363.0 216.0 Grasp 0
350.0 188.0 302.0 212.0 292.0 191.0 340.0 168.0 Grasp 0
354.0 203.0 302.0 242.0 289.0 224.0 340.0 185.0 Grasp 0
349.0 197.0 300.0 221.0 289.0 201.0 339.0 176.0 Grasp 0
355.0 215.0 311.0 248.0 298.0 230.0 341.0 197.0 Grasp 0
