286.0 338.0 267.0 307.0 286.0 295.0 305.0 326.0 Grasp 0
330.0 325.0 312.0 295.0 330.0 283.0 349.0 313.0 Grasp 0
350.0 319.0 332.0 290.0 350.0 278.0 368.0 307.0 Grasp 0
417.0 297.0 401.0 271.0 419.0 259.0 436.0 286.0 Grasp 0
405.0 303.0 385.0 270.0 404.0 259.0 424.0 291.0 Grasp 0
382.0 310.0 363.0 280.0 382.0 268.0 401.0 299.0 Grasp 0
305.0 331.0 287.0 303.0 306.0 291.0 323.0 319.0 Grasp 0
375.0 312.0 357.0 282.0 375.0 271.0 394.0 301.0 Grasp 0
396.0 306.0 377.0 274.0 396.0 263.0 415.0 294.0 Grasp 0
317.0 328.0 299.0 299.0 318.0 287.0 336.0 316.0 Grasp 0
340.0 324.0 320.0 290.0 338.0 279.0 359.0 312.0 Grasp 0
277.0 340.0 259.0 312.0 278.0 300.0 295.0 328.0 Grasp 0
362.0 315.0 344.0 286.0 363.0 275.0 381.0 304.0 Grasp 0
299.0 334.0 279.0 303.0 298.0 291.0 317.0 323.0 Grasp 0
392.0 311.0 369.0 275.0 388.0 263.0 410.0 300.0 Grasp 0
