300.0 182.0 248.0 209.0 237.0 188.0 290.0 162.0 Grasp 0
300.0 166.0 249.0 222.0 232.0 207.0 283.0 151.0 Grasp 0
296.0 169.0 246.0 207.0 233.0 189.0 283.0 151.0 Grasp 0
306.0 178.0 234.0 198.0 228.0 176.0 300.0 156.0 Grasp 0
322.0 298.0 257.0 266.0 267.0 245.0 332.0 278.0 Grasp 0
332.0 234.0 271.0 265.0 261.0 245.0 322.0 214.0 Grasp 0
305.0 245.0 230.0 188.0 245.0 170.0 320.0 226.0 Grasp 0
356.0 252.0 340.0 295.0 319.0 286.0 335.0 244.0 Grasp 0
310.0 186.0 247.0 218.0 237.0 197.0 300.0 166.0 Grasp 0
356.0 269.0 281.0 307.0 272.0 287.0 346.0 250.0 Grasp 0
342.0 246.0 274.0 280.0 264.0 260.0 332.0 226.0 Grasp 0
358.0 268.0 270.0 293.0 264.0 271.0 352.0 246.0 Grasp 0
320.0 192.0 244.0 229.0 234.0 209.0 309.0 171.0 Grasp 0
316.0 202.0 255.0 233.0 245.0 212.0 306.0 182.0 Grasp 0
327.0 215.0 251.0 236.0 245.0 214.0 321.0 193.0 Grasp 0
351.0 226.0 337.0 296.0 315.0 292.0 328.0 222.0 Grasp 0
343.0 254.0 279.0 285.0 269.0 266.0 333.0 234.0 Grasp 0
331.0 218.0 258.0 254.0 248.0 233.0 320.0 197.0 Grasp 0
311.0 298.0 269.0 286.0 276.0 264.0 317.0 276.0 Grasp 0
272.0 243.0 237.0 226.0 248.0 205.0 283.0 222.0 Grasp 0
361.0 277.0 285.0 315.0 275.0 295.0 351.0 257.0 Grasp 0
