373.0 230.0 343.0 306.0 322.0 298.0 352.0 222.0 Grasp 0
364.0 220.0 313.0 302.0 294.0 290.0 345.0 209.0 Grasp 0
351.0 226.0 310.0 292.0 291.0 280.0 332.0 214.0 Grasp 0
360.0 227.0 332.0 300.0 311.0 291.0 339.0 219.0 Grasp 0
352.0 223.0 352.0 306.0 330.0 306.0 330.0 223.0 Grasp 0
322.0 224.0 322.0 295.0 299.0 295.0 299.0 224.0 Grasp 0
400.0 237.0 368.0 320.0 347.0 312.0 379.0 229.0 Grasp 0
341.0 226.0 328.0 297.0 306.0 293.0 319.0 221.0 Grasp 0
300.0 234.0 287.0 268.0 266.0 260.0 279.0 226.0 Grasp 0
387.0 232.0 355.0 315.0 334.0 307.0 366.0 223.0 Grasp 0
319.0 230.0 309.0 288.0 286.0 284.0 297.0 225.0 Grasp 0
335.0 226.0 309.0 294.0 288.0 286.0 314.0 218.0 Grasp 0
415.0 247.0 385.0 323.0 364.0 315.0 394.0 239.0 Grasp 0
313.0 232.0 294.0 279.0 274.0 271.0 292.0 224.0 Grasp 0
296.0 301.0 282.0 227.0 304.0 223.0 318.0 297.0 Grasp 0
331.0 314.0 314.0 222.0 336.0 218.0 353.0 310.0 Grasp 0
286.0 228.0 274.0 260.0 253.0 252.0 265.0 220.0 Grasp 0
315.0 300.0 302.0 231.0 324.0 226.0 337.0 296.0 Grasp 0
406.0 243.0 377.0 320.0 356.0 312.0 385.0 235.0 Grasp 0
360.0 222.0 360.0 309.0 338.0 309.0 338.0 222.0 Grasp 0
292.0 235.0 282.0 260.0 261.0 252.0 271.0 227.0 Grasp 0
