348.0 251.0 295.0 236.0 301.0 214.0 355.0 229.0 Grasp 0
372.0 177.0 316.0 183.0 313.0 160.0 370.0 155.0 Grasp 0
353.0 230.0 304.0 216.0 310.0 194.0 359.0 208.0 Grasp 0
336.0 277.0 291.0 264.0 297.0 243.0 342.0 256.0 Grasp 0
369.0 181.0 314.0 165.0 320.0 143.0 375.0 159.0 Grasp 0
344.0 242.0 303.0 230.0 310.0 209.0 350.0 220.0 Grasp 0
363.0 215.0 305.0 198.0 311.0 177.0 369.0 193.0 Grasp 0
363.0 196.0 312.0 170.0 322.0 150.0 373.0 175.0 Grasp 0
342.0 256.0 296.0 243.0 302.0 221.0 348.0 234.0 Grasp 0
361.0 206.0 308.0 191.0 314.0 169.0 367.0 184.0 Grasp 0
339.0 265.0 295.0 252.0 301.0 231.0 345.0 244.0 Grasp 0
357.0 239.0 294.0 221.0 301.0 200.0 363.0 217.0 Grasp 0
355.0 223.0 304.0 208.0 310.0 186.0 361.0 201.0 Grasp 0
327.0 293.0 283.0 271.0 293.0 251.0 337.0 273.0 Grasp 0
337.0 287.0 292.0 283.0 294.0 261.0 339.0 265.0 Grasp 0
362.0 198.0 313.0 184.0 320.0 163.0 368.0 176.0 Grasp 0
