374.0 259.0 296.0 298.0 285.0 277.0 364.0 238.0 Grasp 0
357.0 216.0 274.0 240.0 268.0 218.0 351.0 194.0 Grasp 0
363.0 306.0 332.0 321.0 322.0 301.0 353.0 285.0 Grasp 0
362.0 229.0 278.0 253.0 271.0 231.0 356.0 207.0 Grasp 0
367.0 288.0 323.0 309.0 313.0 289.0 356.0 268.0 Grasp 0
343.0 200.0 283.0 230.0 273.0 209.0 332.0 179.0 Grasp 0
366.0 262.0 295.0 282.0 289.0 260.0 359.0 240.0 Grasp 0
366.0 246.0 286.0 269.0 280.0 247.0 359.0 224.0 Grasp 0
364.0 269.0 309.0 297.0 299.0 276.0 354.0 248.0 Grasp 0
357.0 304.0 328.0 312.0 322.0 290.0 351.0 282.0 Grasp 0
365.0 254.0 291.0 275.0 285.0 253.0 359.0 232.0 Grasp 0
369.0 242.0 310.0 307.0 293.0 291.0 352.0 227.0 Grasp 0
