357.0 229.0 328.0 277.0 309.0 265.0 338.0 217.0 Grasp 0
303.0 175.0 278.0 240.0 256.0 231.0 281.0 166.0 Grasp 0
378.0 237.0 342.0 295.0 323.0 284.0 359.0 225.0 Grasp 0
388.0 256.0 350.0 298.0 333.0 283.0 372.0 240.0 Grasp 0
311.0 184.0 263.0 237.0 245.0 221.0 294.0 168.0 Grasp 0
323.0 198.0 292.0 248.0 272.0 236.0 303.0 186.0 Grasp 0
403.0 258.0 369.0 313.0 350.0 301.0 384.0 246.0 Grasp 0
333.0 203.0 300.0 256.0 280.0 244.0 313.0 191.0 Grasp 0
297.0 181.0 268.0 228.0 248.0 215.0 277.0 168.0 Grasp 0
311.0 192.0 272.0 235.0 255.0 219.0 294.0 177.0 Grasp 0
395.0 249.0 358.0 308.0 339.0 297.0 376.0 238.0 Grasp 0
315.0 195.0 286.0 241.0 266.0 229.0 295.0 182.0 Grasp 0
345.0 216.0 313.0 268.0 294.0 256.0 326.0 204.0 Grasp 0
365.0 237.0 338.0 282.0 319.0 270.0 346.0 226.0 Grasp 0
345.0 205.0 304.0 271.0 285.0 259.0 326.0 193.0 Grasp 0
407.0 267.0 354.0 306.0 340.0 288.0 393.0 248.0 Grasp 0
356.0 226.0 313.0 272.0 297.0 257.0 339.0 210.0 Grasp 0
417.0 261.0 364.0 320.0 347.0 304.0 400.0 246.0 Grasp 0
