346.0 259.0 282.0 241.0 288.0 219.0 352.0 238.0 Grasp 0
332.0 301.0 270.0 283.0 276.0 261.0 338.0 279.0 Grasp 0
330.0 314.0 267.0 296.0 273.0 274.0 336.0 292.0 Grasp 0
339.0 285.0 275.0 267.0 281.0 245.0 345.0 263.0 Grasp 0
335.0 292.0 272.0 274.0 278.0 253.0 341.0 271.0 Grasp 0
344.0 253.0 290.0 226.0 300.0 205.0 354.0 232.0 Grasp 0
341.0 276.0 278.0 258.0 284.0 236.0 347.0 254.0 Grasp 0
348.0 221.0 304.0 199.0 314.0 179.0 358.0 201.0 Grasp 0
343.0 268.0 280.0 250.0 286.0 228.0 349.0 246.0 Grasp 0
353.0 241.0 288.0 235.0 290.0 212.0 355.0 218.0 Grasp 0
352.0 208.0 309.0 196.0 315.0 174.0 358.0 187.0 Grasp 0
354.0 219.0 294.0 213.0 296.0 191.0 356.0 196.0 Grasp 0
346.0 237.0 296.0 222.0 302.0 201.0 352.0 215.0 Grasp 0
359.0 213.0 303.0 208.0 305.0 186.0 361.0 191.0 Grasp 0
