419.0 203.0 395.0 197.0 401.0 175.0 425.0 182.0 Grasp 0
446.0 266.0 379.0 286.0 373.0 264.0 440.0 245.0 Grasp 0
380.0 214.0 374.0 244.0 353.0 240.0 358.0 210.0 Grasp 0
447.0 253.0 386.0 299.0 373.0 281.0 434.0 235.0 Grasp 0
368.0 211.0 359.0 233.0 338.0 225.0 347.0 203.0 Grasp 0
430.0 201.0 368.0 247.0 355.0 230.0 417.0 183.0 Grasp 0
442.0 251.0 377.0 283.0 367.0 263.0 432.0 231.0 Grasp 0
429.0 223.0 366.0 254.0 356.0 234.0 419.0 203.0 Grasp 0
425.0 245.0 383.0 266.0 373.0 246.0 415.0 226.0 Grasp 0
426.0 230.0 383.0 263.0 370.0 245.0 413.0 213.0 Grasp 0
313.0 178.0 300.0 193.0 284.0 178.0 297.0 164.0 Grasp 0
347.0 201.0 334.0 222.0 315.0 210.0 328.0 190.0 Grasp 0
421.0 110.0 401.0 116.0 395.0 95.0 415.0 89.0 Grasp 0
361.0 206.0 351.0 230.0 331.0 222.0 340.0 199.0 Grasp 0
428.0 236.0 415.0 302.0 394.0 298.0 406.0 232.0 Grasp 0
415.0 217.0 392.0 206.0 401.0 186.0 425.0 198.0 Grasp 0
281.0 143.0 271.0 159.0 252.0 148.0 262.0 132.0 Grasp 0
427.0 166.0 404.0 168.0 402.0 146.0 425.0 144.0 Grasp 0
319.0 180.0 302.0 199.0 286.0 184.0 303.0 165.0 Grasp 0
385.0 202.0 385.0 288.0 364.0 288.0 364.0 202.0 Grasp 0
341.0 200.0 326.0 217.0 309.0 203.0 325.0 185.0 Grasp 0
418.0 234.0 384.0 218.0 394.0 198.0 427.0 215.0 Grasp 0
285.0 153.0 265.0 163.0 255.0 144.0 275.0 134.0 Grasp 0
405.0 296.0 373.0 280.0 383.0 260.0 415.0 276.0 Grasp 0
425.0 140.0 403.0 142.0 401.0 120.0 423.0 118.0 Grasp 0
324.0 190.0 312.0 204.0 296.0 189.0 308.0 175.0 Grasp 0
298.0 160.0 284.0 175.0 268.0 160.0 282.0 145.0 Grasp 0
305.0 168.0 291.0 183.0 275.0 169.0 289.0 153.0 Grasp 0
450.0 255.0 438.0 288.0 417.0 280.0 430.0 247.0 Grasp 0
407.0 209.0 396.0 271.0 374.0 267.0 386.0 205.0 Grasp 0
442.0 243.0 434.0 283.0 413.0 279.0 420.0 239.0 Grasp 0
424.0 131.0 403.0 133.0 401.0 111.0 422.0 109.0 Grasp 0
389.0 218.0 382.0 255.0 361.0 251.0 367.0 214.0 Grasp 0
440.0 189.0 381.0 254.0 365.0 239.0 423.0 175.0 Grasp 0
334.0 196.0 320.0 212.0 304.0 197.0 318.0 181.0 Grasp 0
423.0 191.0 399.0 189.0 401.0 167.0 425.0 169.0 Grasp 0
424.0 220.0 347.0 242.0 341.0 221.0 418.0 199.0 Grasp 0
409.0 298.0 358.0 260.0 372.0 242.0 423.0 281.0 Grasp 0
435.0 253.0 381.0 268.0 375.0 247.0 429.0 232.0 Grasp 0
438.0 236.0 376.0 283.0 363.0 265.0 425.0 218.0 Grasp 0
426.0 150.0 404.0 152.0 402.0 130.0 424.0 128.0 Grasp 0
