361.0 212.0 348.0 282.0 326.0 278.0 339.0 208.0 Grasp 0
333.0 199.0 319.0 276.0 296.0 271.0 311.0 195.0 Grasp 0
341.0 202.0 327.0 279.0 304.0 275.0 319.0 197.0 Grasp 0
399.0 226.0 374.0 291.0 353.0 283.0 378.0 218.0 Grasp 0
429.0 237.0 390.0 300.0 371.0 288.0 410.0 225.0 Grasp 0
458.0 249.0 422.0 309.0 403.0 297.0 439.0 237.0 Grasp 0
372.0 209.0 357.0 290.0 335.0 286.0 350.0 205.0 Grasp 0
305.0 274.0 292.0 201.0 314.0 197.0 327.0 270.0 Grasp 0
443.0 228.0 427.0 313.0 405.0 309.0 421.0 224.0 Grasp 0
352.0 206.0 338.0 283.0 316.0 279.0 330.0 202.0 Grasp 0
343.0 199.0 296.0 276.0 277.0 265.0 324.0 188.0 Grasp 0
324.0 202.0 311.0 271.0 289.0 267.0 302.0 198.0 Grasp 0
436.0 239.0 411.0 302.0 390.0 293.0 415.0 231.0 Grasp 0
410.0 230.0 384.0 295.0 363.0 287.0 389.0 221.0 Grasp 0
450.0 243.0 409.0 310.0 390.0 298.0 431.0 231.0 Grasp 0
422.0 308.0 408.0 232.0 430.0 228.0 444.0 303.0 Grasp 0
384.0 211.0 368.0 295.0 346.0 291.0 362.0 207.0 Grasp 0
