360.0 249.0 328.0 284.0 311.0 269.0 343.0 233.0 Grasp 0
368.0 256.0 337.0 290.0 320.0 275.0 351.0 241.0 Grasp 0
336.0 235.0 312.0 262.0 295.0 246.0 319.0 220.0 Grasp 0
351.0 237.0 323.0 282.0 304.0 270.0 332.0 225.0 Grasp 0
347.0 229.0 317.0 278.0 297.0 266.0 327.0 217.0 Grasp 0
377.0 256.0 349.0 301.0 330.0 289.0 358.0 244.0 Grasp 0
384.0 262.0 333.0 300.0 320.0 282.0 370.0 244.0 Grasp 0
349.0 234.0 301.0 271.0 287.0 252.0 335.0 216.0 Grasp 0
334.0 228.0 304.0 262.0 287.0 246.0 317.0 213.0 Grasp 0
359.0 241.0 312.0 277.0 298.0 258.0 345.0 223.0 Grasp 0
385.0 268.0 350.0 307.0 333.0 291.0 368.0 253.0 Grasp 0
