355.0 232.0 282.0 239.0 279.0 217.0 353.0 210.0 Grasp 0
356.0 221.0 281.0 228.0 279.0 206.0 354.0 199.0 Grasp 0
356.0 183.0 280.0 190.0 278.0 168.0 354.0 161.0 Grasp 0
354.0 277.0 285.0 283.0 283.0 261.0 352.0 254.0 Grasp 0
349.0 267.0 287.0 273.0 285.0 251.0 347.0 245.0 Grasp 0
352.0 209.0 284.0 215.0 282.0 193.0 350.0 187.0 Grasp 0
352.0 302.0 278.0 295.0 280.0 273.0 354.0 280.0 Grasp 0
351.0 252.0 286.0 258.0 284.0 235.0 349.0 229.0 Grasp 0
355.0 154.0 280.0 161.0 278.0 139.0 353.0 132.0 Grasp 0
359.0 199.0 277.0 207.0 275.0 185.0 357.0 177.0 Grasp 0
357.0 147.0 278.0 154.0 276.0 132.0 355.0 124.0 Grasp 0
364.0 302.0 273.0 310.0 271.0 288.0 362.0 280.0 Grasp 0
356.0 314.0 282.0 321.0 280.0 299.0 354.0 292.0 Grasp 0
358.0 244.0 278.0 251.0 276.0 229.0 356.0 222.0 Grasp 0
361.0 171.0 274.0 180.0 271.0 158.0 359.0 149.0 Grasp 0
349.0 289.0 288.0 295.0 286.0 272.0 347.0 267.0 Grasp 0
356.0 199.0 274.0 192.0 276.0 170.0 358.0 177.0 Grasp 0
354.0 265.0 277.0 258.0 279.0 236.0 356.0 243.0 Grasp 0
358.0 137.0 284.0 174.0 274.0 154.0 348.0 117.0 Grasp 0
362.0 282.0 275.0 290.0 273.0 267.0 360.0 259.0 Grasp 0
355.0 162.0 280.0 169.0 278.0 147.0 353.0 140.0 Grasp 0
