314.0 280.0 287.0 210.0 308.0 201.0 335.0 272.0 Grasp 0
291.0 215.0 278.0 289.0 255.0 285.0 269.0 211.0 Grasp 0
346.0 271.0 318.0 198.0 339.0 190.0 367.0 263.0 Grasp 0
283.0 288.0 257.0 221.0 278.0 213.0 304.0 280.0 Grasp 0
305.0 288.0 274.0 209.0 295.0 201.0 326.0 279.0 Grasp 0
374.0 263.0 345.0 189.0 366.0 181.0 394.0 255.0 Grasp 0
330.0 270.0 317.0 200.0 339.0 196.0 352.0 266.0 Grasp 0
273.0 289.0 249.0 227.0 270.0 218.0 295.0 280.0 Grasp 0
299.0 283.0 263.0 225.0 282.0 214.0 318.0 271.0 Grasp 0
258.0 289.0 246.0 226.0 269.0 221.0 280.0 284.0 Grasp 0
287.0 278.0 276.0 218.0 298.0 214.0 309.0 273.0 Grasp 0
328.0 273.0 302.0 207.0 323.0 199.0 348.0 265.0 Grasp 0
354.0 271.0 324.0 194.0 345.0 186.0 375.0 263.0 Grasp 0
311.0 207.0 311.0 277.0 289.0 277.0 289.0 207.0 Grasp 0
306.0 276.0 283.0 218.0 304.0 210.0 327.0 268.0 Grasp 0
322.0 281.0 293.0 204.0 313.0 196.0 343.0 273.0 Grasp 0
293.0 291.0 240.0 233.0 257.0 217.0 310.0 275.0 Grasp 0
