377.0 205.0 325.0 210.0 323.0 188.0 375.0 183.0 Grasp 0
367.0 165.0 327.0 176.0 321.0 155.0 361.0 144.0 Grasp 0
363.0 112.0 316.0 126.0 310.0 104.0 357.0 91.0 Grasp 0
369.0 197.0 329.0 201.0 327.0 179.0 367.0 175.0 Grasp 0
386.0 327.0 360.0 334.0 354.0 313.0 380.0 306.0 Grasp 0
358.0 126.0 316.0 130.0 314.0 108.0 356.0 104.0 Grasp 0
347.0 401.0 339.0 356.0 361.0 352.0 369.0 397.0 Grasp 0
366.0 156.0 321.0 160.0 319.0 138.0 364.0 134.0 Grasp 0
378.0 220.0 337.0 231.0 331.0 210.0 372.0 198.0 Grasp 0
364.0 142.0 323.0 153.0 317.0 132.0 358.0 120.0 Grasp 0
382.0 400.0 350.0 348.0 369.0 336.0 401.0 388.0 Grasp 0
377.0 276.0 348.0 278.0 346.0 256.0 375.0 254.0 Grasp 0
396.0 340.0 386.0 397.0 364.0 393.0 374.0 335.0 Grasp 0
377.0 228.0 340.0 238.0 334.0 217.0 371.0 206.0 Grasp 0
382.0 406.0 339.0 360.0 356.0 345.0 398.0 391.0 Grasp 0
362.0 132.0 323.0 143.0 317.0 122.0 356.0 110.0 Grasp 0
375.0 173.0 323.0 188.0 317.0 166.0 369.0 152.0 Grasp 0
376.0 240.0 344.0 249.0 338.0 227.0 370.0 218.0 Grasp 0
374.0 247.0 347.0 255.0 341.0 233.0 368.0 225.0 Grasp 0
379.0 208.0 331.0 222.0 325.0 201.0 373.0 187.0 Grasp 0
415.0 351.0 415.0 388.0 392.0 388.0 392.0 351.0 Grasp 0
386.0 315.0 356.0 323.0 350.0 302.0 380.0 293.0 Grasp 0
412.0 347.0 403.0 398.0 381.0 394.0 390.0 343.0 Grasp 0
393.0 351.0 366.0 353.0 364.0 331.0 391.0 328.0 Grasp 0
369.0 158.0 323.0 171.0 317.0 150.0 363.0 137.0 Grasp 0
380.0 263.0 348.0 272.0 342.0 251.0 374.0 242.0 Grasp 0
396.0 329.0 367.0 405.0 346.0 397.0 376.0 321.0 Grasp 0
371.0 186.0 331.0 197.0 325.0 176.0 365.0 164.0 Grasp 0
404.0 349.0 351.0 407.0 334.0 392.0 388.0 334.0 Grasp 0
412.0 346.0 371.0 411.0 352.0 400.0 393.0 334.0 Grasp 0
365.0 408.0 332.0 355.0 351.0 343.0 384.0 396.0 Grasp 0
389.0 342.0 362.0 350.0 356.0 329.0 383.0 321.0 Grasp 0
382.0 306.0 358.0 313.0 352.0 292.0 376.0 285.0 Grasp 0
396.0 397.0 351.0 347.0 368.0 332.0 413.0 382.0 Grasp 0
381.0 289.0 354.0 297.0 348.0 275.0 375.0 268.0 Grasp 0
396.0 339.0 341.0 400.0 324.0 385.0 380.0 324.0 Grasp 0
424.0 380.0 338.0 372.0 340.0 350.0 426.0 358.0 Grasp 0
417.0 402.0 338.0 363.0 348.0 342.0 427.0 382.0 Grasp 0
425.0 380.0 330.0 389.0 328.0 367.0 423.0 358.0 Grasp 0
380.0 301.0 353.0 303.0 351.0 281.0 378.0 279.0 Grasp 0
