353.0 318.0 296.0 302.0 302.0 280.0 359.0 296.0 Grasp 0
367.0 299.0 295.0 292.0 297.0 269.0 370.0 276.0 Grasp 0
374.0 261.0 305.0 242.0 312.0 219.0 380.0 239.0 Grasp 0
366.0 270.0 306.0 253.0 313.0 231.0 373.0 248.0 Grasp 0
342.0 322.0 303.0 311.0 309.0 289.0 348.0 300.0 Grasp 0
376.0 278.0 299.0 270.0 301.0 247.0 378.0 254.0 Grasp 0
378.0 250.0 308.0 230.0 314.0 207.0 384.0 227.0 Grasp 0
387.0 231.0 308.0 223.0 311.0 200.0 390.0 207.0 Grasp 0
365.0 291.0 299.0 272.0 305.0 250.0 371.0 269.0 Grasp 0
335.0 331.0 303.0 322.0 310.0 300.0 342.0 309.0 Grasp 0
379.0 279.0 295.0 255.0 301.0 232.0 385.0 256.0 Grasp 0
