403.0 286.0 357.0 236.0 374.0 220.0 420.0 271.0 Grasp 0
332.0 335.0 318.0 255.0 340.0 251.0 355.0 331.0 Grasp 0
375.0 300.0 337.0 258.0 354.0 242.0 392.0 285.0 Grasp 0
349.0 142.0 349.0 214.0 326.0 214.0 326.0 142.0 Grasp 0
305.0 251.0 246.0 256.0 244.0 233.0 302.0 228.0 Grasp 0
302.0 253.0 241.0 223.0 251.0 202.0 312.0 232.0 Grasp 0
435.0 274.0 355.0 233.0 365.0 213.0 445.0 253.0 Grasp 0
371.0 229.0 301.0 194.0 311.0 174.0 381.0 209.0 Grasp 0
364.0 143.0 364.0 196.0 341.0 196.0 341.0 143.0 Grasp 0
362.0 325.0 309.0 268.0 326.0 252.0 378.0 310.0 Grasp 0
310.0 245.0 259.0 206.0 273.0 188.0 324.0 227.0 Grasp 0
346.0 204.0 324.0 146.0 345.0 138.0 367.0 196.0 Grasp 0
407.0 296.0 316.0 270.0 322.0 248.0 413.0 274.0 Grasp 0
358.0 198.0 336.0 141.0 357.0 132.0 379.0 190.0 Grasp 0
437.0 255.0 353.0 248.0 355.0 225.0 439.0 233.0 Grasp 0
317.0 243.0 240.0 250.0 238.0 227.0 315.0 220.0 Grasp 0
347.0 323.0 323.0 261.0 345.0 252.0 369.0 315.0 Grasp 0
448.0 243.0 379.0 224.0 385.0 202.0 454.0 222.0 Grasp 0
329.0 236.0 251.0 214.0 257.0 192.0 336.0 214.0 Grasp 0
329.0 150.0 329.0 241.0 306.0 241.0 306.0 150.0 Grasp 0
332.0 221.0 294.0 179.0 311.0 164.0 349.0 206.0 Grasp 0
319.0 234.0 293.0 167.0 314.0 159.0 340.0 226.0 Grasp 0
323.0 228.0 286.0 186.0 302.0 171.0 340.0 213.0 Grasp 0
304.0 250.0 251.0 210.0 265.0 192.0 318.0 232.0 Grasp 0
309.0 264.0 267.0 295.0 254.0 277.0 295.0 245.0 Grasp 0
410.0 173.0 380.0 205.0 363.0 189.0 393.0 157.0 Grasp 0
367.0 312.0 323.0 264.0 340.0 248.0 384.0 297.0 Grasp 0
331.0 334.0 307.0 274.0 329.0 265.0 352.0 326.0 Grasp 0
433.0 213.0 391.0 225.0 385.0 203.0 427.0 191.0 Grasp 0
411.0 278.0 366.0 229.0 384.0 214.0 428.0 263.0 Grasp 0
311.0 254.0 260.0 279.0 250.0 259.0 300.0 233.0 Grasp 0
324.0 226.0 310.0 151.0 332.0 147.0 346.0 222.0 Grasp 0
345.0 330.0 309.0 273.0 329.0 261.0 364.0 318.0 Grasp 0
378.0 144.0 351.0 214.0 329.0 206.0 356.0 136.0 Grasp 0
442.0 254.0 363.0 231.0 370.0 209.0 448.0 232.0 Grasp 0
389.0 292.0 349.0 247.0 366.0 232.0 406.0 276.0 Grasp 0
337.0 251.0 337.0 341.0 315.0 341.0 315.0 251.0 Grasp 0
347.0 225.0 265.0 202.0 271.0 180.0 353.0 203.0 Grasp 0
310.0 240.0 246.0 234.0 248.0 212.0 312.0 218.0 Grasp 0
446.0 215.0 370.0 236.0 364.0 214.0 440.0 193.0 Grasp 0
295.0 256.0 253.0 260.0 250.0 237.0 293.0 233.0 Grasp 0
348.0 211.0 307.0 166.0 324.0 151.0 364.0 196.0 Grasp 0
340.0 246.0 324.0 161.0 346.0 157.0 362.0 242.0 Grasp 0
393.0 157.0 359.0 212.0 339.0 200.0 373.0 145.0 Grasp 0
356.0 133.0 356.0 210.0 333.0 210.0 333.0 133.0 Grasp 0
302.0 280.0 283.0 302.0 266.0 287.0 285.0 265.0 Grasp 0
384.0 156.0 370.0 231.0 347.0 226.0 361.0 152.0 Grasp 0
425.0 268.0 371.0 228.0 385.0 210.0 439.0 250.0 Grasp 0
317.0 241.0 247.0 222.0 254.0 200.0 323.0 220.0 Grasp 0
349.0 218.0 277.0 197.0 284.0 176.0 355.0 196.0 Grasp 0
424.0 277.0 353.0 242.0 363.0 221.0 435.0 257.0 Grasp 0
355.0 230.0 340.0 149.0 362.0 145.0 377.0 225.0 Grasp 0
325.0 267.0 270.0 207.0 287.0 192.0 342.0 252.0 Grasp 0
428.0 269.0 378.0 213.0 394.0 198.0 445.0 253.0 Grasp 0
403.0 171.0 372.0 205.0 355.0 189.0 386.0 155.0 Grasp 0
381.0 154.0 363.0 200.0 342.0 192.0 360.0 146.0 Grasp 0
315.0 235.0 277.0 192.0 293.0 177.0 332.0 220.0 Grasp 0
320.0 162.0 320.0 243.0 298.0 243.0 298.0 162.0 Grasp 0
356.0 212.0 284.0 191.0 291.0 170.0 362.0 190.0 Grasp 0
282.0 268.0 241.0 223.0 257.0 207.0 299.0 252.0 Grasp 0
394.0 166.0 377.0 194.0 358.0 182.0 375.0 154.0 Grasp 0
342.0 221.0 244.0 249.0 238.0 227.0 336.0 199.0 Grasp 0
372.0 138.0 337.0 227.0 316.0 219.0 350.0 130.0 Grasp 0
327.0 274.0 305.0 332.0 284.0 324.0 306.0 266.0 Grasp 0
326.0 267.0 326.0 344.0 303.0 344.0 303.0 267.0 Grasp 0
307.0 240.0 270.0 200.0 286.0 184.0 323.0 225.0 Grasp 0
315.0 280.0 257.0 216.0 274.0 200.0 332.0 264.0 Grasp 0
