308.0 240.0 241.0 220.0 247.0 199.0 314.0 218.0 Grasp 0
303.0 245.0 290.0 175.0 311.0 171.0 324.0 241.0 Grasp 0
294.0 192.0 248.0 227.0 235.0 210.0 281.0 175.0 Grasp 0
315.0 203.0 307.0 182.0 328.0 174.0 336.0 195.0 Grasp 0
307.0 185.0 293.0 260.0 271.0 256.0 285.0 181.0 Grasp 0
313.0 224.0 248.0 205.0 254.0 184.0 319.0 203.0 Grasp 0
288.0 167.0 263.0 186.0 250.0 168.0 275.0 149.0 Grasp 0
308.0 209.0 299.0 186.0 320.0 178.0 328.0 201.0 Grasp 0
296.0 256.0 240.0 196.0 257.0 181.0 312.0 241.0 Grasp 0
307.0 198.0 251.0 240.0 238.0 222.0 293.0 181.0 Grasp 0
313.0 231.0 241.0 238.0 239.0 216.0 311.0 209.0 Grasp 0
312.0 196.0 260.0 252.0 244.0 237.0 295.0 181.0 Grasp 0
292.0 172.0 292.0 254.0 269.0 254.0 269.0 172.0 Grasp 0
304.0 171.0 240.0 242.0 223.0 227.0 288.0 156.0 Grasp 0
284.0 161.0 258.0 174.0 248.0 154.0 275.0 141.0 Grasp 0
292.0 253.0 238.0 213.0 251.0 195.0 305.0 235.0 Grasp 0
297.0 185.0 240.0 214.0 230.0 194.0 287.0 165.0 Grasp 0
303.0 244.0 245.0 239.0 247.0 217.0 305.0 222.0 Grasp 0
322.0 199.0 314.0 179.0 335.0 171.0 343.0 191.0 Grasp 0
280.0 260.0 241.0 197.0 260.0 185.0 299.0 249.0 Grasp 0
317.0 216.0 250.0 183.0 260.0 163.0 327.0 197.0 Grasp 0
308.0 178.0 308.0 253.0 286.0 253.0 286.0 178.0 Grasp 0
322.0 229.0 229.0 221.0 231.0 199.0 324.0 207.0 Grasp 0
307.0 219.0 294.0 184.0 314.0 176.0 328.0 211.0 Grasp 0
302.0 184.0 245.0 246.0 229.0 231.0 285.0 169.0 Grasp 0
316.0 233.0 248.0 252.0 241.0 231.0 310.0 212.0 Grasp 0
