307.0 246.0 263.0 224.0 273.0 204.0 317.0 226.0 Grasp 0
294.0 266.0 253.0 245.0 263.0 225.0 304.0 246.0 Grasp 0
333.0 200.0 290.0 153.0 306.0 138.0 349.0 185.0 Grasp 0
338.0 201.0 283.0 173.0 293.0 153.0 348.0 181.0 Grasp 0
329.0 204.0 285.0 183.0 295.0 163.0 339.0 184.0 Grasp 0
313.0 235.0 267.0 212.0 277.0 192.0 323.0 215.0 Grasp 0
352.0 162.0 308.0 139.0 318.0 119.0 362.0 142.0 Grasp 0
325.0 213.0 279.0 190.0 289.0 170.0 335.0 193.0 Grasp 0
321.0 232.0 267.0 205.0 277.0 185.0 331.0 212.0 Grasp 0
373.0 145.0 310.0 113.0 320.0 93.0 383.0 125.0 Grasp 0
309.0 258.0 252.0 230.0 262.0 210.0 319.0 238.0 Grasp 0
328.0 221.0 271.0 193.0 281.0 173.0 338.0 201.0 Grasp 0
364.0 176.0 282.0 169.0 284.0 146.0 366.0 154.0 Grasp 0
354.0 176.0 295.0 146.0 305.0 126.0 364.0 156.0 Grasp 0
360.0 157.0 307.0 131.0 317.0 110.0 370.0 137.0 Grasp 0
340.0 193.0 286.0 167.0 296.0 147.0 350.0 173.0 Grasp 0
382.0 132.0 316.0 99.0 326.0 79.0 392.0 112.0 Grasp 0
382.0 133.0 319.0 85.0 333.0 67.0 396.0 115.0 Grasp 0
361.0 168.0 293.0 162.0 296.0 140.0 363.0 146.0 Grasp 0
390.0 120.0 322.0 86.0 332.0 66.0 400.0 100.0 Grasp 0
362.0 146.0 316.0 123.0 326.0 103.0 372.0 126.0 Grasp 0
355.0 190.0 278.0 183.0 280.0 160.0 357.0 167.0 Grasp 0
346.0 188.0 295.0 131.0 311.0 116.0 363.0 172.0 Grasp 0
341.0 183.0 297.0 149.0 310.0 132.0 355.0 165.0 Grasp 0
372.0 145.0 306.0 139.0 309.0 117.0 374.0 123.0 Grasp 0
291.0 274.0 250.0 254.0 260.0 233.0 301.0 254.0 Grasp 0
381.0 137.0 308.0 131.0 310.0 108.0 383.0 115.0 Grasp 0
298.0 258.0 258.0 238.0 268.0 218.0 308.0 238.0 Grasp 0
391.0 112.0 327.0 80.0 337.0 60.0 401.0 92.0 Grasp 0
373.0 136.0 317.0 108.0 327.0 88.0 383.0 116.0 Grasp 0
352.0 172.0 303.0 118.0 320.0 103.0 369.0 157.0 Grasp 0
