348.0 153.0 286.0 122.0 296.0 102.0 359.0 133.0 Grasp 0
307.0 200.0 260.0 177.0 270.0 157.0 317.0 180.0 Grasp 0
301.0 217.0 248.0 177.0 262.0 159.0 315.0 199.0 Grasp 0
336.0 169.0 277.0 139.0 287.0 119.0 346.0 148.0 Grasp 0
322.0 177.0 277.0 143.0 291.0 125.0 336.0 159.0 Grasp 0
318.0 186.0 271.0 151.0 284.0 133.0 332.0 168.0 Grasp 0
331.0 161.0 289.0 129.0 302.0 111.0 344.0 143.0 Grasp 0
282.0 229.0 243.0 209.0 253.0 189.0 292.0 208.0 Grasp 0
273.0 244.0 236.0 216.0 249.0 198.0 286.0 226.0 Grasp 0
324.0 191.0 260.0 160.0 270.0 139.0 334.0 171.0 Grasp 0
315.0 195.0 260.0 168.0 270.0 147.0 325.0 175.0 Grasp 0
294.0 220.0 250.0 186.0 263.0 168.0 307.0 202.0 Grasp 0
351.0 157.0 278.0 136.0 284.0 114.0 357.0 135.0 Grasp 0
308.0 204.0 252.0 189.0 258.0 167.0 314.0 183.0 Grasp 0
279.0 230.0 242.0 189.0 259.0 174.0 296.0 215.0 Grasp 0
