416.0 260.0 401.0 179.0 423.0 175.0 438.0 255.0 Grasp 0
324.0 297.0 293.0 218.0 314.0 209.0 345.0 288.0 Grasp 0
286.0 313.0 256.0 237.0 277.0 228.0 307.0 305.0 Grasp 0
276.0 320.0 236.0 255.0 255.0 243.0 296.0 308.0 Grasp 0
317.0 301.0 285.0 219.0 307.0 210.0 339.0 293.0 Grasp 0
341.0 289.0 310.0 210.0 331.0 202.0 362.0 281.0 Grasp 0
311.0 303.0 269.0 234.0 288.0 222.0 330.0 291.0 Grasp 0
408.0 263.0 378.0 187.0 400.0 179.0 429.0 255.0 Grasp 0
396.0 182.0 396.0 278.0 373.0 278.0 373.0 182.0 Grasp 0
359.0 284.0 327.0 201.0 348.0 193.0 380.0 275.0 Grasp 0
431.0 250.0 406.0 185.0 427.0 176.0 452.0 241.0 Grasp 0
397.0 265.0 369.0 192.0 390.0 183.0 418.0 256.0 Grasp 0
