304.0 289.0 254.0 234.0 271.0 218.0 321.0 273.0 Grasp 0
287.0 304.0 237.0 249.0 254.0 233.0 304.0 288.0 Grasp 0
297.0 296.0 245.0 240.0 262.0 224.0 314.0 280.0 Grasp 0
282.0 312.0 228.0 252.0 245.0 236.0 299.0 296.0 Grasp 0
270.0 323.0 215.0 263.0 232.0 248.0 287.0 308.0 Grasp 0
306.0 281.0 262.0 232.0 279.0 216.0 323.0 265.0 Grasp 0
274.0 315.0 224.0 259.0 241.0 244.0 292.0 299.0 Grasp 0
326.0 251.0 293.0 215.0 309.0 200.0 342.0 236.0 Grasp 0
316.0 278.0 266.0 223.0 283.0 208.0 333.0 263.0 Grasp 0
337.0 239.0 295.0 207.0 308.0 189.0 350.0 221.0 Grasp 0
319.0 268.0 277.0 221.0 294.0 206.0 336.0 252.0 Grasp 0
328.0 238.0 308.0 217.0 325.0 202.0 344.0 223.0 Grasp 0
