332.0 159.0 290.0 205.0 273.0 190.0 315.0 144.0 Grasp 0
319.0 149.0 243.0 127.0 249.0 106.0 325.0 128.0 Grasp 0
395.0 230.0 360.0 287.0 341.0 276.0 376.0 218.0 Grasp 0
356.0 194.0 310.0 228.0 296.0 211.0 342.0 176.0 Grasp 0
409.0 244.0 378.0 293.0 359.0 282.0 390.0 232.0 Grasp 0
389.0 221.0 338.0 278.0 321.0 263.0 373.0 206.0 Grasp 0
345.0 176.0 292.0 216.0 278.0 198.0 331.0 158.0 Grasp 0
318.0 166.0 242.0 145.0 248.0 123.0 325.0 145.0 Grasp 0
246.0 189.0 222.0 151.0 241.0 139.0 265.0 177.0 Grasp 0
377.0 217.0 322.0 259.0 308.0 241.0 364.0 199.0 Grasp 0
309.0 144.0 260.0 120.0 270.0 100.0 319.0 125.0 Grasp 0
320.0 140.0 265.0 112.0 275.0 92.0 330.0 119.0 Grasp 0
359.0 204.0 317.0 237.0 303.0 219.0 346.0 187.0 Grasp 0
373.0 210.0 318.0 252.0 304.0 234.0 360.0 192.0 Grasp 0
286.0 101.0 286.0 177.0 264.0 177.0 264.0 101.0 Grasp 0
387.0 223.0 355.0 276.0 336.0 264.0 368.0 212.0 Grasp 0
242.0 204.0 215.0 183.0 229.0 165.0 256.0 186.0 Grasp 0
383.0 215.0 333.0 270.0 317.0 255.0 367.0 200.0 Grasp 0
313.0 148.0 239.0 141.0 241.0 118.0 315.0 125.0 Grasp 0
408.0 240.0 362.0 290.0 345.0 275.0 391.0 224.0 Grasp 0
326.0 128.0 293.0 92.0 309.0 77.0 342.0 113.0 Grasp 0
323.0 130.0 289.0 105.0 303.0 87.0 336.0 112.0 Grasp 0
344.0 166.0 271.0 203.0 261.0 182.0 334.0 146.0 Grasp 0
308.0 161.0 247.0 131.0 257.0 111.0 317.0 141.0 Grasp 0
248.0 178.0 237.0 121.0 260.0 117.0 270.0 174.0 Grasp 0
399.0 223.0 370.0 298.0 349.0 290.0 378.0 215.0 Grasp 0
294.0 103.0 294.0 193.0 272.0 193.0 272.0 103.0 Grasp 0
354.0 187.0 300.0 227.0 287.0 210.0 341.0 169.0 Grasp 0
365.0 193.0 304.0 240.0 291.0 222.0 352.0 176.0 Grasp 0
320.0 136.0 280.0 105.0 293.0 87.0 334.0 118.0 Grasp 0
370.0 193.0 315.0 253.0 299.0 238.0 353.0 178.0 Grasp 0
323.0 172.0 232.0 164.0 234.0 142.0 325.0 150.0 Grasp 0
335.0 166.0 297.0 208.0 281.0 193.0 319.0 151.0 Grasp 0
