289.0 272.0 263.0 204.0 284.0 196.0 310.0 263.0 Grasp 0
327.0 256.0 314.0 188.0 336.0 184.0 349.0 252.0 Grasp 0
305.0 273.0 275.0 197.0 296.0 188.0 326.0 264.0 Grasp 0
243.0 278.0 231.0 213.0 253.0 209.0 265.0 274.0 Grasp 0
323.0 275.0 288.0 184.0 309.0 176.0 344.0 267.0 Grasp 0
281.0 277.0 253.0 205.0 274.0 197.0 302.0 269.0 Grasp 0
274.0 282.0 232.0 214.0 251.0 202.0 293.0 270.0 Grasp 0
327.0 266.0 297.0 188.0 318.0 180.0 348.0 258.0 Grasp 0
267.0 269.0 247.0 217.0 268.0 209.0 288.0 260.0 Grasp 0
311.0 266.0 284.0 197.0 305.0 189.0 332.0 258.0 Grasp 0
289.0 264.0 277.0 201.0 299.0 197.0 311.0 260.0 Grasp 0
341.0 183.0 325.0 266.0 303.0 262.0 318.0 179.0 Grasp 0
257.0 276.0 244.0 207.0 266.0 203.0 279.0 272.0 Grasp 0
250.0 269.0 240.0 216.0 262.0 212.0 272.0 265.0 Grasp 0
346.0 267.0 296.0 186.0 315.0 174.0 365.0 255.0 Grasp 0
256.0 280.0 221.0 223.0 240.0 212.0 275.0 268.0 Grasp 0
267.0 287.0 222.0 213.0 241.0 201.0 287.0 275.0 Grasp 0
