383.0 228.0 362.0 283.0 340.0 275.0 362.0 220.0 Grasp 0
311.0 193.0 281.0 271.0 260.0 263.0 290.0 185.0 Grasp 0
359.0 223.0 326.0 275.0 307.0 263.0 340.0 211.0 Grasp 0
342.0 209.0 317.0 273.0 296.0 265.0 321.0 201.0 Grasp 0
294.0 190.0 267.0 261.0 246.0 253.0 274.0 182.0 Grasp 0
368.0 221.0 345.0 279.0 324.0 271.0 346.0 213.0 Grasp 0
348.0 207.0 335.0 277.0 312.0 273.0 326.0 203.0 Grasp 0
356.0 212.0 344.0 279.0 321.0 275.0 334.0 208.0 Grasp 0
332.0 202.0 305.0 274.0 284.0 266.0 312.0 194.0 Grasp 0
316.0 194.0 302.0 271.0 281.0 267.0 295.0 190.0 Grasp 0
371.0 222.0 361.0 278.0 338.0 274.0 349.0 218.0 Grasp 0
314.0 201.0 290.0 263.0 270.0 255.0 293.0 193.0 Grasp 0
297.0 184.0 282.0 264.0 260.0 260.0 275.0 180.0 Grasp 0
291.0 181.0 259.0 265.0 238.0 257.0 271.0 173.0 Grasp 0
