531.0 289.0 476.0 284.0 478.0 262.0 533.0 267.0 Grasp 0
515.0 288.0 470.0 238.0 486.0 223.0 532.0 273.0 Grasp 0
397.0 198.0 378.0 228.0 360.0 216.0 378.0 186.0 Grasp 0
485.0 231.0 475.0 258.0 454.0 250.0 465.0 223.0 Grasp 0
277.0 142.0 260.0 184.0 240.0 176.0 256.0 134.0 Grasp 0
441.0 215.0 425.0 241.0 406.0 230.0 422.0 204.0 Grasp 0
346.0 165.0 329.0 210.0 308.0 202.0 326.0 157.0 Grasp 0
316.0 161.0 295.0 196.0 276.0 185.0 298.0 150.0 Grasp 0
379.0 189.0 358.0 222.0 339.0 210.0 360.0 177.0 Grasp 0
412.0 206.0 396.0 232.0 377.0 220.0 393.0 194.0 Grasp 0
524.0 277.0 476.0 241.0 490.0 223.0 538.0 260.0 Grasp 0
329.0 162.0 313.0 203.0 292.0 195.0 308.0 154.0 Grasp 0
431.0 211.0 414.0 238.0 395.0 227.0 412.0 199.0 Grasp 0
544.0 269.0 477.0 288.0 471.0 267.0 538.0 247.0 Grasp 0
291.0 148.0 276.0 188.0 255.0 180.0 270.0 140.0 Grasp 0
507.0 300.0 467.0 236.0 486.0 224.0 526.0 288.0 Grasp 0
530.0 263.0 491.0 234.0 505.0 216.0 544.0 246.0 Grasp 0
387.0 192.0 367.0 226.0 348.0 214.0 369.0 180.0 Grasp 0
355.0 170.0 337.0 215.0 316.0 207.0 334.0 162.0 Grasp 0
374.0 177.0 347.0 221.0 328.0 210.0 356.0 165.0 Grasp 0
304.0 153.0 279.0 194.0 260.0 183.0 285.0 141.0 Grasp 0
424.0 207.0 406.0 237.0 387.0 225.0 405.0 195.0 Grasp 0
309.0 159.0 288.0 194.0 269.0 182.0 291.0 148.0 Grasp 0
544.0 261.0 481.0 278.0 475.0 257.0 538.0 239.0 Grasp 0
504.0 240.0 494.0 265.0 473.0 257.0 483.0 232.0 Grasp 0
546.0 233.0 476.0 267.0 466.0 247.0 536.0 213.0 Grasp 0
341.0 165.0 315.0 207.0 296.0 196.0 323.0 153.0 Grasp 0
550.0 237.0 487.0 284.0 474.0 267.0 536.0 219.0 Grasp 0
516.0 297.0 478.0 286.0 484.0 265.0 522.0 276.0 Grasp 0
518.0 286.0 486.0 233.0 505.0 222.0 537.0 274.0 Grasp 0
284.0 144.0 268.0 185.0 247.0 177.0 264.0 136.0 Grasp 0
363.0 173.0 345.0 219.0 324.0 211.0 342.0 165.0 Grasp 0
473.0 229.0 464.0 252.0 443.0 244.0 452.0 221.0 Grasp 0
491.0 235.0 481.0 261.0 460.0 253.0 470.0 227.0 Grasp 0
464.0 227.0 456.0 248.0 435.0 240.0 443.0 219.0 Grasp 0
527.0 217.0 495.0 301.0 474.0 293.0 506.0 209.0 Grasp 0
451.0 220.0 435.0 246.0 416.0 235.0 432.0 209.0 Grasp 0
457.0 224.0 442.0 248.0 424.0 236.0 439.0 212.0 Grasp 0
326.0 161.0 300.0 202.0 282.0 190.0 307.0 149.0 Grasp 0
536.0 250.0 453.0 257.0 451.0 235.0 534.0 227.0 Grasp 0
509.0 303.0 481.0 229.0 502.0 221.0 530.0 295.0 Grasp 0
515.0 204.0 474.0 270.0 455.0 259.0 496.0 193.0 Grasp 0
