393.0 258.0 334.0 193.0 350.0 178.0 409.0 243.0 Grasp 0
295.0 309.0 266.0 234.0 287.0 225.0 316.0 301.0 Grasp 0
319.0 291.0 283.0 233.0 302.0 221.0 338.0 279.0 Grasp 0
311.0 294.0 277.0 239.0 297.0 227.0 330.0 282.0 Grasp 0
371.0 268.0 317.0 208.0 333.0 193.0 388.0 253.0 Grasp 0
329.0 283.0 302.0 214.0 323.0 206.0 350.0 275.0 Grasp 0
348.0 280.0 297.0 224.0 314.0 209.0 365.0 265.0 Grasp 0
340.0 295.0 277.0 227.0 294.0 211.0 357.0 280.0 Grasp 0
279.0 320.0 241.0 259.0 261.0 247.0 298.0 307.0 Grasp 0
352.0 272.0 313.0 210.0 332.0 198.0 371.0 260.0 Grasp 0
293.0 308.0 251.0 261.0 268.0 246.0 310.0 292.0 Grasp 0
404.0 242.0 361.0 173.0 380.0 162.0 423.0 231.0 Grasp 0
391.0 255.0 345.0 181.0 364.0 169.0 410.0 243.0 Grasp 0
307.0 307.0 257.0 251.0 274.0 236.0 324.0 291.0 Grasp 0
337.0 284.0 289.0 231.0 305.0 216.0 354.0 269.0 Grasp 0
375.0 259.0 335.0 194.0 353.0 182.0 394.0 247.0 Grasp 0
307.0 301.0 269.0 240.0 289.0 228.0 326.0 289.0 Grasp 0
371.0 266.0 327.0 194.0 345.0 183.0 389.0 254.0 Grasp 0
295.0 228.0 295.0 314.0 272.0 314.0 272.0 228.0 Grasp 0
