356.0 284.0 336.0 262.0 353.0 246.0 373.0 268.0 Grasp 0
393.0 233.0 370.0 235.0 368.0 213.0 391.0 211.0 Grasp 0
295.0 245.0 274.0 261.0 261.0 243.0 282.0 227.0 Grasp 0
314.0 262.0 295.0 283.0 279.0 268.0 298.0 247.0 Grasp 0
343.0 288.0 327.0 264.0 346.0 252.0 362.0 276.0 Grasp 0
353.0 159.0 345.0 182.0 324.0 173.0 333.0 151.0 Grasp 0
366.0 164.0 352.0 185.0 333.0 173.0 346.0 152.0 Grasp 0
390.0 246.0 362.0 238.0 368.0 216.0 396.0 224.0 Grasp 0
388.0 258.0 355.0 249.0 361.0 228.0 394.0 237.0 Grasp 0
369.0 276.0 346.0 258.0 359.0 240.0 382.0 258.0 Grasp 0
288.0 211.0 259.0 203.0 265.0 181.0 294.0 189.0 Grasp 0
376.0 171.0 362.0 193.0 343.0 181.0 357.0 159.0 Grasp 0
324.0 260.0 320.0 286.0 298.0 282.0 302.0 256.0 Grasp 0
312.0 183.0 302.0 158.0 323.0 150.0 333.0 175.0 Grasp 0
389.0 193.0 369.0 209.0 356.0 191.0 376.0 176.0 Grasp 0
360.0 278.0 346.0 255.0 365.0 243.0 380.0 267.0 Grasp 0
299.0 190.0 281.0 170.0 298.0 155.0 316.0 174.0 Grasp 0
286.0 225.0 260.0 227.0 258.0 205.0 284.0 202.0 Grasp 0
294.0 196.0 271.0 179.0 284.0 161.0 307.0 178.0 Grasp 0
304.0 189.0 287.0 162.0 306.0 150.0 323.0 177.0 Grasp 0
386.0 181.0 367.0 202.0 350.0 187.0 370.0 166.0 Grasp 0
332.0 289.0 323.0 267.0 345.0 259.0 353.0 281.0 Grasp 0
288.0 232.0 262.0 240.0 256.0 218.0 282.0 211.0 Grasp 0
291.0 242.0 270.0 253.0 260.0 233.0 281.0 222.0 Grasp 0
290.0 203.0 265.0 190.0 275.0 170.0 300.0 183.0 Grasp 0
300.0 248.0 281.0 268.0 265.0 253.0 283.0 233.0 Grasp 0
337.0 262.0 332.0 289.0 310.0 285.0 315.0 257.0 Grasp 0
377.0 266.0 353.0 254.0 362.0 234.0 387.0 246.0 Grasp 0
287.0 216.0 259.0 214.0 261.0 191.0 289.0 194.0 Grasp 0
313.0 258.0 304.0 281.0 283.0 273.0 292.0 250.0 Grasp 0
322.0 187.0 308.0 151.0 330.0 143.0 343.0 179.0 Grasp 0
338.0 151.0 332.0 182.0 310.0 178.0 316.0 147.0 Grasp 0
395.0 217.0 369.0 225.0 363.0 203.0 389.0 196.0 Grasp 0
290.0 197.0 273.0 170.0 292.0 158.0 309.0 186.0 Grasp 0
345.0 155.0 340.0 179.0 318.0 175.0 323.0 150.0 Grasp 0
324.0 291.0 313.0 261.0 334.0 253.0 345.0 282.0 Grasp 0
307.0 255.0 294.0 277.0 275.0 265.0 288.0 244.0 Grasp 0
