374.0 257.0 333.0 227.0 346.0 209.0 387.0 240.0 Grasp 0
515.0 101.0 443.0 47.0 456.0 29.0 529.0 84.0 Grasp 0
413.0 189.0 390.0 171.0 403.0 153.0 427.0 171.0 Grasp 0
383.0 243.0 345.0 215.0 359.0 197.0 397.0 226.0 Grasp 0
335.0 310.0 296.0 281.0 310.0 263.0 348.0 292.0 Grasp 0
486.0 32.0 486.0 105.0 464.0 105.0 464.0 32.0 Grasp 0
527.0 68.0 513.0 107.0 492.0 99.0 507.0 60.0 Grasp 0
433.0 159.0 413.0 145.0 427.0 127.0 446.0 141.0 Grasp 0
464.0 119.0 443.0 104.0 457.0 86.0 477.0 101.0 Grasp 0
441.0 148.0 420.0 132.0 434.0 114.0 455.0 130.0 Grasp 0
517.0 48.0 505.0 108.0 483.0 103.0 495.0 43.0 Grasp 0
347.0 282.0 318.0 260.0 332.0 243.0 360.0 264.0 Grasp 0
403.0 211.0 370.0 186.0 384.0 168.0 417.0 193.0 Grasp 0
385.0 236.0 352.0 211.0 366.0 194.0 398.0 218.0 Grasp 0
497.0 48.0 459.0 78.0 445.0 60.0 484.0 31.0 Grasp 0
398.0 228.0 353.0 206.0 363.0 186.0 407.0 208.0 Grasp 0
351.0 290.0 305.0 268.0 315.0 248.0 361.0 271.0 Grasp 0
429.0 174.0 399.0 159.0 409.0 139.0 439.0 154.0 Grasp 0
520.0 63.0 449.0 83.0 443.0 62.0 514.0 41.0 Grasp 0
366.0 263.0 329.0 235.0 343.0 217.0 380.0 245.0 Grasp 0
340.0 302.0 300.0 272.0 313.0 255.0 353.0 285.0 Grasp 0
427.0 166.0 407.0 151.0 421.0 133.0 441.0 148.0 Grasp 0
360.0 273.0 322.0 244.0 335.0 227.0 373.0 255.0 Grasp 0
355.0 282.0 318.0 253.0 331.0 236.0 369.0 264.0 Grasp 0
486.0 40.0 465.0 74.0 446.0 62.0 467.0 29.0 Grasp 0
474.0 107.0 453.0 91.0 466.0 73.0 487.0 89.0 Grasp 0
378.0 251.0 339.0 222.0 352.0 204.0 391.0 234.0 Grasp 0
393.0 220.0 365.0 199.0 378.0 182.0 406.0 203.0 Grasp 0
502.0 30.0 502.0 108.0 480.0 108.0 480.0 30.0 Grasp 0
410.0 196.0 383.0 177.0 397.0 159.0 423.0 179.0 Grasp 0
403.0 202.0 379.0 184.0 392.0 166.0 416.0 185.0 Grasp 0
513.0 129.0 438.0 91.0 448.0 71.0 523.0 109.0 Grasp 0
457.0 129.0 435.0 113.0 449.0 95.0 471.0 112.0 Grasp 0
517.0 68.0 460.0 96.0 450.0 76.0 507.0 48.0 Grasp 0
444.0 142.0 426.0 128.0 440.0 111.0 458.0 124.0 Grasp 0
488.0 114.0 456.0 32.0 477.0 24.0 509.0 106.0 Grasp 0
506.0 53.0 485.0 107.0 464.0 98.0 485.0 45.0 Grasp 0
509.0 58.0 465.0 91.0 452.0 74.0 496.0 40.0 Grasp 0
339.0 294.0 308.0 271.0 322.0 253.0 352.0 277.0 Grasp 0
536.0 94.0 444.0 103.0 442.0 81.0 534.0 72.0 Grasp 0
405.0 216.0 362.0 194.0 372.0 174.0 415.0 196.0 Grasp 0
