347.0 227.0 324.0 209.0 338.0 192.0 360.0 209.0 Grasp 0
397.0 182.0 369.0 152.0 386.0 137.0 413.0 167.0 Grasp 0
373.0 204.0 348.0 184.0 361.0 167.0 387.0 186.0 Grasp 0
266.0 315.0 235.0 280.0 251.0 266.0 282.0 300.0 Grasp 0
395.0 190.0 360.0 163.0 373.0 146.0 408.0 172.0 Grasp 0
268.0 322.0 227.0 290.0 240.0 273.0 281.0 304.0 Grasp 0
360.0 209.0 342.0 190.0 358.0 175.0 376.0 194.0 Grasp 0
323.0 245.0 305.0 231.0 318.0 213.0 337.0 228.0 Grasp 0
287.0 302.0 243.0 269.0 257.0 251.0 300.0 284.0 Grasp 0
381.0 191.0 361.0 169.0 377.0 154.0 397.0 176.0 Grasp 0
272.0 309.0 240.0 275.0 257.0 260.0 288.0 295.0 Grasp 0
334.0 241.0 310.0 223.0 324.0 205.0 347.0 223.0 Grasp 0
281.0 309.0 248.0 256.0 267.0 245.0 299.0 297.0 Grasp 0
307.0 264.0 285.0 248.0 298.0 230.0 320.0 246.0 Grasp 0
386.0 198.0 352.0 172.0 365.0 154.0 400.0 181.0 Grasp 0
285.0 295.0 256.0 262.0 272.0 248.0 302.0 280.0 Grasp 0
351.0 220.0 330.0 198.0 346.0 183.0 367.0 206.0 Grasp 0
292.0 273.0 278.0 257.0 294.0 242.0 309.0 258.0 Grasp 0
315.0 248.0 302.0 235.0 319.0 220.0 331.0 234.0 Grasp 0
337.0 234.0 317.0 212.0 333.0 197.0 353.0 219.0 Grasp 0
291.0 291.0 249.0 270.0 259.0 250.0 301.0 271.0 Grasp 0
288.0 285.0 266.0 261.0 282.0 246.0 304.0 271.0 Grasp 0
360.0 215.0 336.0 197.0 350.0 179.0 374.0 198.0 Grasp 0
384.0 193.0 360.0 155.0 379.0 144.0 402.0 181.0 Grasp 0
256.0 324.0 225.0 301.0 238.0 284.0 269.0 307.0 Grasp 0
311.0 270.0 263.0 257.0 269.0 236.0 317.0 249.0 Grasp 0
390.0 182.0 370.0 160.0 386.0 146.0 406.0 168.0 Grasp 0
250.0 324.0 227.0 286.0 245.0 275.0 269.0 313.0 Grasp 0
399.0 175.0 378.0 151.0 394.0 137.0 415.0 160.0 Grasp 0
