367.0 243.0 296.0 236.0 298.0 213.0 369.0 220.0 Grasp 0
381.0 221.0 322.0 177.0 335.0 159.0 394.0 203.0 Grasp 0
370.0 235.0 293.0 227.0 295.0 204.0 373.0 212.0 Grasp 0
386.0 210.0 323.0 192.0 329.0 171.0 392.0 189.0 Grasp 0
343.0 261.0 308.0 205.0 328.0 193.0 362.0 249.0 Grasp 0
364.0 210.0 327.0 270.0 307.0 257.0 344.0 198.0 Grasp 0
366.0 216.0 312.0 257.0 298.0 238.0 352.0 198.0 Grasp 0
360.0 254.0 296.0 222.0 306.0 201.0 370.0 233.0 Grasp 0
375.0 221.0 314.0 267.0 299.0 249.0 361.0 202.0 Grasp 0
343.0 262.0 328.0 182.0 350.0 177.0 365.0 257.0 Grasp 0
391.0 199.0 331.0 169.0 341.0 149.0 401.0 179.0 Grasp 0
368.0 214.0 297.0 234.0 291.0 212.0 362.0 192.0 Grasp 0
376.0 220.0 338.0 158.0 357.0 146.0 395.0 208.0 Grasp 0
391.0 195.0 327.0 189.0 329.0 167.0 393.0 173.0 Grasp 0
358.0 201.0 321.0 262.0 301.0 250.0 338.0 189.0 Grasp 0
368.0 228.0 303.0 247.0 296.0 224.0 362.0 206.0 Grasp 0
357.0 228.0 357.0 148.0 380.0 148.0 380.0 228.0 Grasp 0
329.0 263.0 316.0 195.0 339.0 191.0 352.0 259.0 Grasp 0
338.0 193.0 338.0 268.0 315.0 268.0 315.0 193.0 Grasp 0
