387.0 235.0 351.0 197.0 368.0 182.0 403.0 220.0 Grasp 0
339.0 284.0 295.0 236.0 311.0 220.0 356.0 269.0 Grasp 0
373.0 260.0 324.0 206.0 340.0 191.0 389.0 245.0 Grasp 0
354.0 281.0 301.0 222.0 317.0 207.0 370.0 266.0 Grasp 0
409.0 219.0 363.0 185.0 377.0 167.0 422.0 202.0 Grasp 0
360.0 263.0 319.0 218.0 335.0 203.0 377.0 248.0 Grasp 0
398.0 169.0 380.0 264.0 358.0 260.0 376.0 165.0 Grasp 0
398.0 231.0 357.0 186.0 374.0 171.0 415.0 216.0 Grasp 0
376.0 249.0 335.0 205.0 352.0 190.0 392.0 234.0 Grasp 0
400.0 163.0 400.0 243.0 377.0 243.0 377.0 163.0 Grasp 0
416.0 221.0 329.0 213.0 331.0 190.0 419.0 198.0 Grasp 0
369.0 270.0 303.0 220.0 316.0 202.0 382.0 252.0 Grasp 0
387.0 245.0 342.0 195.0 358.0 180.0 403.0 230.0 Grasp 0
353.0 290.0 291.0 222.0 307.0 207.0 369.0 275.0 Grasp 0
408.0 225.0 350.0 196.0 360.0 176.0 418.0 205.0 Grasp 0
395.0 227.0 374.0 172.0 395.0 164.0 416.0 219.0 Grasp 0
332.0 300.0 298.0 212.0 319.0 204.0 353.0 292.0 Grasp 0
