271.0 195.0 251.0 246.0 230.0 238.0 250.0 187.0 Grasp 0
381.0 217.0 349.0 299.0 328.0 290.0 360.0 209.0 Grasp 0
340.0 217.0 322.0 262.0 301.0 254.0 319.0 208.0 Grasp 0
323.0 209.0 305.0 256.0 283.0 248.0 301.0 200.0 Grasp 0
404.0 235.0 379.0 298.0 358.0 289.0 382.0 226.0 Grasp 0
294.0 192.0 284.0 251.0 261.0 246.0 272.0 188.0 Grasp 0
371.0 226.0 336.0 283.0 317.0 271.0 352.0 214.0 Grasp 0
362.0 216.0 325.0 275.0 305.0 263.0 342.0 203.0 Grasp 0
258.0 252.0 232.0 186.0 254.0 178.0 280.0 244.0 Grasp 0
312.0 201.0 291.0 256.0 269.0 248.0 291.0 192.0 Grasp 0
348.0 206.0 320.0 278.0 298.0 270.0 326.0 198.0 Grasp 0
368.0 218.0 326.0 286.0 307.0 274.0 349.0 206.0 Grasp 0
286.0 199.0 266.0 251.0 245.0 242.0 265.0 191.0 Grasp 0
274.0 185.0 261.0 254.0 239.0 250.0 252.0 181.0 Grasp 0
385.0 222.0 371.0 297.0 349.0 293.0 363.0 218.0 Grasp 0
352.0 216.0 340.0 283.0 317.0 278.0 330.0 211.0 Grasp 0
402.0 234.0 361.0 299.0 342.0 287.0 382.0 222.0 Grasp 0
302.0 206.0 286.0 248.0 265.0 239.0 281.0 198.0 Grasp 0
336.0 210.0 303.0 263.0 283.0 251.0 316.0 198.0 Grasp 0
381.0 232.0 360.0 286.0 338.0 278.0 359.0 224.0 Grasp 0
345.0 209.0 309.0 267.0 289.0 255.0 325.0 197.0 Grasp 0
328.0 207.0 317.0 270.0 294.0 265.0 306.0 202.0 Grasp 0
401.0 276.0 305.0 267.0 307.0 245.0 403.0 253.0 Grasp 0
287.0 191.0 246.0 257.0 226.0 245.0 267.0 179.0 Grasp 0
282.0 183.0 282.0 254.0 259.0 254.0 259.0 183.0 Grasp 0
