362.0 200.0 308.0 185.0 314.0 163.0 369.0 178.0 Grasp 0
374.0 179.0 304.0 159.0 310.0 137.0 380.0 157.0 Grasp 0
355.0 220.0 308.0 207.0 314.0 184.0 362.0 198.0 Grasp 0
311.0 214.0 311.0 311.0 288.0 311.0 288.0 214.0 Grasp 0
332.0 304.0 268.0 272.0 278.0 252.0 342.0 284.0 Grasp 0
346.0 287.0 267.0 264.0 273.0 242.0 353.0 265.0 Grasp 0
355.0 209.0 312.0 196.0 318.0 174.0 361.0 186.0 Grasp 0
341.0 259.0 294.0 235.0 304.0 215.0 351.0 238.0 Grasp 0
362.0 190.0 309.0 175.0 315.0 153.0 368.0 168.0 Grasp 0
330.0 304.0 270.0 287.0 276.0 265.0 336.0 282.0 Grasp 0
346.0 267.0 278.0 248.0 284.0 225.0 352.0 245.0 Grasp 0
379.0 154.0 319.0 184.0 309.0 163.0 369.0 133.0 Grasp 0
342.0 274.0 285.0 231.0 299.0 212.0 356.0 255.0 Grasp 0
356.0 228.0 304.0 214.0 311.0 192.0 362.0 206.0 Grasp 0
348.0 240.0 304.0 227.0 310.0 205.0 354.0 218.0 Grasp 0
366.0 168.0 318.0 164.0 321.0 141.0 368.0 145.0 Grasp 0
341.0 276.0 277.0 258.0 284.0 236.0 347.0 254.0 Grasp 0
370.0 186.0 304.0 167.0 311.0 145.0 376.0 164.0 Grasp 0
349.0 256.0 291.0 227.0 301.0 206.0 359.0 235.0 Grasp 0
348.0 290.0 265.0 282.0 267.0 259.0 350.0 267.0 Grasp 0
352.0 297.0 258.0 288.0 260.0 265.0 354.0 274.0 Grasp 0
359.0 245.0 277.0 238.0 279.0 215.0 361.0 222.0 Grasp 0
378.0 187.0 305.0 194.0 303.0 171.0 376.0 164.0 Grasp 0
378.0 177.0 310.0 183.0 308.0 160.0 376.0 154.0 Grasp 0
355.0 241.0 298.0 213.0 309.0 192.0 365.0 220.0 Grasp 0
355.0 253.0 277.0 246.0 279.0 223.0 358.0 230.0 Grasp 0
347.0 280.0 272.0 301.0 266.0 279.0 341.0 258.0 Grasp 0
337.0 290.0 281.0 228.0 298.0 213.0 354.0 274.0 Grasp 0
