377.0 268.0 377.0 344.0 354.0 344.0 354.0 268.0 Grasp 0
338.0 263.0 324.0 340.0 302.0 336.0 316.0 259.0 Grasp 0
352.0 271.0 352.0 334.0 329.0 334.0 329.0 271.0 Grasp 0
368.0 278.0 357.0 336.0 334.0 332.0 345.0 274.0 Grasp 0
344.0 271.0 332.0 335.0 310.0 331.0 322.0 267.0 Grasp 0
328.0 263.0 315.0 337.0 293.0 332.0 306.0 259.0 Grasp 0
279.0 247.0 263.0 333.0 242.0 329.0 258.0 243.0 Grasp 0
368.0 268.0 368.0 343.0 346.0 343.0 346.0 268.0 Grasp 0
360.0 349.0 328.0 266.0 349.0 258.0 381.0 341.0 Grasp 0
316.0 262.0 303.0 334.0 281.0 330.0 294.0 258.0 Grasp 0
279.0 244.0 279.0 332.0 257.0 332.0 257.0 244.0 Grasp 0
389.0 278.0 362.0 347.0 341.0 339.0 368.0 270.0 Grasp 0
300.0 248.0 300.0 334.0 278.0 334.0 278.0 248.0 Grasp 0
307.0 258.0 276.0 339.0 255.0 331.0 287.0 250.0 Grasp 0
