429.0 296.0 416.0 225.0 438.0 221.0 451.0 292.0 Grasp 0
472.0 293.0 442.0 213.0 463.0 205.0 493.0 285.0 Grasp 0
484.0 220.0 471.0 286.0 449.0 282.0 462.0 216.0 Grasp 0
500.0 262.0 485.0 224.0 506.0 216.0 521.0 254.0 Grasp 0
520.0 260.0 505.0 221.0 526.0 213.0 541.0 252.0 Grasp 0
437.0 291.0 425.0 225.0 447.0 221.0 460.0 287.0 Grasp 0
477.0 292.0 418.0 227.0 435.0 212.0 494.0 277.0 Grasp 0
422.0 223.0 422.0 306.0 399.0 306.0 399.0 223.0 Grasp 0
497.0 271.0 462.0 214.0 481.0 202.0 516.0 259.0 Grasp 0
507.0 263.0 491.0 221.0 512.0 213.0 528.0 255.0 Grasp 0
463.0 289.0 437.0 222.0 458.0 214.0 484.0 280.0 Grasp 0
475.0 278.0 465.0 224.0 487.0 220.0 498.0 274.0 Grasp 0
512.0 258.0 498.0 223.0 519.0 215.0 533.0 250.0 Grasp 0
413.0 224.0 413.0 311.0 390.0 311.0 390.0 224.0 Grasp 0
498.0 279.0 442.0 216.0 458.0 201.0 515.0 263.0 Grasp 0
420.0 304.0 405.0 222.0 427.0 218.0 443.0 300.0 Grasp 0
463.0 220.0 463.0 288.0 441.0 288.0 441.0 220.0 Grasp 0
393.0 318.0 344.0 238.0 363.0 226.0 413.0 306.0 Grasp 0
452.0 305.0 401.0 222.0 420.0 210.0 472.0 293.0 Grasp 0
484.0 288.0 428.0 227.0 445.0 212.0 500.0 273.0 Grasp 0
418.0 309.0 372.0 234.0 391.0 222.0 437.0 297.0 Grasp 0
400.0 318.0 365.0 228.0 386.0 219.0 421.0 310.0 Grasp 0
421.0 307.0 390.0 227.0 411.0 219.0 442.0 298.0 Grasp 0
455.0 293.0 428.0 222.0 449.0 214.0 476.0 285.0 Grasp 0
373.0 311.0 347.0 245.0 369.0 236.0 394.0 303.0 Grasp 0
365.0 312.0 340.0 248.0 362.0 240.0 386.0 304.0 Grasp 0
327.0 330.0 297.0 251.0 318.0 243.0 348.0 321.0 Grasp 0
293.0 341.0 261.0 258.0 283.0 249.0 315.0 332.0 Grasp 0
