336.0 156.0 285.0 151.0 287.0 128.0 338.0 133.0 Grasp 0
338.0 273.0 267.0 267.0 269.0 245.0 340.0 251.0 Grasp 0
341.0 261.0 260.0 254.0 263.0 232.0 343.0 239.0 Grasp 0
338.0 190.0 276.0 184.0 278.0 162.0 340.0 168.0 Grasp 0
336.0 304.0 258.0 297.0 260.0 275.0 338.0 282.0 Grasp 0
334.0 254.0 270.0 248.0 272.0 226.0 336.0 232.0 Grasp 0
334.0 165.0 285.0 160.0 287.0 138.0 336.0 143.0 Grasp 0
334.0 321.0 257.0 314.0 259.0 292.0 336.0 299.0 Grasp 0
331.0 285.0 267.0 279.0 270.0 257.0 333.0 263.0 Grasp 0
333.0 201.0 280.0 196.0 282.0 174.0 335.0 179.0 Grasp 0
336.0 215.0 275.0 210.0 277.0 187.0 338.0 193.0 Grasp 0
333.0 244.0 272.0 238.0 274.0 216.0 335.0 222.0 Grasp 0
337.0 140.0 287.0 145.0 285.0 123.0 335.0 118.0 Grasp 0
333.0 231.0 274.0 226.0 276.0 204.0 335.0 209.0 Grasp 0
341.0 173.0 276.0 167.0 278.0 145.0 343.0 151.0 Grasp 0
328.0 265.0 273.0 260.0 275.0 238.0 330.0 243.0 Grasp 0
337.0 223.0 272.0 217.0 274.0 195.0 339.0 201.0 Grasp 0
345.0 314.0 249.0 305.0 251.0 283.0 347.0 292.0 Grasp 0
338.0 134.0 286.0 130.0 288.0 107.0 340.0 112.0 Grasp 0
337.0 294.0 259.0 287.0 261.0 265.0 339.0 272.0 Grasp 0
336.0 287.0 267.0 322.0 257.0 302.0 326.0 267.0 Grasp 0
335.0 152.0 281.0 136.0 287.0 115.0 342.0 130.0 Grasp 0
337.0 181.0 275.0 176.0 277.0 153.0 339.0 159.0 Grasp 0
