369.0 233.0 303.0 239.0 301.0 217.0 367.0 211.0 Grasp 0
374.0 264.0 322.0 278.0 315.0 256.0 368.0 241.0 Grasp 0
376.0 253.0 315.0 270.0 309.0 248.0 370.0 231.0 Grasp 0
371.0 205.0 290.0 213.0 288.0 191.0 369.0 183.0 Grasp 0
376.0 203.0 305.0 239.0 295.0 219.0 366.0 184.0 Grasp 0
382.0 251.0 301.0 259.0 299.0 236.0 380.0 229.0 Grasp 0
375.0 271.0 306.0 265.0 308.0 242.0 377.0 248.0 Grasp 0
364.0 162.0 286.0 184.0 280.0 163.0 358.0 141.0 Grasp 0
375.0 277.0 318.0 282.0 316.0 259.0 373.0 254.0 Grasp 0
365.0 199.0 293.0 205.0 291.0 183.0 363.0 176.0 Grasp 0
364.0 185.0 279.0 177.0 282.0 155.0 366.0 163.0 Grasp 0
382.0 263.0 322.0 293.0 312.0 272.0 371.0 242.0 Grasp 0
382.0 230.0 310.0 266.0 300.0 245.0 372.0 210.0 Grasp 0
384.0 220.0 304.0 260.0 294.0 240.0 374.0 200.0 Grasp 0
374.0 217.0 293.0 225.0 291.0 203.0 372.0 195.0 Grasp 0
366.0 180.0 294.0 200.0 288.0 179.0 360.0 159.0 Grasp 0
377.0 244.0 300.0 251.0 298.0 229.0 375.0 222.0 Grasp 0
378.0 238.0 329.0 291.0 312.0 275.0 361.0 222.0 Grasp 0
374.0 217.0 312.0 248.0 302.0 228.0 364.0 197.0 Grasp 0
