325.0 248.0 307.0 202.0 328.0 194.0 345.0 240.0 Grasp 0
365.0 253.0 324.0 187.0 343.0 175.0 384.0 241.0 Grasp 0
315.0 245.0 299.0 204.0 320.0 196.0 336.0 237.0 Grasp 0
395.0 243.0 382.0 171.0 404.0 167.0 417.0 239.0 Grasp 0
382.0 171.0 367.0 253.0 345.0 249.0 360.0 166.0 Grasp 0
344.0 252.0 313.0 201.0 332.0 190.0 363.0 240.0 Grasp 0
303.0 242.0 289.0 205.0 310.0 197.0 324.0 234.0 Grasp 0
365.0 246.0 342.0 185.0 363.0 177.0 386.0 238.0 Grasp 0
346.0 248.0 324.0 191.0 345.0 183.0 367.0 240.0 Grasp 0
394.0 239.0 370.0 178.0 391.0 170.0 414.0 231.0 Grasp 0
409.0 241.0 368.0 175.0 387.0 163.0 428.0 229.0 Grasp 0
401.0 173.0 386.0 250.0 365.0 246.0 379.0 169.0 Grasp 0
407.0 236.0 384.0 178.0 405.0 170.0 428.0 228.0 Grasp 0
365.0 182.0 353.0 244.0 332.0 240.0 343.0 178.0 Grasp 0
348.0 183.0 337.0 240.0 315.0 236.0 326.0 179.0 Grasp 0
388.0 251.0 357.0 171.0 378.0 163.0 409.0 242.0 Grasp 0
338.0 189.0 328.0 240.0 306.0 236.0 316.0 185.0 Grasp 0
421.0 173.0 407.0 248.0 385.0 244.0 399.0 169.0 Grasp 0
325.0 195.0 316.0 246.0 294.0 242.0 303.0 191.0 Grasp 0
350.0 244.0 339.0 184.0 361.0 180.0 372.0 240.0 Grasp 0
352.0 186.0 352.0 239.0 330.0 239.0 330.0 186.0 Grasp 0
370.0 249.0 356.0 174.0 378.0 170.0 392.0 244.0 Grasp 0
401.0 177.0 401.0 237.0 379.0 237.0 379.0 177.0 Grasp 0
328.0 245.0 318.0 191.0 340.0 187.0 350.0 241.0 Grasp 0
373.0 177.0 360.0 248.0 338.0 244.0 351.0 173.0 Grasp 0
