382.0 171.0 350.0 148.0 363.0 130.0 395.0 154.0 Grasp 0
334.0 244.0 305.0 229.0 315.0 210.0 344.0 224.0 Grasp 0
353.0 213.0 320.0 197.0 330.0 177.0 362.0 193.0 Grasp 0
310.0 285.0 275.0 267.0 284.0 247.0 319.0 265.0 Grasp 0
370.0 195.0 331.0 176.0 341.0 156.0 380.0 175.0 Grasp 0
286.0 316.0 251.0 298.0 261.0 279.0 295.0 296.0 Grasp 0
356.0 206.0 327.0 192.0 337.0 172.0 365.0 186.0 Grasp 0
288.0 306.0 262.0 286.0 276.0 269.0 302.0 288.0 Grasp 0
397.0 145.0 372.0 126.0 385.0 109.0 410.0 127.0 Grasp 0
296.0 294.0 271.0 275.0 284.0 257.0 309.0 276.0 Grasp 0
380.0 178.0 343.0 160.0 353.0 140.0 390.0 158.0 Grasp 0
276.0 321.0 253.0 303.0 266.0 286.0 289.0 303.0 Grasp 0
312.0 269.0 290.0 252.0 304.0 235.0 325.0 251.0 Grasp 0
391.0 150.0 367.0 132.0 380.0 115.0 404.0 133.0 Grasp 0
339.0 234.0 314.0 221.0 324.0 201.0 349.0 214.0 Grasp 0
391.0 156.0 361.0 141.0 371.0 121.0 401.0 136.0 Grasp 0
372.0 180.0 346.0 151.0 362.0 136.0 388.0 165.0 Grasp 0
401.0 136.0 380.0 120.0 393.0 103.0 414.0 119.0 Grasp 0
370.0 191.0 338.0 156.0 355.0 141.0 386.0 176.0 Grasp 0
370.0 186.0 339.0 171.0 349.0 152.0 379.0 167.0 Grasp 0
304.0 278.0 283.0 263.0 297.0 245.0 317.0 261.0 Grasp 0
325.0 258.0 296.0 243.0 305.0 223.0 335.0 238.0 Grasp 0
359.0 204.0 328.0 181.0 341.0 164.0 372.0 187.0 Grasp 0
408.0 130.0 381.0 116.0 391.0 97.0 418.0 110.0 Grasp 0
329.0 252.0 300.0 237.0 310.0 218.0 339.0 232.0 Grasp 0
383.0 171.0 357.0 129.0 376.0 117.0 402.0 159.0 Grasp 0
321.0 264.0 291.0 249.0 301.0 229.0 331.0 244.0 Grasp 0
414.0 155.0 338.0 162.0 336.0 140.0 412.0 133.0 Grasp 0
313.0 274.0 284.0 260.0 294.0 240.0 323.0 254.0 Grasp 0
