275.0 246.0 260.0 207.0 281.0 199.0 296.0 238.0 Grasp 0
320.0 253.0 293.0 184.0 314.0 176.0 341.0 245.0 Grasp 0
340.0 251.0 325.0 171.0 347.0 167.0 362.0 247.0 Grasp 0
351.0 246.0 337.0 171.0 359.0 167.0 373.0 242.0 Grasp 0
339.0 257.0 281.0 193.0 297.0 178.0 355.0 242.0 Grasp 0
292.0 266.0 267.0 200.0 288.0 192.0 313.0 258.0 Grasp 0
325.0 258.0 309.0 171.0 331.0 166.0 347.0 254.0 Grasp 0
257.0 248.0 245.0 216.0 265.0 208.0 278.0 240.0 Grasp 0
325.0 263.0 272.0 205.0 288.0 189.0 342.0 248.0 Grasp 0
342.0 172.0 326.0 258.0 304.0 254.0 320.0 168.0 Grasp 0
302.0 259.0 279.0 199.0 300.0 191.0 323.0 251.0 Grasp 0
362.0 252.0 284.0 193.0 297.0 175.0 376.0 234.0 Grasp 0
248.0 251.0 231.0 223.0 250.0 211.0 267.0 239.0 Grasp 0
324.0 175.0 296.0 247.0 275.0 239.0 303.0 167.0 Grasp 0
333.0 176.0 318.0 256.0 296.0 252.0 311.0 171.0 Grasp 0
265.0 246.0 252.0 215.0 273.0 207.0 285.0 238.0 Grasp 0
256.0 253.0 234.0 217.0 253.0 206.0 275.0 241.0 Grasp 0
371.0 242.0 357.0 167.0 379.0 163.0 393.0 237.0 Grasp 0
277.0 255.0 248.0 208.0 267.0 197.0 296.0 243.0 Grasp 0
330.0 250.0 316.0 176.0 338.0 172.0 352.0 246.0 Grasp 0
360.0 243.0 347.0 171.0 369.0 166.0 383.0 239.0 Grasp 0
309.0 262.0 280.0 186.0 301.0 178.0 330.0 254.0 Grasp 0
283.0 237.0 277.0 203.0 299.0 199.0 305.0 233.0 Grasp 0
