411.0 268.0 344.0 274.0 342.0 252.0 409.0 246.0 Grasp 0
408.0 254.0 342.0 260.0 340.0 238.0 406.0 232.0 Grasp 0
420.0 301.0 354.0 320.0 348.0 298.0 414.0 279.0 Grasp 0
416.0 299.0 350.0 305.0 348.0 282.0 414.0 276.0 Grasp 0
415.0 310.0 336.0 287.0 343.0 265.0 421.0 288.0 Grasp 0
412.0 277.0 354.0 293.0 347.0 271.0 406.0 255.0 Grasp 0
410.0 222.0 321.0 214.0 323.0 192.0 412.0 200.0 Grasp 0
415.0 294.0 340.0 287.0 343.0 264.0 417.0 271.0 Grasp 0
409.0 239.0 337.0 246.0 335.0 224.0 407.0 217.0 Grasp 0
407.0 228.0 335.0 234.0 333.0 212.0 405.0 206.0 Grasp 0
415.0 285.0 351.0 303.0 345.0 281.0 409.0 263.0 Grasp 0
411.0 199.0 332.0 222.0 326.0 201.0 405.0 178.0 Grasp 0
426.0 272.0 355.0 326.0 341.0 307.0 412.0 254.0 Grasp 0
420.0 253.0 340.0 275.0 334.0 254.0 414.0 231.0 Grasp 0
416.0 238.0 340.0 259.0 333.0 238.0 410.0 216.0 Grasp 0
