401.0 224.0 359.0 178.0 375.0 163.0 417.0 209.0 Grasp 0
447.0 183.0 429.0 153.0 447.0 141.0 466.0 171.0 Grasp 0
328.0 283.0 285.0 236.0 302.0 221.0 345.0 268.0 Grasp 0
357.0 252.0 310.0 217.0 324.0 200.0 370.0 235.0 Grasp 0
391.0 226.0 355.0 186.0 371.0 171.0 407.0 211.0 Grasp 0
402.0 221.0 372.0 172.0 391.0 161.0 421.0 209.0 Grasp 0
348.0 269.0 311.0 209.0 330.0 197.0 367.0 257.0 Grasp 0
368.0 241.0 338.0 192.0 357.0 181.0 387.0 229.0 Grasp 0
362.0 243.0 329.0 206.0 346.0 191.0 378.0 228.0 Grasp 0
346.0 271.0 290.0 230.0 304.0 212.0 359.0 253.0 Grasp 0
379.0 235.0 348.0 186.0 367.0 174.0 398.0 224.0 Grasp 0
322.0 216.0 322.0 287.0 299.0 287.0 299.0 216.0 Grasp 0
334.0 278.0 292.0 232.0 308.0 217.0 350.0 263.0 Grasp 0
332.0 288.0 274.0 245.0 288.0 227.0 345.0 270.0 Grasp 0
302.0 288.0 282.0 237.0 303.0 229.0 323.0 280.0 Grasp 0
427.0 206.0 403.0 145.0 424.0 137.0 447.0 198.0 Grasp 0
422.0 211.0 390.0 159.0 409.0 148.0 441.0 199.0 Grasp 0
450.0 193.0 411.0 150.0 427.0 135.0 467.0 178.0 Grasp 0
376.0 243.0 340.0 184.0 359.0 172.0 395.0 232.0 Grasp 0
341.0 270.0 309.0 218.0 328.0 206.0 360.0 258.0 Grasp 0
313.0 288.0 290.0 227.0 311.0 219.0 334.0 280.0 Grasp 0
356.0 264.0 296.0 219.0 309.0 201.0 370.0 246.0 Grasp 0
352.0 280.0 272.0 240.0 282.0 220.0 362.0 260.0 Grasp 0
435.0 198.0 401.0 160.0 417.0 146.0 451.0 183.0 Grasp 0
409.0 207.0 388.0 172.0 406.0 160.0 428.0 195.0 Grasp 0
355.0 271.0 274.0 264.0 276.0 241.0 357.0 249.0 Grasp 0
445.0 197.0 404.0 152.0 420.0 138.0 461.0 183.0 Grasp 0
359.0 249.0 321.0 207.0 338.0 192.0 376.0 234.0 Grasp 0
