506.0 250.0 493.0 319.0 470.0 315.0 483.0 246.0 Grasp 0
465.0 240.0 438.0 310.0 416.0 302.0 443.0 231.0 Grasp 0
365.0 217.0 313.0 274.0 296.0 258.0 348.0 201.0 Grasp 0
374.0 217.0 360.0 291.0 338.0 287.0 352.0 213.0 Grasp 0
447.0 230.0 432.0 311.0 410.0 307.0 425.0 226.0 Grasp 0
393.0 221.0 379.0 295.0 357.0 291.0 371.0 216.0 Grasp 0
322.0 225.0 309.0 259.0 288.0 251.0 301.0 217.0 Grasp 0
407.0 228.0 381.0 294.0 360.0 286.0 385.0 220.0 Grasp 0
378.0 223.0 323.0 284.0 306.0 269.0 361.0 208.0 Grasp 0
362.0 213.0 348.0 286.0 326.0 282.0 339.0 209.0 Grasp 0
436.0 228.0 421.0 307.0 399.0 303.0 413.0 224.0 Grasp 0
488.0 248.0 476.0 315.0 453.0 311.0 466.0 243.0 Grasp 0
316.0 222.0 300.0 261.0 280.0 253.0 295.0 213.0 Grasp 0
356.0 205.0 339.0 291.0 317.0 287.0 334.0 201.0 Grasp 0
416.0 226.0 403.0 300.0 380.0 296.0 394.0 222.0 Grasp 0
538.0 257.0 525.0 328.0 502.0 324.0 516.0 253.0 Grasp 0
305.0 221.0 292.0 255.0 272.0 246.0 285.0 213.0 Grasp 0
518.0 240.0 500.0 335.0 478.0 330.0 495.0 236.0 Grasp 0
479.0 241.0 465.0 315.0 443.0 311.0 457.0 237.0 Grasp 0
381.0 223.0 369.0 287.0 347.0 283.0 359.0 219.0 Grasp 0
530.0 247.0 514.0 333.0 492.0 329.0 508.0 243.0 Grasp 0
424.0 230.0 411.0 301.0 389.0 297.0 402.0 225.0 Grasp 0
471.0 243.0 458.0 310.0 436.0 306.0 448.0 239.0 Grasp 0
349.0 216.0 337.0 278.0 315.0 274.0 327.0 212.0 Grasp 0
333.0 213.0 312.0 266.0 291.0 258.0 312.0 205.0 Grasp 0
499.0 243.0 484.0 323.0 462.0 319.0 476.0 239.0 Grasp 0
466.0 232.0 450.0 318.0 428.0 313.0 444.0 228.0 Grasp 0
