334.0 272.0 294.0 207.0 313.0 196.0 353.0 260.0 Grasp 0
325.0 287.0 276.0 209.0 296.0 197.0 344.0 275.0 Grasp 0
275.0 304.0 247.0 231.0 268.0 223.0 297.0 296.0 Grasp 0
291.0 302.0 247.0 231.0 266.0 219.0 310.0 290.0 Grasp 0
286.0 305.0 232.0 246.0 249.0 231.0 303.0 290.0 Grasp 0
299.0 296.0 237.0 249.0 251.0 230.0 313.0 277.0 Grasp 0
304.0 293.0 260.0 222.0 279.0 210.0 323.0 281.0 Grasp 0
325.0 286.0 291.0 197.0 312.0 189.0 346.0 278.0 Grasp 0
309.0 288.0 268.0 221.0 287.0 209.0 329.0 276.0 Grasp 0
297.0 298.0 253.0 226.0 272.0 214.0 317.0 286.0 Grasp 0
