392.0 248.0 379.0 215.0 399.0 207.0 412.0 240.0 Grasp 0
413.0 241.0 406.0 204.0 428.0 200.0 435.0 237.0 Grasp 0
366.0 256.0 352.0 219.0 372.0 211.0 387.0 248.0 Grasp 0
346.0 207.0 346.0 291.0 324.0 291.0 324.0 207.0 Grasp 0
332.0 280.0 302.0 203.0 323.0 195.0 352.0 272.0 Grasp 0
440.0 231.0 430.0 206.0 451.0 198.0 460.0 223.0 Grasp 0
414.0 246.0 393.0 212.0 412.0 201.0 432.0 234.0 Grasp 0
459.0 199.0 442.0 243.0 421.0 235.0 439.0 191.0 Grasp 0
384.0 254.0 359.0 214.0 378.0 202.0 403.0 243.0 Grasp 0
431.0 205.0 423.0 247.0 401.0 243.0 409.0 200.0 Grasp 0
346.0 266.0 326.0 214.0 347.0 206.0 367.0 258.0 Grasp 0
478.0 231.0 440.0 201.0 453.0 184.0 491.0 213.0 Grasp 0
448.0 229.0 438.0 203.0 458.0 195.0 468.0 222.0 Grasp 0
471.0 196.0 454.0 240.0 434.0 232.0 451.0 188.0 Grasp 0
434.0 235.0 422.0 205.0 443.0 197.0 455.0 227.0 Grasp 0
337.0 273.0 312.0 208.0 333.0 200.0 358.0 265.0 Grasp 0
451.0 197.0 451.0 237.0 429.0 237.0 429.0 197.0 Grasp 0
461.0 225.0 456.0 198.0 477.0 194.0 482.0 221.0 Grasp 0
456.0 224.0 448.0 203.0 468.0 195.0 477.0 216.0 Grasp 0
451.0 199.0 432.0 248.0 411.0 240.0 430.0 191.0 Grasp 0
409.0 251.0 385.0 212.0 404.0 201.0 427.0 239.0 Grasp 0
424.0 238.0 412.0 208.0 433.0 200.0 445.0 230.0 Grasp 0
468.0 219.0 464.0 197.0 486.0 193.0 490.0 215.0 Grasp 0
463.0 193.0 463.0 234.0 441.0 234.0 441.0 193.0 Grasp 0
384.0 215.0 374.0 266.0 352.0 262.0 362.0 211.0 Grasp 0
300.0 195.0 264.0 254.0 245.0 243.0 282.0 183.0 Grasp 0
478.0 234.0 422.0 206.0 432.0 186.0 488.0 214.0 Grasp 0
358.0 264.0 319.0 200.0 338.0 189.0 377.0 253.0 Grasp 0
477.0 222.0 462.0 198.0 480.0 186.0 495.0 210.0 Grasp 0
486.0 192.0 469.0 237.0 448.0 229.0 466.0 184.0 Grasp 0
