314.0 261.0 234.0 254.0 237.0 223.0 316.0 230.0 Grasp 0
404.0 187.0 314.0 142.0 327.0 115.0 417.0 160.0 Grasp 0
269.0 133.0 219.0 148.0 211.0 120.0 261.0 106.0 Grasp 0
268.0 92.0 220.0 144.0 199.0 125.0 247.0 72.0 Grasp 0
257.0 74.0 216.0 119.0 195.0 100.0 236.0 55.0 Grasp 0
577.0 132.0 543.0 218.0 516.0 207.0 550.0 121.0 Grasp 0
456.0 292.0 456.0 375.0 427.0 375.0 427.0 292.0 Grasp 0
486.0 141.0 450.0 180.0 429.0 161.0 465.0 122.0 Grasp 0
613.0 200.0 565.0 236.0 548.0 212.0 595.0 177.0 Grasp 0
273.0 105.0 224.0 158.0 203.0 138.0 252.0 86.0 Grasp 0
266.0 114.0 217.0 139.0 205.0 113.0 254.0 89.0 Grasp 0
475.0 292.0 440.0 383.0 412.0 372.0 447.0 282.0 Grasp 0
603.0 161.0 562.0 228.0 537.0 213.0 579.0 146.0 Grasp 0
477.0 292.0 477.0 372.0 448.0 372.0 448.0 292.0 Grasp 0
263.0 106.0 214.0 130.0 202.0 105.0 250.0 80.0 Grasp 0
386.0 40.0 333.0 98.0 311.0 78.0 364.0 20.0 Grasp 0
274.0 348.0 225.0 324.0 237.0 298.0 286.0 323.0 Grasp 0
290.0 271.0 232.0 255.0 240.0 225.0 298.0 241.0 Grasp 0
587.0 154.0 547.0 218.0 523.0 203.0 562.0 139.0 Grasp 0
367.0 27.0 318.0 81.0 296.0 61.0 345.0 7.0 Grasp 0
433.0 65.0 341.0 111.0 328.0 84.0 420.0 38.0 Grasp 0
601.0 196.0 517.0 172.0 525.0 145.0 609.0 169.0 Grasp 0
511.0 224.0 496.0 146.0 525.0 141.0 539.0 218.0 Grasp 0
476.0 124.0 444.0 175.0 419.0 160.0 451.0 109.0 Grasp 0
411.0 53.0 340.0 107.0 322.0 83.0 393.0 29.0 Grasp 0
400.0 182.0 338.0 135.0 356.0 111.0 418.0 159.0 Grasp 0
306.0 253.0 237.0 234.0 245.0 204.0 314.0 224.0 Grasp 0
584.0 129.0 567.0 221.0 538.0 215.0 555.0 124.0 Grasp 0
253.0 82.0 208.0 104.0 195.0 79.0 241.0 56.0 Grasp 0
250.0 161.0 231.0 211.0 202.0 199.0 221.0 150.0 Grasp 0
403.0 47.0 329.0 103.0 311.0 79.0 385.0 23.0 Grasp 0
282.0 146.0 238.0 218.0 211.0 202.0 255.0 130.0 Grasp 0
615.0 211.0 573.0 242.0 555.0 219.0 597.0 187.0 Grasp 0
554.0 238.0 534.0 131.0 563.0 126.0 583.0 232.0 Grasp 0
459.0 292.0 397.0 392.0 372.0 376.0 434.0 276.0 Grasp 0
445.0 293.0 385.0 392.0 360.0 376.0 420.0 278.0 Grasp 0
445.0 70.0 352.0 116.0 339.0 90.0 432.0 43.0 Grasp 0
609.0 182.0 563.0 233.0 542.0 213.0 588.0 163.0 Grasp 0
330.0 170.0 287.0 138.0 307.0 112.0 350.0 144.0 Grasp 0
276.0 162.0 254.0 218.0 225.0 207.0 247.0 151.0 Grasp 0
424.0 378.0 408.0 296.0 437.0 291.0 453.0 373.0 Grasp 0
