304.0 250.0 304.0 314.0 273.0 314.0 273.0 250.0 Grasp 0
275.0 221.0 266.0 270.0 236.0 264.0 245.0 215.0 Grasp 0
508.0 147.0 461.0 224.0 436.0 209.0 483.0 132.0 Grasp 0
371.0 307.0 319.0 333.0 306.0 307.0 358.0 281.0 Grasp 0
365.0 329.0 309.0 345.0 301.0 317.0 357.0 301.0 Grasp 0
441.0 113.0 416.0 120.0 408.0 92.0 433.0 85.0 Grasp 0
257.0 221.0 220.0 261.0 198.0 241.0 235.0 201.0 Grasp 0
279.0 211.0 250.0 257.0 225.0 241.0 254.0 195.0 Grasp 0
358.0 280.0 287.0 203.0 309.0 183.0 380.0 260.0 Grasp 0
260.0 193.0 235.0 258.0 207.0 247.0 232.0 182.0 Grasp 0
293.0 81.0 275.0 86.0 267.0 59.0 285.0 54.0 Grasp 0
307.0 134.0 287.0 144.0 274.0 119.0 294.0 109.0 Grasp 0
333.0 319.0 252.0 311.0 255.0 280.0 336.0 288.0 Grasp 0
344.0 322.0 281.0 328.0 279.0 298.0 341.0 292.0 Grasp 0
280.0 242.0 271.0 293.0 241.0 287.0 250.0 237.0 Grasp 0
518.0 171.0 458.0 237.0 436.0 217.0 496.0 152.0 Grasp 0
373.0 330.0 350.0 342.0 337.0 316.0 360.0 304.0 Grasp 0
538.0 171.0 478.0 237.0 457.0 217.0 517.0 152.0 Grasp 0
551.0 219.0 480.0 272.0 463.0 249.0 533.0 196.0 Grasp 0
422.0 92.0 402.0 98.0 394.0 70.0 414.0 64.0 Grasp 0
286.0 243.0 286.0 287.0 256.0 287.0 256.0 243.0 Grasp 0
302.0 118.0 281.0 129.0 269.0 103.0 289.0 93.0 Grasp 0
297.0 95.0 274.0 102.0 267.0 74.0 289.0 68.0 Grasp 0
448.0 121.0 413.0 125.0 410.0 96.0 445.0 93.0 Grasp 0
476.0 157.0 464.0 188.0 437.0 177.0 449.0 146.0 Grasp 0
255.0 191.0 216.0 254.0 191.0 238.0 229.0 175.0 Grasp 0
263.0 223.0 244.0 272.0 216.0 261.0 235.0 212.0 Grasp 0
287.0 222.0 278.0 268.0 250.0 262.0 258.0 217.0 Grasp 0
269.0 312.0 255.0 235.0 285.0 229.0 299.0 306.0 Grasp 0
551.0 183.0 479.0 238.0 462.0 214.0 534.0 160.0 Grasp 0
307.0 313.0 264.0 309.0 267.0 277.0 310.0 281.0 Grasp 0
549.0 194.0 492.0 256.0 471.0 236.0 527.0 174.0 Grasp 0
271.0 236.0 252.0 283.0 223.0 272.0 242.0 225.0 Grasp 0
427.0 99.0 405.0 105.0 398.0 77.0 420.0 71.0 Grasp 0
308.0 144.0 286.0 155.0 273.0 130.0 295.0 119.0 Grasp 0
409.0 212.0 358.0 130.0 384.0 114.0 435.0 196.0 Grasp 0
313.0 286.0 304.0 333.0 273.0 327.0 282.0 280.0 Grasp 0
302.0 108.0 281.0 118.0 269.0 92.0 289.0 82.0 Grasp 0
409.0 230.0 357.0 146.0 382.0 130.0 435.0 214.0 Grasp 0
431.0 112.0 407.0 114.0 404.0 85.0 429.0 83.0 Grasp 0
259.0 224.0 198.0 254.0 185.0 227.0 246.0 197.0 Grasp 0
360.0 309.0 303.0 325.0 295.0 297.0 352.0 280.0 Grasp 0
296.0 270.0 288.0 313.0 257.0 307.0 265.0 264.0 Grasp 0
417.0 85.0 400.0 94.0 387.0 68.0 405.0 59.0 Grasp 0
323.0 312.0 283.0 316.0 280.0 286.0 320.0 282.0 Grasp 0
