381.0 308.0 337.0 380.0 311.0 363.0 355.0 292.0 Grasp 0
412.0 305.0 341.0 383.0 318.0 362.0 389.0 284.0 Grasp 0
584.0 31.0 479.0 41.0 477.0 12.0 582.0 3.0 Grasp 0
338.0 292.0 321.0 381.0 292.0 376.0 309.0 287.0 Grasp 0
389.0 349.0 383.0 382.0 353.0 376.0 359.0 344.0 Grasp 0
253.0 313.0 204.0 234.0 231.0 218.0 280.0 297.0 Grasp 0
539.0 399.0 499.0 296.0 526.0 285.0 566.0 388.0 Grasp 0
589.0 375.0 550.0 275.0 578.0 265.0 616.0 365.0 Grasp 0
524.0 405.0 484.0 300.0 512.0 289.0 552.0 394.0 Grasp 0
620.0 75.0 545.0 97.0 537.0 69.0 612.0 48.0 Grasp 0
551.0 373.0 510.0 267.0 538.0 256.0 579.0 362.0 Grasp 0
612.0 116.0 542.0 96.0 550.0 69.0 620.0 89.0 Grasp 0
278.0 300.0 264.0 223.0 295.0 217.0 309.0 294.0 Grasp 0
383.0 354.0 325.0 398.0 306.0 373.0 364.0 329.0 Grasp 0
582.0 129.0 519.0 98.0 532.0 72.0 595.0 104.0 Grasp 0
394.0 354.0 371.0 391.0 344.0 375.0 368.0 337.0 Grasp 0
569.0 160.0 511.0 96.0 532.0 77.0 591.0 141.0 Grasp 0
582.0 152.0 532.0 98.0 553.0 79.0 603.0 133.0 Grasp 0
582.0 389.0 519.0 287.0 544.0 271.0 608.0 373.0 Grasp 0
455.0 257.0 378.0 198.0 395.0 175.0 473.0 234.0 Grasp 0
