413.0 58.0 321.0 84.0 314.0 56.0 405.0 30.0 Grasp 0
271.0 118.0 249.0 154.0 224.0 139.0 246.0 103.0 Grasp 0
427.0 81.0 346.0 104.0 338.0 76.0 419.0 52.0 Grasp 0
333.0 364.0 317.0 279.0 345.0 274.0 361.0 359.0 Grasp 0
373.0 371.0 316.0 279.0 340.0 264.0 397.0 356.0 Grasp 0
316.0 365.0 300.0 282.0 329.0 277.0 344.0 359.0 Grasp 0
374.0 366.0 339.0 275.0 365.0 265.0 400.0 355.0 Grasp 0
310.0 372.0 276.0 286.0 303.0 275.0 337.0 361.0 Grasp 0
243.0 371.0 216.0 299.0 242.0 289.0 270.0 360.0 Grasp 0
265.0 368.0 250.0 290.0 279.0 285.0 293.0 363.0 Grasp 0
443.0 110.0 336.0 100.0 339.0 71.0 445.0 81.0 Grasp 0
307.0 120.0 282.0 187.0 254.0 177.0 280.0 110.0 Grasp 0
474.0 260.0 456.0 356.0 427.0 351.0 445.0 255.0 Grasp 0
259.0 375.0 228.0 294.0 255.0 284.0 286.0 364.0 Grasp 0
345.0 125.0 294.0 206.0 270.0 191.0 320.0 109.0 Grasp 0
300.0 125.0 273.0 169.0 249.0 154.0 276.0 110.0 Grasp 0
321.0 118.0 290.0 198.0 263.0 188.0 294.0 107.0 Grasp 0
258.0 289.0 258.0 365.0 229.0 365.0 229.0 289.0 Grasp 0
268.0 287.0 268.0 366.0 239.0 366.0 239.0 287.0 Grasp 0
419.0 69.0 334.0 93.0 326.0 66.0 411.0 41.0 Grasp 0
454.0 202.0 361.0 249.0 348.0 223.0 441.0 176.0 Grasp 0
285.0 367.0 270.0 287.0 298.0 282.0 313.0 361.0 Grasp 0
340.0 117.0 321.0 219.0 293.0 213.0 312.0 111.0 Grasp 0
326.0 278.0 326.0 363.0 297.0 363.0 297.0 278.0 Grasp 0
395.0 29.0 313.0 70.0 301.0 45.0 382.0 4.0 Grasp 0
255.0 107.0 230.0 148.0 205.0 132.0 231.0 92.0 Grasp 0
285.0 118.0 258.0 162.0 233.0 147.0 260.0 103.0 Grasp 0
404.0 41.0 344.0 87.0 326.0 64.0 387.0 18.0 Grasp 0
429.0 173.0 361.0 248.0 340.0 228.0 407.0 154.0 Grasp 0
315.0 279.0 315.0 364.0 287.0 364.0 287.0 279.0 Grasp 0
275.0 368.0 261.0 289.0 289.0 284.0 304.0 363.0 Grasp 0
294.0 111.0 294.0 209.0 265.0 209.0 265.0 111.0 Grasp 0
