263.0 284.0 208.0 242.0 228.0 217.0 282.0 259.0 Grasp 0
286.0 259.0 232.0 218.0 251.0 193.0 305.0 234.0 Grasp 0
540.0 312.0 466.0 291.0 474.0 264.0 547.0 285.0 Grasp 0
525.0 88.0 440.0 130.0 428.0 105.0 512.0 63.0 Grasp 0
295.0 248.0 242.0 207.0 260.0 183.0 314.0 223.0 Grasp 0
263.0 86.0 208.0 45.0 226.0 21.0 281.0 62.0 Grasp 0
253.0 102.0 190.0 70.0 203.0 44.0 267.0 75.0 Grasp 0
256.0 95.0 202.0 54.0 219.0 30.0 274.0 71.0 Grasp 0
551.0 338.0 500.0 343.0 497.0 315.0 549.0 310.0 Grasp 0
548.0 339.0 466.0 298.0 479.0 273.0 560.0 313.0 Grasp 0
278.0 74.0 212.0 41.0 225.0 14.0 291.0 47.0 Grasp 0
542.0 317.0 480.0 311.0 483.0 283.0 545.0 288.0 Grasp 0
496.0 37.0 411.0 79.0 398.0 54.0 483.0 11.0 Grasp 0
260.0 86.0 216.0 16.0 242.0 1.0 285.0 71.0 Grasp 0
253.0 296.0 197.0 254.0 217.0 228.0 272.0 270.0 Grasp 0
270.0 90.0 192.0 68.0 200.0 40.0 278.0 62.0 Grasp 0
491.0 29.0 406.0 71.0 394.0 45.0 478.0 4.0 Grasp 0
335.0 251.0 231.0 173.0 249.0 149.0 354.0 227.0 Grasp 0
358.0 308.0 287.0 386.0 265.0 366.0 336.0 288.0 Grasp 0
514.0 62.0 436.0 121.0 419.0 98.0 497.0 39.0 Grasp 0
274.0 271.0 220.0 230.0 239.0 205.0 293.0 246.0 Grasp 0
506.0 48.0 428.0 107.0 411.0 84.0 489.0 26.0 Grasp 0
251.0 312.0 182.0 277.0 196.0 248.0 265.0 283.0 Grasp 0
546.0 323.0 500.0 336.0 493.0 308.0 538.0 295.0 Grasp 0
