324.0 135.0 313.0 72.0 342.0 67.0 353.0 129.0 Grasp 0
314.0 389.0 290.0 329.0 318.0 318.0 341.0 378.0 Grasp 0
321.0 296.0 309.0 356.0 281.0 350.0 292.0 290.0 Grasp 0
336.0 112.0 314.0 55.0 341.0 45.0 363.0 101.0 Grasp 0
435.0 281.0 435.0 356.0 406.0 356.0 406.0 281.0 Grasp 0
302.0 380.0 280.0 322.0 307.0 311.0 329.0 369.0 Grasp 0
411.0 296.0 398.0 363.0 368.0 358.0 381.0 290.0 Grasp 0
301.0 146.0 279.0 88.0 306.0 77.0 329.0 135.0 Grasp 0
254.0 161.0 232.0 105.0 260.0 94.0 281.0 151.0 Grasp 0
388.0 294.0 375.0 363.0 346.0 358.0 359.0 288.0 Grasp 0
287.0 129.0 254.0 75.0 279.0 59.0 313.0 114.0 Grasp 0
347.0 377.0 334.0 307.0 362.0 301.0 375.0 372.0 Grasp 0
430.0 279.0 416.0 352.0 388.0 346.0 401.0 273.0 Grasp 0
326.0 293.0 326.0 358.0 296.0 358.0 296.0 293.0 Grasp 0
325.0 361.0 312.0 291.0 341.0 286.0 354.0 355.0 Grasp 0
303.0 364.0 281.0 306.0 308.0 295.0 331.0 353.0 Grasp 0
353.0 357.0 339.0 285.0 368.0 280.0 381.0 351.0 Grasp 0
288.0 145.0 255.0 91.0 280.0 76.0 313.0 130.0 Grasp 0
275.0 144.0 264.0 83.0 293.0 78.0 304.0 138.0 Grasp 0
376.0 295.0 364.0 360.0 335.0 355.0 347.0 290.0 Grasp 0
292.0 368.0 271.0 312.0 298.0 302.0 319.0 357.0 Grasp 0
292.0 384.0 271.0 328.0 298.0 317.0 320.0 373.0 Grasp 0
314.0 357.0 301.0 289.0 331.0 284.0 343.0 351.0 Grasp 0
219.0 167.0 194.0 126.0 219.0 111.0 244.0 152.0 Grasp 0
332.0 376.0 307.0 313.0 334.0 302.0 359.0 366.0 Grasp 0
260.0 135.0 237.0 76.0 265.0 65.0 287.0 124.0 Grasp 0
326.0 114.0 293.0 60.0 318.0 45.0 351.0 98.0 Grasp 0
309.0 140.0 286.0 82.0 314.0 72.0 336.0 129.0 Grasp 0
292.0 126.0 269.0 66.0 297.0 55.0 320.0 116.0 Grasp 0
265.0 162.0 243.0 104.0 270.0 94.0 293.0 152.0 Grasp 0
309.0 120.0 286.0 60.0 314.0 50.0 337.0 109.0 Grasp 0
369.0 353.0 355.0 279.0 384.0 273.0 398.0 348.0 Grasp 0
227.0 155.0 206.0 101.0 233.0 90.0 254.0 144.0 Grasp 0
320.0 381.0 297.0 321.0 324.0 310.0 348.0 371.0 Grasp 0
359.0 55.0 359.0 120.0 329.0 120.0 329.0 55.0 Grasp 0
243.0 151.0 221.0 93.0 248.0 82.0 271.0 140.0 Grasp 0
430.0 296.0 416.0 371.0 388.0 366.0 402.0 291.0 Grasp 0
366.0 381.0 340.0 315.0 368.0 304.0 394.0 370.0 Grasp 0
403.0 344.0 375.0 272.0 403.0 261.0 431.0 333.0 Grasp 0
270.0 145.0 248.0 88.0 276.0 77.0 298.0 134.0 Grasp 0
292.0 151.0 270.0 93.0 298.0 83.0 320.0 140.0 Grasp 0
404.0 369.0 377.0 302.0 405.0 291.0 431.0 359.0 Grasp 0
385.0 372.0 371.0 301.0 400.0 295.0 413.0 367.0 Grasp 0
309.0 299.0 298.0 357.0 269.0 351.0 280.0 293.0 Grasp 0
359.0 364.0 327.0 313.0 352.0 297.0 384.0 349.0 Grasp 0
347.0 129.0 324.0 70.0 352.0 60.0 374.0 118.0 Grasp 0
368.0 362.0 346.0 304.0 373.0 294.0 395.0 352.0 Grasp 0
266.0 89.0 266.0 155.0 236.0 155.0 236.0 89.0 Grasp 0
248.0 144.0 236.0 82.0 265.0 76.0 277.0 139.0 Grasp 0
358.0 283.0 358.0 350.0 329.0 350.0 329.0 283.0 Grasp 0
319.0 133.0 297.0 76.0 325.0 65.0 347.0 122.0 Grasp 0
348.0 104.0 315.0 51.0 341.0 35.0 374.0 89.0 Grasp 0
386.0 351.0 360.0 283.0 387.0 272.0 413.0 341.0 Grasp 0
369.0 382.0 359.0 328.0 388.0 323.0 399.0 377.0 Grasp 0
342.0 380.0 318.0 319.0 345.0 309.0 369.0 370.0 Grasp 0
420.0 299.0 380.0 364.0 355.0 349.0 395.0 284.0 Grasp 0
357.0 371.0 309.0 318.0 331.0 298.0 379.0 351.0 Grasp 0
399.0 310.0 388.0 372.0 358.0 366.0 369.0 304.0 Grasp 0
354.0 61.0 341.0 131.0 312.0 126.0 325.0 56.0 Grasp 0
426.0 305.0 398.0 376.0 371.0 365.0 399.0 294.0 Grasp 0
386.0 363.0 353.0 309.0 377.0 294.0 411.0 348.0 Grasp 0
341.0 362.0 319.0 305.0 346.0 294.0 368.0 351.0 Grasp 0
212.0 154.0 195.0 110.0 223.0 99.0 240.0 144.0 Grasp 0
