256.0 294.0 202.0 299.0 199.0 269.0 253.0 264.0 Grasp 0
621.0 124.0 590.0 121.0 593.0 89.0 624.0 92.0 Grasp 0
259.0 198.0 213.0 203.0 211.0 173.0 256.0 169.0 Grasp 0
403.0 347.0 389.0 312.0 417.0 301.0 430.0 337.0 Grasp 0
563.0 247.0 533.0 231.0 547.0 202.0 577.0 218.0 Grasp 0
405.0 137.0 376.0 123.0 390.0 95.0 419.0 109.0 Grasp 0
599.0 300.0 583.0 325.0 557.0 309.0 573.0 284.0 Grasp 0
244.0 92.0 230.0 99.0 217.0 73.0 231.0 66.0 Grasp 0
260.0 188.0 216.0 183.0 219.0 154.0 263.0 158.0 Grasp 0
256.0 147.0 209.0 151.0 206.0 122.0 253.0 118.0 Grasp 0
605.0 182.0 572.0 166.0 586.0 137.0 619.0 153.0 Grasp 0
258.0 255.0 201.0 260.0 198.0 230.0 255.0 225.0 Grasp 0
611.0 41.0 582.0 56.0 568.0 27.0 597.0 12.0 Grasp 0
417.0 341.0 398.0 311.0 423.0 295.0 442.0 326.0 Grasp 0
239.0 54.0 224.0 55.0 221.0 27.0 236.0 25.0 Grasp 0
465.0 209.0 438.0 238.0 415.0 217.0 441.0 188.0 Grasp 0
259.0 215.0 205.0 210.0 208.0 181.0 262.0 186.0 Grasp 0
615.0 149.0 583.0 140.0 592.0 109.0 624.0 118.0 Grasp 0
566.0 284.0 541.0 243.0 569.0 226.0 594.0 266.0 Grasp 0
247.0 53.0 234.0 63.0 217.0 41.0 230.0 31.0 Grasp 0
519.0 274.0 509.0 247.0 540.0 235.0 550.0 262.0 Grasp 0
596.0 211.0 562.0 195.0 577.0 166.0 611.0 182.0 Grasp 0
432.0 344.0 415.0 317.0 441.0 301.0 459.0 328.0 Grasp 0
246.0 249.0 191.0 254.0 188.0 224.0 244.0 219.0 Grasp 0
250.0 158.0 204.0 162.0 201.0 133.0 247.0 129.0 Grasp 0
476.0 217.0 457.0 249.0 429.0 232.0 449.0 201.0 Grasp 0
556.0 3.0 556.0 69.0 525.0 69.0 525.0 3.0 Grasp 0
581.0 224.0 546.0 207.0 560.0 178.0 596.0 196.0 Grasp 0
246.0 63.0 233.0 73.0 216.0 50.0 229.0 40.0 Grasp 0
260.0 176.0 217.0 172.0 220.0 143.0 262.0 147.0 Grasp 0
437.0 183.0 401.0 193.0 393.0 163.0 429.0 153.0 Grasp 0
574.0 236.0 540.0 219.0 554.0 190.0 589.0 207.0 Grasp 0
486.0 231.0 470.0 259.0 442.0 242.0 459.0 215.0 Grasp 0
257.0 167.0 212.0 163.0 214.0 133.0 259.0 138.0 Grasp 0
250.0 164.0 208.0 176.0 201.0 148.0 242.0 136.0 Grasp 0
253.0 266.0 200.0 281.0 192.0 252.0 245.0 237.0 Grasp 0
252.0 206.0 204.0 220.0 196.0 191.0 244.0 178.0 Grasp 0
255.0 227.0 199.0 221.0 202.0 192.0 257.0 197.0 Grasp 0
245.0 72.0 232.0 82.0 215.0 58.0 228.0 49.0 Grasp 0
258.0 277.0 206.0 292.0 197.0 263.0 250.0 248.0 Grasp 0
543.0 254.0 514.0 232.0 533.0 207.0 562.0 229.0 Grasp 0
622.0 109.0 594.0 112.0 591.0 80.0 619.0 78.0 Grasp 0
459.0 203.0 429.0 225.0 410.0 200.0 440.0 177.0 Grasp 0
438.0 336.0 416.0 312.0 438.0 292.0 460.0 316.0 Grasp 0
268.0 266.0 212.0 271.0 209.0 241.0 265.0 236.0 Grasp 0
445.0 196.0 413.0 212.0 399.0 184.0 431.0 167.0 Grasp 0
306.0 348.0 301.0 336.0 328.0 326.0 332.0 338.0 Grasp 0
425.0 167.0 390.0 164.0 393.0 133.0 428.0 136.0 Grasp 0
357.0 342.0 349.0 329.0 373.0 314.0 381.0 327.0 Grasp 0
615.0 161.0 582.0 151.0 591.0 120.0 624.0 130.0 Grasp 0
485.0 223.0 463.0 248.0 440.0 227.0 462.0 202.0 Grasp 0
244.0 110.0 233.0 118.0 215.0 95.0 226.0 87.0 Grasp 0
249.0 243.0 194.0 238.0 197.0 208.0 252.0 214.0 Grasp 0
362.0 344.0 350.0 335.0 368.0 312.0 380.0 321.0 Grasp 0
333.0 346.0 328.0 333.0 355.0 322.0 360.0 335.0 Grasp 0
602.0 200.0 567.0 183.0 582.0 154.0 616.0 171.0 Grasp 0
400.0 125.0 376.0 107.0 395.0 82.0 419.0 101.0 Grasp 0
389.0 345.0 372.0 319.0 398.0 303.0 414.0 330.0 Grasp 0
246.0 79.0 233.0 88.0 216.0 66.0 229.0 56.0 Grasp 0
248.0 183.0 203.0 187.0 201.0 158.0 245.0 153.0 Grasp 0
626.0 42.0 591.0 68.0 572.0 43.0 607.0 16.0 Grasp 0
327.0 349.0 322.0 324.0 351.0 319.0 355.0 344.0 Grasp 0
253.0 190.0 210.0 194.0 207.0 165.0 250.0 161.0 Grasp 0
300.0 342.0 298.0 355.0 270.0 349.0 272.0 337.0 Grasp 0
632.0 76.0 601.0 91.0 587.0 62.0 618.0 47.0 Grasp 0
265.0 238.0 210.0 232.0 213.0 203.0 268.0 208.0 Grasp 0
477.0 211.0 453.0 237.0 429.0 215.0 453.0 189.0 Grasp 0
245.0 100.0 232.0 109.0 215.0 86.0 228.0 77.0 Grasp 0
424.0 342.0 408.0 316.0 433.0 300.0 450.0 326.0 Grasp 0
435.0 175.0 398.0 179.0 395.0 148.0 432.0 144.0 Grasp 0
415.0 151.0 384.0 142.0 393.0 112.0 424.0 121.0 Grasp 0
589.0 218.0 554.0 200.0 568.0 172.0 604.0 189.0 Grasp 0
