451.0 223.0 440.0 193.0 469.0 182.0 480.0 211.0 Grasp 0
463.0 219.0 451.0 189.0 480.0 178.0 492.0 207.0 Grasp 0
298.0 56.0 244.0 71.0 236.0 43.0 290.0 27.0 Grasp 0
251.0 277.0 230.0 294.0 213.0 271.0 234.0 254.0 Grasp 0
505.0 195.0 485.0 173.0 508.0 152.0 528.0 174.0 Grasp 0
254.0 238.0 229.0 258.0 212.0 235.0 237.0 216.0 Grasp 0
528.0 222.0 487.0 288.0 463.0 273.0 503.0 207.0 Grasp 0
293.0 34.0 243.0 58.0 230.0 32.0 280.0 7.0 Grasp 0
522.0 356.0 478.0 360.0 475.0 331.0 519.0 327.0 Grasp 0
232.0 184.0 210.0 160.0 232.0 141.0 253.0 165.0 Grasp 0
328.0 361.0 300.0 288.0 327.0 277.0 356.0 351.0 Grasp 0
287.0 40.0 244.0 73.0 226.0 49.0 269.0 17.0 Grasp 0
227.0 152.0 205.0 128.0 226.0 109.0 248.0 133.0 Grasp 0
443.0 286.0 362.0 224.0 381.0 199.0 462.0 261.0 Grasp 0
284.0 283.0 269.0 361.0 240.0 355.0 255.0 277.0 Grasp 0
232.0 174.0 206.0 154.0 223.0 132.0 249.0 151.0 Grasp 0
537.0 329.0 494.0 341.0 486.0 314.0 530.0 301.0 Grasp 0
299.0 283.0 299.0 365.0 269.0 365.0 269.0 283.0 Grasp 0
466.0 254.0 368.0 226.0 377.0 196.0 474.0 224.0 Grasp 0
248.0 233.0 222.0 253.0 204.0 230.0 230.0 210.0 Grasp 0
249.0 216.0 219.0 231.0 207.0 205.0 236.0 191.0 Grasp 0
293.0 86.0 246.0 91.0 243.0 61.0 290.0 57.0 Grasp 0
492.0 200.0 475.0 173.0 502.0 157.0 518.0 183.0 Grasp 0
306.0 91.0 260.0 87.0 263.0 58.0 309.0 62.0 Grasp 0
296.0 70.0 248.0 84.0 240.0 56.0 288.0 42.0 Grasp 0
401.0 217.0 378.0 235.0 359.0 210.0 382.0 192.0 Grasp 0
254.0 208.0 232.0 232.0 212.0 213.0 233.0 189.0 Grasp 0
317.0 279.0 317.0 358.0 287.0 358.0 287.0 279.0 Grasp 0
327.0 108.0 295.0 143.0 273.0 123.0 305.0 88.0 Grasp 0
470.0 283.0 377.0 292.0 374.0 260.0 467.0 252.0 Grasp 0
304.0 363.0 290.0 285.0 319.0 280.0 333.0 358.0 Grasp 0
239.0 171.0 208.0 162.0 216.0 135.0 247.0 144.0 Grasp 0
311.0 92.0 274.0 120.0 257.0 96.0 293.0 68.0 Grasp 0
536.0 349.0 491.0 353.0 489.0 325.0 533.0 321.0 Grasp 0
448.0 234.0 436.0 204.0 465.0 193.0 477.0 223.0 Grasp 0
249.0 255.0 224.0 273.0 207.0 251.0 232.0 232.0 Grasp 0
458.0 221.0 458.0 252.0 427.0 252.0 427.0 221.0 Grasp 0
353.0 350.0 311.0 282.0 336.0 267.0 378.0 334.0 Grasp 0
490.0 211.0 473.0 184.0 500.0 167.0 517.0 194.0 Grasp 0
475.0 205.0 464.0 176.0 493.0 164.0 504.0 194.0 Grasp 0
252.0 266.0 228.0 284.0 211.0 261.0 235.0 243.0 Grasp 0
539.0 302.0 496.0 323.0 484.0 298.0 527.0 277.0 Grasp 0
455.0 233.0 455.0 263.0 424.0 263.0 424.0 233.0 Grasp 0
233.0 200.0 211.0 177.0 232.0 158.0 254.0 181.0 Grasp 0
266.0 294.0 266.0 375.0 237.0 375.0 237.0 294.0 Grasp 0
233.0 227.0 211.0 203.0 232.0 184.0 254.0 208.0 Grasp 0
540.0 238.0 486.0 297.0 465.0 278.0 518.0 219.0 Grasp 0
413.0 147.0 384.0 155.0 376.0 126.0 405.0 118.0 Grasp 0
329.0 118.0 285.0 140.0 271.0 113.0 316.0 91.0 Grasp 0
446.0 242.0 360.0 200.0 375.0 171.0 460.0 214.0 Grasp 0
309.0 54.0 261.0 78.0 248.0 51.0 296.0 28.0 Grasp 0
546.0 335.0 502.0 348.0 494.0 320.0 538.0 308.0 Grasp 0
553.0 251.0 489.0 299.0 472.0 276.0 536.0 228.0 Grasp 0
303.0 97.0 258.0 101.0 255.0 72.0 300.0 68.0 Grasp 0
551.0 270.0 486.0 303.0 474.0 277.0 539.0 245.0 Grasp 0
539.0 359.0 493.0 364.0 490.0 334.0 536.0 330.0 Grasp 0
277.0 301.0 277.0 380.0 247.0 380.0 247.0 301.0 Grasp 0
310.0 264.0 310.0 349.0 280.0 349.0 280.0 264.0 Grasp 0
318.0 107.0 278.0 137.0 260.0 113.0 300.0 83.0 Grasp 0
288.0 284.0 288.0 364.0 258.0 364.0 258.0 284.0 Grasp 0
253.0 218.0 231.0 243.0 210.0 223.0 232.0 199.0 Grasp 0
248.0 206.0 220.0 220.0 207.0 195.0 236.0 180.0 Grasp 0
400.0 304.0 339.0 237.0 363.0 216.0 423.0 283.0 Grasp 0
252.0 227.0 223.0 241.0 211.0 215.0 240.0 201.0 Grasp 0
234.0 164.0 211.0 139.0 232.0 120.0 255.0 145.0 Grasp 0
303.0 41.0 256.0 65.0 242.0 38.0 290.0 15.0 Grasp 0
542.0 315.0 502.0 335.0 489.0 309.0 529.0 289.0 Grasp 0
457.0 276.0 378.0 217.0 397.0 192.0 476.0 251.0 Grasp 0
293.0 268.0 293.0 346.0 264.0 346.0 264.0 268.0 Grasp 0
227.0 211.0 206.0 187.0 227.0 168.0 248.0 192.0 Grasp 0
323.0 146.0 311.0 159.0 289.0 139.0 301.0 126.0 Grasp 0
407.0 154.0 378.0 151.0 381.0 121.0 410.0 124.0 Grasp 0
421.0 291.0 353.0 216.0 376.0 194.0 445.0 269.0 Grasp 0
233.0 142.0 211.0 119.0 232.0 100.0 254.0 123.0 Grasp 0
