349.0 314.0 345.0 290.0 375.0 284.0 379.0 308.0 Grasp 0
344.0 292.0 315.0 339.0 289.0 323.0 319.0 276.0 Grasp 0
446.0 260.0 435.0 317.0 406.0 311.0 417.0 255.0 Grasp 0
326.0 203.0 275.0 147.0 297.0 127.0 348.0 183.0 Grasp 0
337.0 150.0 278.0 133.0 286.0 105.0 345.0 122.0 Grasp 0
455.0 246.0 445.0 300.0 415.0 295.0 425.0 241.0 Grasp 0
348.0 145.0 288.0 127.0 296.0 99.0 356.0 116.0 Grasp 0
538.0 49.0 513.0 68.0 496.0 45.0 521.0 26.0 Grasp 0
431.0 269.0 431.0 327.0 401.0 327.0 401.0 269.0 Grasp 0
352.0 300.0 342.0 351.0 314.0 345.0 323.0 295.0 Grasp 0
363.0 320.0 360.0 303.0 390.0 298.0 393.0 315.0 Grasp 0
569.0 281.0 514.0 254.0 528.0 227.0 582.0 253.0 Grasp 0
354.0 166.0 293.0 149.0 301.0 120.0 362.0 137.0 Grasp 0
577.0 264.0 564.0 193.0 593.0 187.0 606.0 258.0 Grasp 0
583.0 267.0 535.0 215.0 557.0 195.0 605.0 247.0 Grasp 0
525.0 33.0 499.0 46.0 486.0 21.0 512.0 8.0 Grasp 0
594.0 244.0 511.0 237.0 514.0 207.0 597.0 215.0 Grasp 0
558.0 84.0 533.0 97.0 520.0 72.0 546.0 59.0 Grasp 0
460.0 272.0 441.0 321.0 414.0 311.0 433.0 262.0 Grasp 0
561.0 268.0 525.0 210.0 550.0 194.0 587.0 252.0 Grasp 0
548.0 69.0 520.0 83.0 507.0 57.0 535.0 43.0 Grasp 0
549.0 87.0 525.0 99.0 512.0 74.0 536.0 62.0 Grasp 0
559.0 91.0 535.0 110.0 518.0 87.0 542.0 69.0 Grasp 0
624.0 316.0 607.0 358.0 580.0 348.0 596.0 305.0 Grasp 0
350.0 187.0 292.0 158.0 306.0 131.0 363.0 160.0 Grasp 0
604.0 287.0 566.0 225.0 591.0 209.0 630.0 271.0 Grasp 0
602.0 267.0 513.0 223.0 526.0 195.0 615.0 240.0 Grasp 0
470.0 264.0 452.0 311.0 424.0 300.0 442.0 253.0 Grasp 0
540.0 65.0 514.0 79.0 501.0 53.0 528.0 40.0 Grasp 0
321.0 181.0 270.0 142.0 287.0 118.0 339.0 157.0 Grasp 0
592.0 162.0 566.0 170.0 558.0 143.0 584.0 135.0 Grasp 0
607.0 167.0 580.0 174.0 572.0 147.0 599.0 139.0 Grasp 0
370.0 332.0 366.0 312.0 396.0 306.0 399.0 327.0 Grasp 0
615.0 323.0 598.0 367.0 571.0 356.0 588.0 313.0 Grasp 0
398.0 309.0 387.0 250.0 417.0 244.0 428.0 303.0 Grasp 0
580.0 126.0 553.0 140.0 540.0 115.0 568.0 101.0 Grasp 0
574.0 116.0 549.0 129.0 536.0 103.0 562.0 91.0 Grasp 0
593.0 152.0 565.0 160.0 557.0 132.0 585.0 124.0 Grasp 0
401.0 300.0 401.0 240.0 430.0 240.0 430.0 300.0 Grasp 0
594.0 267.0 546.0 215.0 568.0 195.0 616.0 247.0 Grasp 0
359.0 155.0 300.0 138.0 308.0 109.0 367.0 126.0 Grasp 0
334.0 190.0 288.0 139.0 310.0 119.0 356.0 170.0 Grasp 0
559.0 279.0 523.0 221.0 549.0 205.0 584.0 263.0 Grasp 0
593.0 259.0 556.0 197.0 581.0 182.0 619.0 243.0 Grasp 0
371.0 314.0 371.0 337.0 341.0 337.0 341.0 314.0 Grasp 0
563.0 114.0 541.0 125.0 529.0 100.0 550.0 89.0 Grasp 0
381.0 310.0 381.0 331.0 351.0 331.0 351.0 310.0 Grasp 0
611.0 325.0 580.0 359.0 558.0 338.0 589.0 304.0 Grasp 0
333.0 291.0 304.0 338.0 279.0 322.0 308.0 276.0 Grasp 0
347.0 312.0 323.0 351.0 298.0 335.0 322.0 296.0 Grasp 0
603.0 278.0 514.0 234.0 528.0 207.0 616.0 251.0 Grasp 0
338.0 193.0 283.0 165.0 296.0 139.0 351.0 166.0 Grasp 0
554.0 73.0 527.0 87.0 515.0 61.0 541.0 48.0 Grasp 0
597.0 233.0 515.0 226.0 518.0 196.0 600.0 204.0 Grasp 0
569.0 106.0 544.0 118.0 531.0 93.0 556.0 80.0 Grasp 0
340.0 178.0 296.0 130.0 318.0 110.0 362.0 158.0 Grasp 0
528.0 50.0 505.0 62.0 493.0 36.0 515.0 25.0 Grasp 0
324.0 212.0 276.0 160.0 298.0 140.0 346.0 192.0 Grasp 0
324.0 256.0 309.0 272.0 286.0 252.0 301.0 235.0 Grasp 0
324.0 287.0 288.0 326.0 266.0 306.0 302.0 267.0 Grasp 0
333.0 200.0 289.0 152.0 311.0 132.0 355.0 180.0 Grasp 0
577.0 283.0 517.0 237.0 535.0 213.0 595.0 259.0 Grasp 0
325.0 170.0 273.0 131.0 290.0 107.0 343.0 147.0 Grasp 0
