610.0 188.0 575.0 245.0 551.0 230.0 586.0 173.0 Grasp 0
423.0 214.0 376.0 266.0 354.0 246.0 402.0 194.0 Grasp 0
387.0 178.0 336.0 216.0 319.0 192.0 369.0 155.0 Grasp 0
453.0 259.0 357.0 268.0 355.0 238.0 451.0 230.0 Grasp 0
449.0 129.0 364.0 121.0 367.0 92.0 452.0 100.0 Grasp 0
538.0 38.0 503.0 55.0 490.0 30.0 526.0 12.0 Grasp 0
543.0 50.0 502.0 61.0 494.0 34.0 535.0 22.0 Grasp 0
398.0 193.0 349.0 231.0 331.0 207.0 380.0 170.0 Grasp 0
471.0 277.0 427.0 325.0 405.0 305.0 449.0 257.0 Grasp 0
361.0 142.0 319.0 189.0 297.0 169.0 339.0 123.0 Grasp 0
565.0 100.0 524.0 120.0 511.0 95.0 552.0 74.0 Grasp 0
390.0 148.0 370.0 256.0 340.0 251.0 361.0 143.0 Grasp 0
431.0 223.0 383.0 274.0 361.0 254.0 409.0 203.0 Grasp 0
371.0 160.0 321.0 197.0 304.0 174.0 353.0 136.0 Grasp 0
517.0 178.0 517.0 247.0 488.0 247.0 488.0 178.0 Grasp 0
457.0 241.0 425.0 323.0 397.0 312.0 429.0 230.0 Grasp 0
557.0 80.0 516.0 100.0 504.0 75.0 545.0 54.0 Grasp 0
447.0 252.0 396.0 291.0 378.0 267.0 429.0 229.0 Grasp 0
406.0 169.0 386.0 277.0 357.0 271.0 377.0 164.0 Grasp 0
578.0 149.0 512.0 130.0 520.0 102.0 586.0 121.0 Grasp 0
412.0 209.0 360.0 248.0 342.0 224.0 394.0 185.0 Grasp 0
439.0 117.0 358.0 109.0 361.0 81.0 442.0 88.0 Grasp 0
422.0 221.0 344.0 243.0 336.0 215.0 414.0 193.0 Grasp 0
438.0 233.0 391.0 285.0 369.0 265.0 416.0 213.0 Grasp 0
594.0 191.0 527.0 172.0 535.0 144.0 602.0 163.0 Grasp 0
586.0 170.0 520.0 152.0 528.0 124.0 594.0 143.0 Grasp 0
464.0 275.0 414.0 313.0 396.0 289.0 447.0 251.0 Grasp 0
454.0 261.0 403.0 300.0 385.0 277.0 436.0 238.0 Grasp 0
552.0 64.0 510.0 85.0 498.0 59.0 539.0 39.0 Grasp 0
473.0 288.0 400.0 308.0 392.0 280.0 465.0 259.0 Grasp 0
386.0 189.0 297.0 181.0 300.0 152.0 388.0 160.0 Grasp 0
571.0 126.0 521.0 131.0 518.0 103.0 569.0 98.0 Grasp 0
602.0 157.0 570.0 239.0 544.0 229.0 576.0 146.0 Grasp 0
401.0 84.0 371.0 99.0 359.0 74.0 388.0 59.0 Grasp 0
415.0 92.0 367.0 106.0 359.0 79.0 407.0 65.0 Grasp 0
367.0 135.0 338.0 211.0 310.0 200.0 340.0 124.0 Grasp 0
401.0 193.0 305.0 202.0 302.0 173.0 399.0 164.0 Grasp 0
501.0 154.0 501.0 245.0 472.0 245.0 472.0 154.0 Grasp 0
432.0 232.0 352.0 254.0 344.0 226.0 424.0 203.0 Grasp 0
572.0 118.0 530.0 138.0 517.0 113.0 559.0 92.0 Grasp 0
602.0 218.0 525.0 180.0 538.0 154.0 615.0 193.0 Grasp 0
454.0 242.0 411.0 311.0 386.0 295.0 428.0 227.0 Grasp 0
576.0 129.0 534.0 150.0 521.0 124.0 563.0 103.0 Grasp 0
590.0 181.0 523.0 162.0 531.0 134.0 598.0 153.0 Grasp 0
548.0 55.0 507.0 76.0 495.0 50.0 536.0 30.0 Grasp 0
415.0 210.0 318.0 219.0 316.0 189.0 412.0 180.0 Grasp 0
373.0 173.0 300.0 180.0 297.0 150.0 371.0 144.0 Grasp 0
561.0 91.0 520.0 112.0 507.0 86.0 549.0 66.0 Grasp 0
575.0 138.0 509.0 120.0 516.0 92.0 582.0 111.0 Grasp 0
490.0 142.0 490.0 241.0 461.0 241.0 461.0 142.0 Grasp 0
585.0 164.0 534.0 169.0 532.0 140.0 583.0 136.0 Grasp 0
381.0 170.0 330.0 208.0 312.0 185.0 363.0 147.0 Grasp 0
409.0 179.0 388.0 65.0 416.0 59.0 437.0 174.0 Grasp 0
405.0 201.0 354.0 239.0 336.0 216.0 388.0 177.0 Grasp 0
399.0 190.0 334.0 223.0 321.0 196.0 386.0 164.0 Grasp 0
581.0 153.0 523.0 148.0 525.0 120.0 583.0 125.0 Grasp 0
472.0 155.0 362.0 123.0 370.0 96.0 480.0 127.0 Grasp 0
434.0 203.0 413.0 311.0 384.0 306.0 404.0 197.0 Grasp 0
365.0 157.0 309.0 185.0 296.0 158.0 352.0 131.0 Grasp 0
471.0 285.0 378.0 294.0 376.0 264.0 469.0 256.0 Grasp 0
497.0 181.0 408.0 173.0 410.0 144.0 499.0 152.0 Grasp 0
611.0 209.0 576.0 246.0 555.0 227.0 590.0 190.0 Grasp 0
567.0 117.0 509.0 111.0 512.0 83.0 570.0 88.0 Grasp 0
380.0 137.0 360.0 245.0 331.0 239.0 351.0 131.0 Grasp 0
575.0 137.0 525.0 142.0 522.0 113.0 572.0 109.0 Grasp 0
422.0 220.0 327.0 229.0 324.0 199.0 419.0 190.0 Grasp 0
459.0 112.0 446.0 184.0 418.0 179.0 431.0 106.0 Grasp 0
515.0 188.0 484.0 239.0 460.0 224.0 491.0 173.0 Grasp 0
443.0 89.0 443.0 181.0 414.0 181.0 414.0 89.0 Grasp 0
