477.0 270.0 448.0 198.0 477.0 187.0 505.0 259.0 Grasp 0
298.0 246.0 239.0 229.0 248.0 199.0 306.0 216.0 Grasp 0
453.0 151.0 428.0 216.0 401.0 206.0 426.0 141.0 Grasp 0
410.0 164.0 410.0 222.0 381.0 222.0 381.0 164.0 Grasp 0
303.0 232.0 244.0 215.0 253.0 185.0 311.0 201.0 Grasp 0
425.0 161.0 413.0 224.0 385.0 219.0 396.0 156.0 Grasp 0
278.0 358.0 210.0 324.0 223.0 298.0 291.0 332.0 Grasp 0
317.0 175.0 256.0 169.0 258.0 138.0 320.0 144.0 Grasp 0
506.0 262.0 434.0 226.0 448.0 199.0 519.0 235.0 Grasp 0
314.0 198.0 252.0 192.0 255.0 161.0 317.0 167.0 Grasp 0
290.0 278.0 237.0 263.0 246.0 233.0 299.0 248.0 Grasp 0
417.0 332.0 394.0 272.0 421.0 262.0 444.0 322.0 Grasp 0
290.0 299.0 232.0 293.0 235.0 262.0 293.0 267.0 Grasp 0
488.0 190.0 488.0 269.0 458.0 269.0 458.0 190.0 Grasp 0
380.0 222.0 364.0 181.0 391.0 171.0 407.0 212.0 Grasp 0
507.0 265.0 429.0 243.0 437.0 214.0 515.0 236.0 Grasp 0
448.0 159.0 398.0 239.0 373.0 224.0 423.0 144.0 Grasp 0
297.0 258.0 239.0 241.0 247.0 210.0 306.0 227.0 Grasp 0
401.0 279.0 368.0 331.0 344.0 316.0 376.0 263.0 Grasp 0
311.0 208.0 249.0 202.0 252.0 171.0 314.0 177.0 Grasp 0
397.0 214.0 397.0 309.0 368.0 309.0 368.0 214.0 Grasp 0
314.0 190.0 258.0 175.0 267.0 144.0 322.0 160.0 Grasp 0
284.0 308.0 225.0 279.0 239.0 251.0 298.0 280.0 Grasp 0
408.0 272.0 398.0 322.0 370.0 317.0 379.0 267.0 Grasp 0
267.0 370.0 206.0 325.0 224.0 302.0 284.0 347.0 Grasp 0
398.0 320.0 389.0 270.0 417.0 265.0 426.0 315.0 Grasp 0
436.0 158.0 425.0 218.0 397.0 213.0 408.0 153.0 Grasp 0
507.0 196.0 477.0 275.0 449.0 264.0 479.0 186.0 Grasp 0
294.0 284.0 233.0 278.0 236.0 246.0 297.0 252.0 Grasp 0
442.0 345.0 398.0 274.0 423.0 259.0 466.0 329.0 Grasp 0
375.0 227.0 347.0 182.0 371.0 167.0 399.0 212.0 Grasp 0
479.0 310.0 440.0 329.0 427.0 303.0 466.0 283.0 Grasp 0
467.0 157.0 425.0 225.0 401.0 210.0 443.0 142.0 Grasp 0
384.0 271.0 350.0 325.0 325.0 310.0 359.0 256.0 Grasp 0
352.0 234.0 335.0 190.0 362.0 180.0 379.0 223.0 Grasp 0
492.0 271.0 438.0 211.0 460.0 190.0 514.0 250.0 Grasp 0
392.0 273.0 392.0 310.0 363.0 310.0 363.0 273.0 Grasp 0
295.0 268.0 237.0 251.0 245.0 221.0 304.0 237.0 Grasp 0
404.0 319.0 384.0 212.0 413.0 206.0 433.0 314.0 Grasp 0
