485.0 287.0 476.0 335.0 445.0 329.0 454.0 281.0 Grasp 0
526.0 293.0 506.0 344.0 477.0 333.0 497.0 282.0 Grasp 0
304.0 123.0 250.0 35.0 281.0 15.0 336.0 103.0 Grasp 0
483.0 387.0 387.0 396.0 384.0 366.0 480.0 357.0 Grasp 0
404.0 48.0 358.0 123.0 327.0 104.0 373.0 28.0 Grasp 0
390.0 20.0 353.0 117.0 319.0 103.0 356.0 7.0 Grasp 0
562.0 294.0 540.0 349.0 511.0 338.0 532.0 282.0 Grasp 0
353.0 145.0 227.0 133.0 230.0 97.0 357.0 109.0 Grasp 0
296.0 154.0 230.0 121.0 246.0 89.0 312.0 122.0 Grasp 0
486.0 287.0 453.0 372.0 424.0 361.0 456.0 276.0 Grasp 0
397.0 41.0 343.0 182.0 309.0 169.0 364.0 28.0 Grasp 0
340.0 120.0 265.0 38.0 293.0 13.0 367.0 95.0 Grasp 0
466.0 288.0 408.0 381.0 381.0 364.0 439.0 271.0 Grasp 0
516.0 291.0 495.0 344.0 466.0 333.0 486.0 280.0 Grasp 0
301.0 136.0 240.0 68.0 267.0 44.0 328.0 111.0 Grasp 0
468.0 288.0 454.0 365.0 422.0 359.0 437.0 282.0 Grasp 0
308.0 109.0 255.0 24.0 287.0 4.0 340.0 90.0 Grasp 0
539.0 293.0 518.0 348.0 488.0 336.0 509.0 282.0 Grasp 0
334.0 382.0 250.0 375.0 253.0 345.0 337.0 352.0 Grasp 0
327.0 174.0 266.0 220.0 246.0 193.0 307.0 148.0 Grasp 0
503.0 412.0 390.0 402.0 393.0 372.0 506.0 382.0 Grasp 0
