549.0 220.0 531.0 171.0 561.0 159.0 579.0 208.0 Grasp 0
423.0 69.0 360.0 38.0 375.0 8.0 438.0 40.0 Grasp 0
416.0 117.0 337.0 78.0 352.0 47.0 431.0 86.0 Grasp 0
629.0 111.0 575.0 116.0 573.0 85.0 627.0 80.0 Grasp 0
623.0 85.0 576.0 109.0 563.0 81.0 609.0 58.0 Grasp 0
515.0 226.0 490.0 161.0 521.0 149.0 546.0 214.0 Grasp 0
247.0 382.0 221.0 314.0 249.0 303.0 275.0 371.0 Grasp 0
600.0 247.0 565.0 305.0 540.0 289.0 575.0 232.0 Grasp 0
528.0 170.0 509.0 219.0 478.0 207.0 497.0 158.0 Grasp 0
468.0 149.0 433.0 187.0 408.0 165.0 443.0 127.0 Grasp 0
595.0 44.0 565.0 67.0 547.0 42.0 577.0 20.0 Grasp 0
428.0 87.0 364.0 119.0 349.0 89.0 413.0 57.0 Grasp 0
631.0 158.0 576.0 143.0 584.0 112.0 639.0 128.0 Grasp 0
630.0 130.0 581.0 135.0 578.0 104.0 627.0 99.0 Grasp 0
567.0 220.0 535.0 168.0 562.0 151.0 594.0 203.0 Grasp 0
526.0 226.0 504.0 168.0 535.0 156.0 557.0 214.0 Grasp 0
613.0 77.0 576.0 95.0 562.0 68.0 599.0 49.0 Grasp 0
491.0 160.0 465.0 201.0 437.0 183.0 462.0 142.0 Grasp 0
594.0 244.0 546.0 321.0 522.0 305.0 569.0 228.0 Grasp 0
423.0 80.0 351.0 59.0 360.0 27.0 432.0 48.0 Grasp 0
292.0 392.0 222.0 315.0 243.0 295.0 314.0 372.0 Grasp 0
522.0 167.0 491.0 218.0 462.0 200.0 494.0 150.0 Grasp 0
427.0 120.0 390.0 148.0 370.0 120.0 407.0 92.0 Grasp 0
539.0 223.0 517.0 168.0 548.0 156.0 569.0 212.0 Grasp 0
422.0 106.0 371.0 131.0 356.0 101.0 407.0 75.0 Grasp 0
509.0 166.0 481.0 212.0 453.0 195.0 481.0 149.0 Grasp 0
440.0 127.0 382.0 156.0 367.0 125.0 425.0 96.0 Grasp 0
481.0 154.0 454.0 196.0 426.0 179.0 452.0 136.0 Grasp 0
597.0 246.0 588.0 292.0 560.0 287.0 568.0 241.0 Grasp 0
546.0 170.0 536.0 221.0 504.0 215.0 513.0 164.0 Grasp 0
456.0 141.0 421.0 179.0 396.0 156.0 431.0 118.0 Grasp 0
413.0 96.0 346.0 63.0 361.0 33.0 428.0 66.0 Grasp 0
