368.0 179.0 255.0 190.0 252.0 158.0 365.0 148.0 Grasp 0
370.0 138.0 278.0 147.0 275.0 115.0 367.0 106.0 Grasp 0
246.0 340.0 208.0 241.0 235.0 230.0 274.0 329.0 Grasp 0
329.0 338.0 273.0 365.0 260.0 339.0 316.0 311.0 Grasp 0
251.0 233.0 238.0 300.0 208.0 294.0 221.0 228.0 Grasp 0
348.0 341.0 284.0 373.0 271.0 347.0 335.0 315.0 Grasp 0
315.0 184.0 275.0 81.0 305.0 69.0 345.0 173.0 Grasp 0
317.0 319.0 227.0 311.0 230.0 281.0 320.0 290.0 Grasp 0
317.0 321.0 239.0 329.0 236.0 299.0 315.0 291.0 Grasp 0
359.0 169.0 272.0 145.0 281.0 114.0 367.0 139.0 Grasp 0
220.0 327.0 194.0 299.0 215.0 279.0 241.0 308.0 Grasp 0
366.0 346.0 346.0 377.0 321.0 361.0 340.0 330.0 Grasp 0
353.0 198.0 260.0 171.0 268.0 141.0 361.0 168.0 Grasp 0
222.0 320.0 186.0 261.0 211.0 246.0 247.0 304.0 Grasp 0
232.0 329.0 200.0 246.0 228.0 235.0 260.0 318.0 Grasp 0
372.0 156.0 279.0 165.0 276.0 133.0 369.0 124.0 Grasp 0
336.0 221.0 254.0 198.0 263.0 168.0 344.0 191.0 Grasp 0
364.0 149.0 273.0 104.0 288.0 75.0 378.0 120.0 Grasp 0
333.0 216.0 262.0 181.0 275.0 153.0 346.0 189.0 Grasp 0
325.0 178.0 285.0 75.0 316.0 63.0 355.0 166.0 Grasp 0
321.0 322.0 267.0 349.0 254.0 322.0 308.0 295.0 Grasp 0
322.0 338.0 238.0 346.0 235.0 316.0 319.0 308.0 Grasp 0
