399.0 206.0 329.0 129.0 351.0 108.0 421.0 185.0 Grasp 0
288.0 136.0 212.0 174.0 198.0 146.0 274.0 108.0 Grasp 0
286.0 92.0 216.0 57.0 230.0 30.0 299.0 65.0 Grasp 0
322.0 405.0 275.0 353.0 296.0 333.0 343.0 385.0 Grasp 0
503.0 34.0 414.0 59.0 405.0 30.0 495.0 4.0 Grasp 0
275.0 114.0 194.0 137.0 186.0 108.0 267.0 84.0 Grasp 0
351.0 397.0 281.0 345.0 299.0 322.0 368.0 374.0 Grasp 0
513.0 56.0 417.0 84.0 408.0 54.0 505.0 27.0 Grasp 0
404.0 215.0 310.0 143.0 329.0 119.0 423.0 190.0 Grasp 0
318.0 237.0 298.0 133.0 328.0 127.0 348.0 232.0 Grasp 0
338.0 401.0 270.0 367.0 283.0 341.0 351.0 375.0 Grasp 0
283.0 117.0 214.0 192.0 191.0 171.0 260.0 96.0 Grasp 0
314.0 235.0 276.0 136.0 305.0 125.0 343.0 224.0 Grasp 0
373.0 389.0 282.0 344.0 295.0 318.0 386.0 364.0 Grasp 0
307.0 74.0 214.0 66.0 217.0 36.0 310.0 45.0 Grasp 0
288.0 82.0 232.0 40.0 250.0 17.0 305.0 58.0 Grasp 0
281.0 128.0 208.0 164.0 195.0 136.0 267.0 100.0 Grasp 0
295.0 144.0 215.0 184.0 202.0 156.0 282.0 116.0 Grasp 0
329.0 231.0 309.0 123.0 339.0 117.0 359.0 225.0 Grasp 0
414.0 197.0 342.0 117.0 364.0 96.0 437.0 176.0 Grasp 0
300.0 68.0 245.0 27.0 263.0 3.0 317.0 45.0 Grasp 0
300.0 144.0 224.0 201.0 206.0 176.0 281.0 119.0 Grasp 0
277.0 98.0 212.0 66.0 226.0 39.0 290.0 71.0 Grasp 0
508.0 44.0 415.0 71.0 407.0 41.0 500.0 15.0 Grasp 0
