200.0 332.0 127.0 325.0 130.0 295.0 202.0 302.0 Grasp 0
558.0 150.0 445.0 118.0 454.0 88.0 566.0 120.0 Grasp 0
236.0 389.0 188.0 385.0 191.0 357.0 238.0 361.0 Grasp 0
430.0 134.0 370.0 200.0 347.0 179.0 407.0 113.0 Grasp 0
221.0 246.0 165.0 204.0 183.0 181.0 239.0 223.0 Grasp 0
305.0 347.0 252.0 321.0 265.0 295.0 317.0 322.0 Grasp 0
241.0 403.0 194.0 407.0 191.0 379.0 239.0 375.0 Grasp 0
415.0 128.0 359.0 189.0 336.0 169.0 393.0 107.0 Grasp 0
225.0 252.0 160.0 234.0 168.0 205.0 233.0 224.0 Grasp 0
246.0 427.0 192.0 422.0 195.0 394.0 249.0 399.0 Grasp 0
209.0 308.0 136.0 301.0 138.0 272.0 212.0 279.0 Grasp 0
221.0 265.0 155.0 246.0 163.0 217.0 229.0 236.0 Grasp 0
212.0 287.0 146.0 268.0 154.0 240.0 220.0 259.0 Grasp 0
215.0 274.0 152.0 227.0 170.0 204.0 232.0 251.0 Grasp 0
414.0 118.0 378.0 212.0 349.0 200.0 385.0 107.0 Grasp 0
248.0 422.0 203.0 435.0 195.0 407.0 240.0 395.0 Grasp 0
389.0 306.0 314.0 327.0 305.0 298.0 381.0 276.0 Grasp 0
220.0 262.0 158.0 215.0 175.0 191.0 237.0 238.0 Grasp 0
524.0 170.0 446.0 111.0 464.0 86.0 543.0 146.0 Grasp 0
550.0 137.0 461.0 70.0 480.0 46.0 569.0 113.0 Grasp 0
388.0 289.0 325.0 337.0 307.0 313.0 370.0 265.0 Grasp 0
382.0 105.0 351.0 185.0 322.0 173.0 353.0 93.0 Grasp 0
208.0 269.0 163.0 196.0 188.0 181.0 233.0 254.0 Grasp 0
255.0 472.0 215.0 483.0 207.0 455.0 247.0 444.0 Grasp 0
402.0 113.0 367.0 201.0 339.0 190.0 373.0 102.0 Grasp 0
240.0 362.0 209.0 411.0 185.0 396.0 216.0 347.0 Grasp 0
206.0 296.0 144.0 279.0 152.0 250.0 214.0 268.0 Grasp 0
253.0 455.0 204.0 460.0 201.0 431.0 250.0 427.0 Grasp 0
403.0 123.0 351.0 180.0 328.0 160.0 380.0 103.0 Grasp 0
368.0 261.0 353.0 339.0 324.0 334.0 338.0 256.0 Grasp 0
256.0 436.0 208.0 460.0 195.0 435.0 243.0 411.0 Grasp 0
397.0 113.0 329.0 165.0 310.0 141.0 379.0 89.0 Grasp 0
196.0 326.0 132.0 308.0 140.0 279.0 204.0 297.0 Grasp 0
538.0 153.0 454.0 90.0 472.0 66.0 556.0 129.0 Grasp 0
232.0 237.0 166.0 218.0 174.0 189.0 240.0 208.0 Grasp 0
211.0 315.0 127.0 323.0 124.0 293.0 208.0 286.0 Grasp 0
246.0 412.0 201.0 425.0 193.0 397.0 238.0 385.0 Grasp 0
