348.0 289.0 267.0 329.0 253.0 303.0 335.0 262.0 Grasp 0
513.0 283.0 484.0 360.0 455.0 349.0 485.0 272.0 Grasp 0
364.0 40.0 303.0 86.0 286.0 63.0 347.0 17.0 Grasp 0
332.0 331.0 268.0 337.0 266.0 307.0 329.0 302.0 Grasp 0
535.0 294.0 490.0 367.0 464.0 351.0 510.0 278.0 Grasp 0
371.0 55.0 311.0 100.0 294.0 77.0 354.0 32.0 Grasp 0
531.0 298.0 461.0 351.0 442.0 327.0 513.0 274.0 Grasp 0
588.0 303.0 588.0 421.0 558.0 421.0 558.0 303.0 Grasp 0
349.0 278.0 266.0 320.0 253.0 293.0 335.0 252.0 Grasp 0
584.0 315.0 533.0 397.0 507.0 382.0 558.0 300.0 Grasp 0
336.0 310.0 266.0 317.0 263.0 287.0 334.0 281.0 Grasp 0
586.0 313.0 549.0 410.0 521.0 399.0 558.0 302.0 Grasp 0
258.0 131.0 214.0 164.0 197.0 141.0 241.0 107.0 Grasp 0
357.0 37.0 290.0 70.0 277.0 45.0 344.0 11.0 Grasp 0
574.0 311.0 524.0 392.0 498.0 377.0 549.0 295.0 Grasp 0
633.0 358.0 574.0 423.0 552.0 404.0 612.0 338.0 Grasp 0
599.0 421.0 599.0 320.0 628.0 320.0 628.0 421.0 Grasp 0
562.0 306.0 513.0 385.0 488.0 369.0 537.0 290.0 Grasp 0
266.0 138.0 194.0 193.0 176.0 170.0 248.0 115.0 Grasp 0
622.0 335.0 588.0 423.0 560.0 412.0 594.0 324.0 Grasp 0
532.0 278.0 532.0 397.0 501.0 397.0 501.0 278.0 Grasp 0
546.0 298.0 499.0 375.0 473.0 359.0 521.0 282.0 Grasp 0
355.0 251.0 266.0 319.0 248.0 295.0 337.0 228.0 Grasp 0
603.0 321.0 565.0 418.0 538.0 407.0 575.0 310.0 Grasp 0
517.0 208.0 452.0 257.0 435.0 234.0 499.0 185.0 Grasp 0
622.0 342.0 554.0 416.0 532.0 396.0 600.0 322.0 Grasp 0
