276.0 202.0 243.0 211.0 235.0 182.0 267.0 173.0 Grasp 0
258.0 44.0 211.0 48.0 208.0 18.0 255.0 14.0 Grasp 0
266.0 208.0 234.0 224.0 220.0 197.0 252.0 181.0 Grasp 0
282.0 190.0 247.0 194.0 244.0 165.0 280.0 162.0 Grasp 0
287.0 167.0 248.0 156.0 257.0 127.0 295.0 138.0 Grasp 0
335.0 339.0 259.0 346.0 256.0 317.0 332.0 310.0 Grasp 0
268.0 194.0 234.0 197.0 231.0 167.0 265.0 164.0 Grasp 0
492.0 194.0 469.0 220.0 446.0 200.0 470.0 174.0 Grasp 0
454.0 163.0 430.0 189.0 409.0 169.0 432.0 143.0 Grasp 0
315.0 326.0 239.0 319.0 242.0 290.0 318.0 297.0 Grasp 0
344.0 330.0 268.0 323.0 271.0 294.0 347.0 301.0 Grasp 0
415.0 147.0 391.0 174.0 369.0 154.0 394.0 128.0 Grasp 0
399.0 112.0 369.0 145.0 347.0 125.0 377.0 92.0 Grasp 0
287.0 146.0 249.0 135.0 258.0 106.0 295.0 117.0 Grasp 0
375.0 88.0 324.0 63.0 338.0 36.0 388.0 61.0 Grasp 0
276.0 213.0 243.0 223.0 235.0 194.0 268.0 184.0 Grasp 0
328.0 277.0 264.0 309.0 251.0 283.0 315.0 251.0 Grasp 0
301.0 117.0 291.0 68.0 321.0 62.0 331.0 112.0 Grasp 0
472.0 174.0 452.0 205.0 427.0 189.0 446.0 158.0 Grasp 0
317.0 118.0 299.0 72.0 328.0 61.0 346.0 107.0 Grasp 0
266.0 220.0 235.0 235.0 222.0 208.0 252.0 193.0 Grasp 0
284.0 157.0 246.0 146.0 254.0 117.0 292.0 128.0 Grasp 0
451.0 172.0 425.0 200.0 403.0 180.0 429.0 152.0 Grasp 0
479.0 195.0 456.0 221.0 434.0 200.0 457.0 174.0 Grasp 0
317.0 335.0 244.0 341.0 241.0 312.0 314.0 306.0 Grasp 0
280.0 70.0 240.0 115.0 217.0 94.0 258.0 49.0 Grasp 0
320.0 259.0 229.0 233.0 237.0 204.0 328.0 230.0 Grasp 0
400.0 136.0 374.0 164.0 353.0 144.0 378.0 116.0 Grasp 0
441.0 169.0 418.0 195.0 397.0 175.0 420.0 150.0 Grasp 0
427.0 135.0 406.0 168.0 381.0 153.0 402.0 120.0 Grasp 0
404.0 124.0 375.0 156.0 353.0 135.0 382.0 104.0 Grasp 0
334.0 306.0 264.0 326.0 256.0 298.0 326.0 278.0 Grasp 0
327.0 358.0 250.0 351.0 252.0 322.0 330.0 329.0 Grasp 0
436.0 148.0 413.0 173.0 391.0 154.0 415.0 128.0 Grasp 0
270.0 62.0 224.0 97.0 206.0 73.0 251.0 38.0 Grasp 0
429.0 155.0 403.0 184.0 381.0 164.0 407.0 135.0 Grasp 0
345.0 355.0 269.0 362.0 267.0 333.0 343.0 326.0 Grasp 0
275.0 187.0 239.0 184.0 242.0 154.0 278.0 157.0 Grasp 0
292.0 183.0 253.0 179.0 255.0 150.0 295.0 154.0 Grasp 0
385.0 110.0 363.0 145.0 338.0 129.0 359.0 94.0 Grasp 0
392.0 97.0 369.0 134.0 343.0 118.0 366.0 81.0 Grasp 0
277.0 174.0 240.0 171.0 243.0 140.0 279.0 144.0 Grasp 0
311.0 370.0 238.0 350.0 246.0 321.0 319.0 342.0 Grasp 0
387.0 57.0 333.0 52.0 336.0 22.0 390.0 27.0 Grasp 0
486.0 183.0 463.0 209.0 441.0 188.0 464.0 163.0 Grasp 0
324.0 262.0 273.0 301.0 255.0 277.0 306.0 238.0 Grasp 0
298.0 162.0 261.0 152.0 269.0 123.0 306.0 133.0 Grasp 0
445.0 157.0 422.0 181.0 400.0 161.0 423.0 136.0 Grasp 0
284.0 74.0 252.0 124.0 226.0 108.0 258.0 58.0 Grasp 0
340.0 295.0 269.0 315.0 261.0 287.0 332.0 267.0 Grasp 0
410.0 113.0 381.0 145.0 359.0 124.0 387.0 93.0 Grasp 0
410.0 130.0 385.0 158.0 363.0 139.0 389.0 111.0 Grasp 0
462.0 172.0 435.0 192.0 417.0 168.0 444.0 147.0 Grasp 0
265.0 53.0 214.0 78.0 201.0 51.0 251.0 26.0 Grasp 0
422.0 124.0 402.0 157.0 376.0 141.0 397.0 108.0 Grasp 0
276.0 129.0 235.0 108.0 249.0 82.0 289.0 102.0 Grasp 0
295.0 125.0 286.0 77.0 316.0 71.0 325.0 119.0 Grasp 0
383.0 81.0 362.0 114.0 337.0 99.0 358.0 65.0 Grasp 0
465.0 163.0 446.0 194.0 421.0 178.0 440.0 148.0 Grasp 0
335.0 317.0 263.0 337.0 255.0 309.0 327.0 288.0 Grasp 0
312.0 274.0 247.0 293.0 239.0 265.0 304.0 246.0 Grasp 0
