294.0 184.0 214.0 144.0 226.0 119.0 306.0 159.0 Grasp 0
277.0 235.0 187.0 226.0 190.0 198.0 280.0 206.0 Grasp 0
575.0 209.0 533.0 241.0 515.0 218.0 558.0 186.0 Grasp 0
435.0 107.0 409.0 173.0 382.0 162.0 407.0 96.0 Grasp 0
273.0 244.0 179.0 252.0 177.0 223.0 270.0 215.0 Grasp 0
308.0 497.0 290.0 402.0 320.0 396.0 338.0 491.0 Grasp 0
400.0 85.0 361.0 148.0 336.0 132.0 375.0 69.0 Grasp 0
394.0 86.0 348.0 136.0 326.0 116.0 372.0 66.0 Grasp 0
357.0 48.0 296.0 78.0 283.0 52.0 344.0 22.0 Grasp 0
367.0 58.0 310.0 100.0 293.0 77.0 349.0 34.0 Grasp 0
249.0 256.0 186.0 225.0 199.0 199.0 262.0 230.0 Grasp 0
248.0 279.0 170.0 271.0 173.0 242.0 251.0 249.0 Grasp 0
550.0 168.0 514.0 129.0 538.0 107.0 574.0 147.0 Grasp 0
386.0 81.0 342.0 129.0 320.0 109.0 364.0 61.0 Grasp 0
281.0 214.0 200.0 191.0 208.0 163.0 289.0 186.0 Grasp 0
421.0 90.0 391.0 167.0 363.0 157.0 393.0 80.0 Grasp 0
255.0 246.0 189.0 214.0 202.0 188.0 268.0 220.0 Grasp 0
373.0 60.0 322.0 115.0 300.0 95.0 351.0 40.0 Grasp 0
429.0 108.0 394.0 166.0 368.0 150.0 404.0 93.0 Grasp 0
461.0 465.0 420.0 359.0 448.0 348.0 490.0 454.0 Grasp 0
365.0 285.0 305.0 255.0 318.0 229.0 378.0 259.0 Grasp 0
276.0 497.0 250.0 428.0 278.0 417.0 305.0 486.0 Grasp 0
284.0 224.0 190.0 216.0 192.0 187.0 287.0 196.0 Grasp 0
282.0 204.0 207.0 167.0 220.0 141.0 294.0 178.0 Grasp 0
229.0 434.0 191.0 496.0 165.0 480.0 203.0 418.0 Grasp 0
262.0 235.0 194.0 202.0 207.0 176.0 275.0 210.0 Grasp 0
439.0 95.0 439.0 200.0 409.0 200.0 409.0 95.0 Grasp 0
266.0 254.0 174.0 263.0 171.0 234.0 263.0 225.0 Grasp 0
246.0 266.0 181.0 247.0 189.0 219.0 254.0 238.0 Grasp 0
234.0 492.0 216.0 447.0 244.0 436.0 262.0 481.0 Grasp 0
312.0 252.0 278.0 340.0 251.0 329.0 285.0 242.0 Grasp 0
405.0 79.0 375.0 158.0 347.0 147.0 378.0 69.0 Grasp 0
340.0 236.0 305.0 325.0 278.0 314.0 313.0 225.0 Grasp 0
323.0 245.0 288.0 334.0 262.0 324.0 296.0 235.0 Grasp 0
277.0 222.0 197.0 200.0 205.0 172.0 285.0 195.0 Grasp 0
288.0 194.0 211.0 156.0 223.0 130.0 300.0 169.0 Grasp 0
561.0 167.0 511.0 142.0 525.0 113.0 576.0 138.0 Grasp 0
253.0 495.0 230.0 438.0 258.0 427.0 281.0 484.0 Grasp 0
257.0 264.0 175.0 287.0 167.0 258.0 248.0 235.0 Grasp 0
353.0 227.0 319.0 317.0 292.0 307.0 327.0 217.0 Grasp 0
228.0 290.0 171.0 262.0 184.0 235.0 242.0 264.0 Grasp 0
304.0 494.0 259.0 421.0 285.0 405.0 330.0 478.0 Grasp 0
379.0 76.0 326.0 116.0 308.0 93.0 361.0 53.0 Grasp 0
551.0 212.0 458.0 110.0 481.0 89.0 573.0 191.0 Grasp 0
460.0 260.0 384.0 177.0 406.0 157.0 482.0 240.0 Grasp 0
222.0 507.0 210.0 441.0 240.0 436.0 252.0 501.0 Grasp 0
367.0 279.0 321.0 245.0 338.0 222.0 384.0 256.0 Grasp 0
425.0 88.0 407.0 179.0 378.0 173.0 395.0 82.0 Grasp 0
