361.0 462.0 330.0 428.0 351.0 409.0 382.0 443.0 Grasp 0
511.0 176.0 458.0 89.0 484.0 73.0 537.0 160.0 Grasp 0
353.0 470.0 307.0 435.0 324.0 412.0 370.0 447.0 Grasp 0
177.0 341.0 151.0 407.0 124.0 397.0 149.0 331.0 Grasp 0
516.0 175.0 478.0 75.0 506.0 64.0 545.0 164.0 Grasp 0
65.0 271.0 28.0 331.0 4.0 316.0 41.0 256.0 Grasp 0
81.0 283.0 45.0 341.0 21.0 326.0 57.0 267.0 Grasp 0
320.0 375.0 280.0 310.0 304.0 295.0 344.0 360.0 Grasp 0
102.0 288.0 74.0 361.0 47.0 351.0 75.0 278.0 Grasp 0
307.0 376.0 266.0 311.0 291.0 296.0 331.0 361.0 Grasp 0
343.0 480.0 277.0 447.0 290.0 421.0 356.0 454.0 Grasp 0
393.0 439.0 340.0 424.0 348.0 396.0 401.0 412.0 Grasp 0
344.0 476.0 291.0 435.0 308.0 412.0 362.0 453.0 Grasp 0
234.0 249.0 166.0 197.0 183.0 175.0 251.0 226.0 Grasp 0
145.0 318.0 118.0 387.0 91.0 377.0 118.0 308.0 Grasp 0
154.0 320.0 140.0 400.0 111.0 395.0 126.0 314.0 Grasp 0
400.0 426.0 360.0 422.0 363.0 394.0 403.0 398.0 Grasp 0
266.0 364.0 257.0 316.0 285.0 311.0 294.0 359.0 Grasp 0
496.0 187.0 440.0 97.0 466.0 81.0 522.0 171.0 Grasp 0
234.0 264.0 165.0 212.0 183.0 190.0 251.0 242.0 Grasp 0
180.0 337.0 165.0 415.0 137.0 409.0 151.0 332.0 Grasp 0
136.0 322.0 103.0 375.0 79.0 360.0 112.0 307.0 Grasp 0
375.0 459.0 323.0 433.0 335.0 408.0 388.0 434.0 Grasp 0
230.0 391.0 156.0 428.0 143.0 401.0 217.0 365.0 Grasp 0
240.0 401.0 172.0 434.0 160.0 408.0 227.0 375.0 Grasp 0
561.0 144.0 473.0 77.0 492.0 53.0 580.0 119.0 Grasp 0
236.0 265.0 176.0 248.0 184.0 221.0 244.0 238.0 Grasp 0
532.0 161.0 466.0 88.0 488.0 68.0 555.0 141.0 Grasp 0
241.0 161.0 187.0 219.0 167.0 200.0 220.0 142.0 Grasp 0
164.0 321.0 164.0 414.0 135.0 414.0 135.0 321.0 Grasp 0
123.0 312.0 88.0 367.0 64.0 352.0 98.0 296.0 Grasp 0
95.0 293.0 60.0 350.0 35.0 335.0 71.0 277.0 Grasp 0
283.0 371.0 260.0 314.0 287.0 304.0 309.0 361.0 Grasp 0
236.0 276.0 177.0 259.0 185.0 232.0 244.0 249.0 Grasp 0
230.0 363.0 179.0 324.0 196.0 302.0 247.0 340.0 Grasp 0
227.0 389.0 129.0 417.0 121.0 389.0 219.0 361.0 Grasp 0
237.0 287.0 178.0 270.0 185.0 243.0 244.0 260.0 Grasp 0
239.0 290.0 186.0 295.0 183.0 266.0 236.0 261.0 Grasp 0
331.0 487.0 266.0 455.0 279.0 430.0 344.0 462.0 Grasp 0
486.0 194.0 429.0 102.0 455.0 86.0 512.0 178.0 Grasp 0
236.0 456.0 176.0 522.0 154.0 502.0 214.0 436.0 Grasp 0
311.0 308.0 311.0 363.0 283.0 363.0 283.0 308.0 Grasp 0
234.0 246.0 168.0 173.0 189.0 154.0 255.0 227.0 Grasp 0
163.0 341.0 131.0 392.0 107.0 377.0 139.0 326.0 Grasp 0
116.0 306.0 64.0 362.0 43.0 343.0 94.0 286.0 Grasp 0
74.0 276.0 37.0 336.0 12.0 321.0 49.0 261.0 Grasp 0
337.0 101.0 274.0 149.0 256.0 125.0 319.0 77.0 Grasp 0
236.0 281.0 168.0 230.0 185.0 208.0 253.0 259.0 Grasp 0
583.0 118.0 496.0 53.0 515.0 28.0 601.0 93.0 Grasp 0
394.0 376.0 306.0 309.0 323.0 286.0 411.0 353.0 Grasp 0
236.0 468.0 156.0 507.0 143.0 481.0 223.0 442.0 Grasp 0
517.0 182.0 415.0 105.0 433.0 81.0 536.0 158.0 Grasp 0
