456.0 295.0 375.0 234.0 392.0 211.0 473.0 272.0 Grasp 0
226.0 166.0 154.0 130.0 167.0 103.0 240.0 139.0 Grasp 0
441.0 42.0 441.0 115.0 412.0 115.0 412.0 42.0 Grasp 0
267.0 247.0 201.0 197.0 218.0 174.0 284.0 224.0 Grasp 0
264.0 84.0 189.0 62.0 197.0 33.0 272.0 55.0 Grasp 0
392.0 333.0 305.0 268.0 323.0 244.0 410.0 310.0 Grasp 0
431.0 107.0 401.0 58.0 426.0 43.0 456.0 92.0 Grasp 0
520.0 238.0 441.0 178.0 458.0 155.0 537.0 215.0 Grasp 0
450.0 86.0 402.0 73.0 410.0 45.0 458.0 59.0 Grasp 0
246.0 123.0 174.0 87.0 188.0 60.0 260.0 96.0 Grasp 0
458.0 280.0 420.0 180.0 446.0 170.0 485.0 270.0 Grasp 0
451.0 250.0 430.0 134.0 458.0 128.0 479.0 245.0 Grasp 0
482.0 250.0 430.0 166.0 455.0 151.0 506.0 235.0 Grasp 0
428.0 42.0 428.0 140.0 399.0 140.0 399.0 42.0 Grasp 0
280.0 39.0 197.0 46.0 194.0 17.0 277.0 9.0 Grasp 0
518.0 200.0 454.0 131.0 476.0 112.0 539.0 181.0 Grasp 0
497.0 111.0 497.0 224.0 469.0 224.0 469.0 111.0 Grasp 0
227.0 170.0 149.0 148.0 158.0 119.0 235.0 141.0 Grasp 0
439.0 106.0 392.0 83.0 405.0 57.0 452.0 80.0 Grasp 0
260.0 268.0 195.0 219.0 212.0 196.0 277.0 245.0 Grasp 0
242.0 132.0 170.0 97.0 183.0 70.0 256.0 105.0 Grasp 0
481.0 227.0 430.0 146.0 455.0 131.0 505.0 212.0 Grasp 0
476.0 277.0 386.0 231.0 398.0 206.0 489.0 251.0 Grasp 0
499.0 206.0 466.0 118.0 492.0 108.0 526.0 195.0 Grasp 0
495.0 246.0 394.0 217.0 402.0 189.0 503.0 218.0 Grasp 0
427.0 303.0 384.0 192.0 411.0 182.0 454.0 292.0 Grasp 0
490.0 220.0 439.0 138.0 463.0 123.0 514.0 205.0 Grasp 0
427.0 109.0 394.0 72.0 415.0 52.0 449.0 89.0 Grasp 0
233.0 147.0 160.0 111.0 174.0 84.0 247.0 120.0 Grasp 0
