390.0 318.0 326.0 270.0 346.0 244.0 410.0 292.0 Grasp 0
592.0 332.0 536.0 243.0 561.0 227.0 616.0 317.0 Grasp 0
430.0 270.0 371.0 225.0 390.0 199.0 450.0 244.0 Grasp 0
335.0 357.0 288.0 305.0 311.0 284.0 358.0 336.0 Grasp 0
406.0 298.0 346.0 253.0 365.0 227.0 426.0 273.0 Grasp 0
278.0 234.0 201.0 256.0 193.0 228.0 270.0 206.0 Grasp 0
273.0 223.0 201.0 244.0 193.0 215.0 265.0 194.0 Grasp 0
467.0 61.0 425.0 128.0 399.0 112.0 441.0 45.0 Grasp 0
526.0 232.0 480.0 307.0 455.0 292.0 501.0 217.0 Grasp 0
286.0 247.0 204.0 287.0 191.0 261.0 273.0 221.0 Grasp 0
464.0 239.0 378.0 214.0 386.0 183.0 473.0 208.0 Grasp 0
266.0 209.0 195.0 215.0 192.0 185.0 263.0 179.0 Grasp 0
540.0 244.0 496.0 315.0 472.0 300.0 516.0 229.0 Grasp 0
345.0 348.0 298.0 297.0 321.0 275.0 368.0 327.0 Grasp 0
438.0 258.0 379.0 214.0 399.0 188.0 457.0 233.0 Grasp 0
460.0 230.0 392.0 196.0 407.0 167.0 474.0 201.0 Grasp 0
423.0 280.0 363.0 234.0 383.0 208.0 443.0 254.0 Grasp 0
366.0 332.0 318.0 278.0 341.0 257.0 390.0 310.0 Grasp 0
369.0 339.0 306.0 291.0 325.0 266.0 388.0 313.0 Grasp 0
284.0 235.0 202.0 276.0 189.0 250.0 271.0 209.0 Grasp 0
409.0 305.0 333.0 267.0 348.0 238.0 424.0 276.0 Grasp 0
564.0 334.0 545.0 233.0 574.0 227.0 593.0 328.0 Grasp 0
446.0 245.0 387.0 201.0 406.0 175.0 465.0 220.0 Grasp 0
416.0 291.0 352.0 243.0 371.0 217.0 435.0 266.0 Grasp 0
479.0 77.0 416.0 125.0 398.0 101.0 461.0 53.0 Grasp 0
269.0 220.0 197.0 226.0 194.0 197.0 266.0 190.0 Grasp 0
322.0 363.0 278.0 314.0 301.0 293.0 345.0 342.0 Grasp 0
568.0 226.0 568.0 334.0 539.0 334.0 539.0 226.0 Grasp 0
272.0 204.0 199.0 240.0 185.0 213.0 259.0 177.0 Grasp 0
505.0 223.0 475.0 301.0 448.0 291.0 478.0 212.0 Grasp 0
264.0 192.0 195.0 212.0 187.0 183.0 256.0 163.0 Grasp 0
528.0 230.0 486.0 339.0 459.0 328.0 501.0 220.0 Grasp 0
490.0 216.0 475.0 295.0 446.0 290.0 461.0 211.0 Grasp 0
