191.0 303.0 124.0 336.0 112.0 310.0 178.0 277.0 Grasp 0
450.0 248.0 439.0 308.0 410.0 302.0 421.0 243.0 Grasp 0
401.0 79.0 393.0 35.0 421.0 29.0 429.0 74.0 Grasp 0
412.0 78.0 404.0 33.0 432.0 28.0 440.0 72.0 Grasp 0
394.0 301.0 394.0 237.0 423.0 237.0 423.0 301.0 Grasp 0
422.0 65.0 405.0 22.0 432.0 12.0 448.0 54.0 Grasp 0
285.0 137.0 237.0 173.0 218.0 148.0 266.0 112.0 Grasp 0
443.0 79.0 427.0 37.0 453.0 27.0 470.0 69.0 Grasp 0
293.0 156.0 245.0 191.0 227.0 166.0 274.0 131.0 Grasp 0
210.0 301.0 138.0 308.0 135.0 279.0 207.0 273.0 Grasp 0
473.0 253.0 452.0 308.0 424.0 297.0 446.0 242.0 Grasp 0
459.0 63.0 436.0 25.0 460.0 10.0 483.0 48.0 Grasp 0
265.0 108.0 212.0 134.0 198.0 105.0 251.0 79.0 Grasp 0
173.0 282.0 97.0 275.0 100.0 246.0 175.0 253.0 Grasp 0
468.0 60.0 444.0 22.0 468.0 7.0 492.0 45.0 Grasp 0
263.0 87.0 209.0 114.0 194.0 84.0 248.0 57.0 Grasp 0
447.0 70.0 431.0 28.0 457.0 18.0 474.0 60.0 Grasp 0
318.0 92.0 243.0 35.0 261.0 11.0 336.0 68.0 Grasp 0
200.0 292.0 148.0 349.0 127.0 329.0 179.0 273.0 Grasp 0
209.0 309.0 147.0 356.0 130.0 333.0 191.0 287.0 Grasp 0
332.0 96.0 239.0 69.0 247.0 41.0 340.0 67.0 Grasp 0
331.0 246.0 319.0 216.0 349.0 204.0 360.0 234.0 Grasp 0
178.0 285.0 120.0 313.0 107.0 287.0 165.0 258.0 Grasp 0
406.0 94.0 398.0 50.0 426.0 45.0 434.0 89.0 Grasp 0
427.0 91.0 410.0 49.0 437.0 38.0 453.0 81.0 Grasp 0
476.0 275.0 446.0 324.0 421.0 308.0 451.0 260.0 Grasp 0
187.0 286.0 129.0 330.0 112.0 307.0 170.0 263.0 Grasp 0
408.0 40.0 400.0 83.0 372.0 78.0 380.0 35.0 Grasp 0
441.0 228.0 429.0 291.0 400.0 286.0 412.0 222.0 Grasp 0
183.0 287.0 119.0 281.0 122.0 252.0 185.0 258.0 Grasp 0
440.0 28.0 432.0 72.0 404.0 67.0 412.0 22.0 Grasp 0
481.0 56.0 458.0 18.0 482.0 3.0 506.0 41.0 Grasp 0
285.0 131.0 232.0 158.0 218.0 129.0 271.0 103.0 Grasp 0
315.0 91.0 229.0 48.0 242.0 22.0 328.0 65.0 Grasp 0
196.0 297.0 127.0 303.0 124.0 274.0 194.0 268.0 Grasp 0
442.0 54.0 426.0 13.0 452.0 2.0 468.0 44.0 Grasp 0
167.0 258.0 135.0 309.0 110.0 294.0 142.0 242.0 Grasp 0
437.0 64.0 421.0 23.0 447.0 13.0 463.0 54.0 Grasp 0
184.0 300.0 115.0 319.0 107.0 291.0 176.0 272.0 Grasp 0
420.0 53.0 420.0 96.0 392.0 96.0 392.0 53.0 Grasp 0
182.0 282.0 120.0 265.0 128.0 236.0 190.0 253.0 Grasp 0
278.0 124.0 225.0 150.0 211.0 121.0 263.0 95.0 Grasp 0
162.0 252.0 119.0 298.0 97.0 278.0 139.0 231.0 Grasp 0
329.0 87.0 254.0 30.0 272.0 7.0 347.0 63.0 Grasp 0
