215.0 354.0 157.0 338.0 167.0 305.0 224.0 322.0 Grasp 0
575.0 137.0 562.0 205.0 534.0 200.0 547.0 131.0 Grasp 0
550.0 189.0 537.0 119.0 566.0 113.0 579.0 183.0 Grasp 0
270.0 122.0 211.0 139.0 203.0 111.0 262.0 94.0 Grasp 0
559.0 108.0 559.0 182.0 530.0 182.0 530.0 108.0 Grasp 0
432.0 369.0 369.0 416.0 352.0 393.0 414.0 346.0 Grasp 0
535.0 130.0 522.0 199.0 494.0 194.0 507.0 125.0 Grasp 0
225.0 368.0 167.0 363.0 171.0 329.0 229.0 334.0 Grasp 0
565.0 136.0 552.0 205.0 524.0 200.0 537.0 131.0 Grasp 0
237.0 359.0 185.0 354.0 188.0 321.0 240.0 326.0 Grasp 0
445.0 357.0 392.0 415.0 371.0 395.0 424.0 337.0 Grasp 0
555.0 146.0 542.0 216.0 514.0 211.0 527.0 141.0 Grasp 0
457.0 106.0 431.0 172.0 404.0 162.0 429.0 96.0 Grasp 0
283.0 223.0 206.0 201.0 214.0 171.0 292.0 193.0 Grasp 0
275.0 132.0 203.0 152.0 195.0 124.0 267.0 104.0 Grasp 0
283.0 146.0 206.0 139.0 209.0 109.0 286.0 117.0 Grasp 0
290.0 136.0 229.0 118.0 237.0 91.0 297.0 108.0 Grasp 0
228.0 340.0 178.0 315.0 192.0 287.0 242.0 312.0 Grasp 0
433.0 358.0 368.0 406.0 351.0 383.0 415.0 335.0 Grasp 0
267.0 206.0 187.0 183.0 196.0 154.0 276.0 176.0 Grasp 0
251.0 334.0 192.0 340.0 189.0 307.0 248.0 302.0 Grasp 0
531.0 102.0 531.0 176.0 502.0 176.0 502.0 102.0 Grasp 0
509.0 124.0 496.0 195.0 468.0 189.0 481.0 118.0 Grasp 0
600.0 151.0 594.0 180.0 566.0 175.0 572.0 145.0 Grasp 0
287.0 160.0 216.0 166.0 213.0 137.0 285.0 130.0 Grasp 0
494.0 101.0 481.0 173.0 452.0 168.0 466.0 96.0 Grasp 0
597.0 128.0 583.0 200.0 555.0 194.0 568.0 123.0 Grasp 0
544.0 146.0 531.0 216.0 503.0 211.0 516.0 141.0 Grasp 0
271.0 191.0 193.0 198.0 190.0 167.0 268.0 160.0 Grasp 0
396.0 181.0 383.0 113.0 412.0 108.0 424.0 176.0 Grasp 0
499.0 118.0 485.0 190.0 457.0 185.0 470.0 112.0 Grasp 0
525.0 119.0 512.0 189.0 483.0 184.0 497.0 113.0 Grasp 0
431.0 97.0 418.0 167.0 389.0 161.0 402.0 91.0 Grasp 0
517.0 136.0 517.0 210.0 487.0 210.0 487.0 136.0 Grasp 0
201.0 359.0 171.0 326.0 194.0 304.0 225.0 337.0 Grasp 0
290.0 183.0 235.0 243.0 213.0 223.0 268.0 162.0 Grasp 0
236.0 310.0 185.0 335.0 171.0 306.0 221.0 281.0 Grasp 0
233.0 238.0 192.0 172.0 218.0 156.0 259.0 222.0 Grasp 0
259.0 322.0 209.0 347.0 194.0 318.0 245.0 293.0 Grasp 0
589.0 106.0 589.0 178.0 560.0 178.0 560.0 106.0 Grasp 0
261.0 113.0 201.0 118.0 199.0 89.0 259.0 84.0 Grasp 0
279.0 177.0 206.0 170.0 209.0 140.0 282.0 147.0 Grasp 0
282.0 167.0 211.0 147.0 219.0 119.0 290.0 139.0 Grasp 0
220.0 297.0 209.0 356.0 178.0 350.0 189.0 291.0 Grasp 0
556.0 126.0 543.0 193.0 515.0 188.0 527.0 120.0 Grasp 0
249.0 305.0 239.0 362.0 207.0 356.0 218.0 299.0 Grasp 0
289.0 130.0 229.0 136.0 226.0 107.0 286.0 101.0 Grasp 0
485.0 121.0 471.0 195.0 442.0 190.0 456.0 115.0 Grasp 0
277.0 220.0 200.0 227.0 197.0 197.0 275.0 189.0 Grasp 0
491.0 132.0 477.0 205.0 448.0 200.0 462.0 127.0 Grasp 0
241.0 326.0 187.0 321.0 190.0 289.0 244.0 294.0 Grasp 0
273.0 246.0 206.0 195.0 225.0 171.0 291.0 221.0 Grasp 0
451.0 94.0 451.0 163.0 421.0 163.0 421.0 94.0 Grasp 0
221.0 329.0 163.0 324.0 167.0 291.0 224.0 296.0 Grasp 0
248.0 351.0 202.0 364.0 193.0 333.0 239.0 320.0 Grasp 0
478.0 121.0 451.0 191.0 424.0 180.0 451.0 111.0 Grasp 0
232.0 339.0 179.0 343.0 176.0 312.0 229.0 307.0 Grasp 0
586.0 141.0 573.0 211.0 545.0 205.0 558.0 136.0 Grasp 0
579.0 181.0 566.0 203.0 541.0 188.0 555.0 166.0 Grasp 0
256.0 343.0 201.0 328.0 210.0 297.0 265.0 312.0 Grasp 0
450.0 130.0 450.0 203.0 421.0 203.0 421.0 130.0 Grasp 0
399.0 204.0 386.0 135.0 415.0 129.0 428.0 198.0 Grasp 0
431.0 199.0 405.0 132.0 432.0 122.0 458.0 188.0 Grasp 0
501.0 96.0 501.0 170.0 471.0 170.0 471.0 96.0 Grasp 0
