354.0 121.0 338.0 163.0 311.0 153.0 327.0 111.0 Grasp 0
369.0 319.0 298.0 241.0 319.0 221.0 391.0 299.0 Grasp 0
317.0 78.0 282.0 105.0 265.0 82.0 300.0 55.0 Grasp 0
288.0 74.0 265.0 110.0 241.0 95.0 264.0 59.0 Grasp 0
271.0 54.0 242.0 76.0 225.0 53.0 254.0 31.0 Grasp 0
531.0 101.0 506.0 74.0 527.0 54.0 552.0 82.0 Grasp 0
469.0 45.0 415.0 40.0 418.0 10.0 472.0 15.0 Grasp 0
306.0 72.0 267.0 91.0 255.0 66.0 293.0 46.0 Grasp 0
279.0 66.0 249.0 99.0 228.0 79.0 258.0 47.0 Grasp 0
330.0 132.0 307.0 169.0 283.0 155.0 306.0 117.0 Grasp 0
389.0 306.0 322.0 232.0 344.0 212.0 411.0 286.0 Grasp 0
343.0 122.0 327.0 163.0 301.0 153.0 317.0 112.0 Grasp 0
315.0 111.0 291.0 149.0 267.0 134.0 291.0 96.0 Grasp 0
535.0 82.0 514.0 59.0 535.0 40.0 556.0 63.0 Grasp 0
453.0 68.0 396.0 84.0 388.0 56.0 445.0 40.0 Grasp 0
454.0 59.0 405.0 73.0 397.0 45.0 446.0 31.0 Grasp 0
529.0 88.0 505.0 61.0 526.0 42.0 550.0 69.0 Grasp 0
304.0 84.0 281.0 122.0 257.0 107.0 280.0 70.0 Grasp 0
535.0 67.0 519.0 49.0 540.0 29.0 557.0 47.0 Grasp 0
346.0 114.0 323.0 152.0 298.0 137.0 322.0 99.0 Grasp 0
327.0 89.0 297.0 122.0 276.0 103.0 306.0 70.0 Grasp 0
507.0 138.0 500.0 100.0 528.0 95.0 536.0 133.0 Grasp 0
325.0 120.0 301.0 158.0 277.0 143.0 301.0 105.0 Grasp 0
301.0 99.0 266.0 126.0 249.0 103.0 284.0 76.0 Grasp 0
301.0 82.0 266.0 109.0 248.0 86.0 284.0 59.0 Grasp 0
465.0 64.0 408.0 58.0 410.0 29.0 468.0 34.0 Grasp 0
295.0 65.0 260.0 91.0 243.0 68.0 278.0 42.0 Grasp 0
357.0 329.0 287.0 252.0 309.0 232.0 379.0 309.0 Grasp 0
336.0 99.0 312.0 137.0 288.0 122.0 311.0 84.0 Grasp 0
340.0 340.0 271.0 264.0 293.0 244.0 362.0 320.0 Grasp 0
320.0 98.0 296.0 137.0 272.0 122.0 295.0 83.0 Grasp 0
315.0 88.0 291.0 127.0 267.0 112.0 290.0 73.0 Grasp 0
316.0 357.0 259.0 264.0 284.0 249.0 342.0 341.0 Grasp 0
335.0 109.0 312.0 147.0 288.0 132.0 311.0 94.0 Grasp 0
389.0 183.0 350.0 120.0 376.0 105.0 414.0 167.0 Grasp 0
