136.0 413.0 110.0 345.0 138.0 334.0 165.0 401.0 Grasp 0
164.0 404.0 137.0 336.0 166.0 325.0 192.0 393.0 Grasp 0
267.0 386.0 201.0 313.0 223.0 294.0 289.0 366.0 Grasp 0
303.0 123.0 230.0 67.0 248.0 42.0 322.0 98.0 Grasp 0
217.0 394.0 186.0 315.0 214.0 304.0 244.0 384.0 Grasp 0
335.0 122.0 222.0 112.0 225.0 81.0 338.0 92.0 Grasp 0
328.0 71.0 239.0 96.0 231.0 66.0 320.0 41.0 Grasp 0
331.0 72.0 232.0 121.0 219.0 93.0 317.0 44.0 Grasp 0
153.0 408.0 126.0 339.0 154.0 328.0 181.0 397.0 Grasp 0
434.0 220.0 363.0 227.0 360.0 195.0 431.0 188.0 Grasp 0
235.0 181.0 204.0 100.0 231.0 90.0 262.0 170.0 Grasp 0
432.0 322.0 340.0 368.0 326.0 341.0 418.0 295.0 Grasp 0
446.0 226.0 362.0 268.0 348.0 240.0 432.0 198.0 Grasp 0
434.0 299.0 358.0 292.0 361.0 261.0 437.0 268.0 Grasp 0
177.0 403.0 150.0 332.0 179.0 321.0 206.0 391.0 Grasp 0
288.0 129.0 241.0 53.0 267.0 37.0 314.0 113.0 Grasp 0
259.0 157.0 223.0 65.0 251.0 54.0 287.0 147.0 Grasp 0
196.0 402.0 152.0 331.0 178.0 315.0 223.0 386.0 Grasp 0
444.0 239.0 359.0 282.0 345.0 253.0 430.0 211.0 Grasp 0
419.0 205.0 373.0 201.0 376.0 169.0 422.0 173.0 Grasp 0
258.0 136.0 238.0 27.0 268.0 22.0 288.0 131.0 Grasp 0
331.0 50.0 285.0 126.0 258.0 109.0 305.0 34.0 Grasp 0
441.0 215.0 374.0 248.0 359.0 219.0 426.0 186.0 Grasp 0
409.0 350.0 340.0 297.0 358.0 273.0 428.0 325.0 Grasp 0
454.0 257.0 368.0 299.0 354.0 271.0 440.0 228.0 Grasp 0
288.0 126.0 252.0 34.0 281.0 23.0 317.0 115.0 Grasp 0
443.0 305.0 356.0 313.0 353.0 282.0 440.0 274.0 Grasp 0
516.0 198.0 508.0 238.0 480.0 233.0 488.0 193.0 Grasp 0
172.0 330.0 156.0 414.0 126.0 409.0 142.0 324.0 Grasp 0
238.0 391.0 191.0 316.0 216.0 300.0 263.0 376.0 Grasp 0
326.0 40.0 273.0 127.0 246.0 110.0 300.0 24.0 Grasp 0
302.0 378.0 213.0 312.0 231.0 288.0 319.0 355.0 Grasp 0
156.0 410.0 105.0 354.0 128.0 334.0 179.0 389.0 Grasp 0
245.0 167.0 208.0 69.0 236.0 58.0 274.0 156.0 Grasp 0
431.0 208.0 372.0 213.0 370.0 181.0 428.0 176.0 Grasp 0
323.0 42.0 263.0 108.0 240.0 87.0 300.0 21.0 Grasp 0
419.0 187.0 391.0 184.0 394.0 152.0 422.0 154.0 Grasp 0
311.0 106.0 242.0 54.0 261.0 29.0 330.0 81.0 Grasp 0
236.0 185.0 193.0 137.0 214.0 118.0 257.0 165.0 Grasp 0
316.0 23.0 316.0 122.0 284.0 122.0 284.0 23.0 Grasp 0
436.0 177.0 362.0 214.0 348.0 184.0 422.0 147.0 Grasp 0
