428.0 260.0 392.0 201.0 416.0 185.0 453.0 244.0 Grasp 0
377.0 128.0 343.0 40.0 370.0 30.0 404.0 118.0 Grasp 0
451.0 253.0 387.0 204.0 404.0 181.0 469.0 230.0 Grasp 0
459.0 295.0 442.0 386.0 414.0 381.0 431.0 290.0 Grasp 0
484.0 301.0 468.0 384.0 439.0 379.0 455.0 295.0 Grasp 0
252.0 138.0 239.0 67.0 267.0 62.0 281.0 133.0 Grasp 0
362.0 130.0 329.0 44.0 356.0 33.0 389.0 120.0 Grasp 0
417.0 113.0 401.0 29.0 430.0 24.0 445.0 108.0 Grasp 0
438.0 111.0 422.0 25.0 450.0 19.0 466.0 106.0 Grasp 0
395.0 117.0 380.0 34.0 408.0 29.0 423.0 112.0 Grasp 0
451.0 292.0 413.0 389.0 386.0 378.0 423.0 281.0 Grasp 0
462.0 236.0 417.0 188.0 439.0 168.0 483.0 217.0 Grasp 0
378.0 120.0 363.0 39.0 391.0 33.0 406.0 115.0 Grasp 0
272.0 59.0 256.0 146.0 228.0 141.0 244.0 54.0 Grasp 0
334.0 266.0 297.0 360.0 269.0 349.0 306.0 255.0 Grasp 0
248.0 333.0 248.0 288.0 279.0 288.0 279.0 333.0 Grasp 0
427.0 112.0 411.0 26.0 439.0 21.0 455.0 107.0 Grasp 0
442.0 247.0 416.0 180.0 444.0 169.0 470.0 236.0 Grasp 0
450.0 109.0 434.0 24.0 462.0 19.0 478.0 104.0 Grasp 0
455.0 257.0 363.0 212.0 376.0 185.0 468.0 231.0 Grasp 0
285.0 54.0 268.0 146.0 240.0 141.0 257.0 49.0 Grasp 0
253.0 66.0 253.0 140.0 224.0 140.0 224.0 66.0 Grasp 0
316.0 50.0 252.0 154.0 227.0 139.0 292.0 35.0 Grasp 0
290.0 365.0 269.0 257.0 299.0 252.0 319.0 360.0 Grasp 0
366.0 139.0 288.0 54.0 309.0 34.0 387.0 120.0 Grasp 0
433.0 268.0 362.0 214.0 379.0 191.0 451.0 245.0 Grasp 0
509.0 312.0 478.0 391.0 451.0 380.0 482.0 302.0 Grasp 0
495.0 298.0 495.0 387.0 466.0 387.0 466.0 298.0 Grasp 0
288.0 299.0 276.0 332.0 247.0 321.0 260.0 288.0 Grasp 0
