615.0 300.0 536.0 322.0 528.0 294.0 606.0 271.0 Grasp 0
604.0 290.0 537.0 284.0 540.0 254.0 607.0 260.0 Grasp 0
491.0 300.0 416.0 307.0 413.0 277.0 488.0 270.0 Grasp 0
614.0 253.0 538.0 275.0 530.0 246.0 606.0 224.0 Grasp 0
617.0 287.0 535.0 310.0 526.0 282.0 609.0 258.0 Grasp 0
604.0 323.0 537.0 329.0 535.0 299.0 601.0 293.0 Grasp 0
268.0 156.0 229.0 220.0 205.0 204.0 244.0 141.0 Grasp 0
297.0 152.0 230.0 226.0 209.0 206.0 276.0 133.0 Grasp 0
415.0 184.0 397.0 88.0 426.0 83.0 444.0 179.0 Grasp 0
602.0 317.0 534.0 310.0 537.0 281.0 604.0 287.0 Grasp 0
431.0 229.0 415.0 270.0 389.0 260.0 405.0 219.0 Grasp 0
616.0 274.0 536.0 296.0 528.0 267.0 608.0 245.0 Grasp 0
479.0 297.0 422.0 281.0 430.0 253.0 487.0 269.0 Grasp 0
625.0 263.0 538.0 329.0 520.0 304.0 607.0 239.0 Grasp 0
464.0 315.0 424.0 212.0 452.0 202.0 491.0 304.0 Grasp 0
502.0 279.0 420.0 286.0 418.0 257.0 499.0 250.0 Grasp 0
600.0 282.0 539.0 265.0 547.0 236.0 608.0 253.0 Grasp 0
590.0 126.0 555.0 35.0 581.0 25.0 617.0 116.0 Grasp 0
603.0 300.0 536.0 294.0 538.0 264.0 606.0 270.0 Grasp 0
618.0 222.0 538.0 263.0 524.0 236.0 605.0 196.0 Grasp 0
339.0 341.0 293.0 337.0 295.0 308.0 341.0 312.0 Grasp 0
535.0 34.0 446.0 42.0 444.0 14.0 533.0 5.0 Grasp 0
494.0 260.0 436.0 216.0 453.0 192.0 512.0 237.0 Grasp 0
616.0 234.0 538.0 272.0 525.0 246.0 603.0 207.0 Grasp 0
473.0 302.0 420.0 244.0 442.0 225.0 495.0 283.0 Grasp 0
371.0 291.0 319.0 296.0 316.0 267.0 369.0 262.0 Grasp 0
465.0 314.0 415.0 260.0 436.0 240.0 486.0 295.0 Grasp 0
481.0 288.0 426.0 228.0 448.0 209.0 502.0 269.0 Grasp 0
467.0 315.0 418.0 301.0 426.0 273.0 475.0 286.0 Grasp 0
614.0 311.0 547.0 344.0 533.0 317.0 600.0 284.0 Grasp 0
303.0 371.0 280.0 346.0 302.0 326.0 325.0 351.0 Grasp 0
599.0 54.0 564.0 28.0 581.0 5.0 616.0 31.0 Grasp 0
