369.0 321.0 340.0 353.0 319.0 333.0 347.0 302.0 Grasp 0
296.0 237.0 237.0 254.0 229.0 225.0 288.0 209.0 Grasp 0
328.0 204.0 287.0 192.0 295.0 165.0 336.0 176.0 Grasp 0
303.0 265.0 240.0 260.0 242.0 230.0 306.0 236.0 Grasp 0
283.0 259.0 223.0 265.0 220.0 236.0 281.0 230.0 Grasp 0
299.0 243.0 242.0 226.0 250.0 198.0 308.0 214.0 Grasp 0
331.0 179.0 289.0 175.0 292.0 147.0 334.0 151.0 Grasp 0
331.0 229.0 297.0 204.0 314.0 181.0 348.0 207.0 Grasp 0
304.0 232.0 244.0 238.0 241.0 208.0 301.0 203.0 Grasp 0
289.0 226.0 232.0 243.0 224.0 214.0 281.0 198.0 Grasp 0
355.0 335.0 332.0 360.0 311.0 341.0 334.0 316.0 Grasp 0
300.0 227.0 241.0 221.0 244.0 191.0 303.0 196.0 Grasp 0
324.0 217.0 286.0 198.0 299.0 172.0 337.0 191.0 Grasp 0
286.0 216.0 229.0 221.0 227.0 192.0 283.0 186.0 Grasp 0
320.0 235.0 286.0 209.0 303.0 186.0 337.0 212.0 Grasp 0
328.0 194.0 288.0 182.0 296.0 155.0 335.0 167.0 Grasp 0
348.0 336.0 313.0 363.0 296.0 340.0 331.0 313.0 Grasp 0
339.0 268.0 233.0 277.0 230.0 249.0 337.0 239.0 Grasp 0
302.0 249.0 240.0 243.0 243.0 213.0 305.0 219.0 Grasp 0
335.0 217.0 296.0 198.0 309.0 172.0 348.0 191.0 Grasp 0
356.0 310.0 334.0 346.0 310.0 331.0 332.0 295.0 Grasp 0
335.0 206.0 297.0 187.0 309.0 161.0 348.0 180.0 Grasp 0
348.0 316.0 318.0 348.0 297.0 329.0 327.0 296.0 Grasp 0
351.0 299.0 328.0 336.0 304.0 321.0 327.0 284.0 Grasp 0
339.0 188.0 298.0 176.0 306.0 148.0 346.0 160.0 Grasp 0
