549.0 180.0 481.0 231.0 463.0 208.0 531.0 157.0 Grasp 0
350.0 370.0 295.0 355.0 304.0 325.0 359.0 341.0 Grasp 0
258.0 314.0 179.0 275.0 192.0 248.0 271.0 288.0 Grasp 0
374.0 285.0 303.0 321.0 289.0 293.0 360.0 257.0 Grasp 0
249.0 369.0 184.0 337.0 198.0 310.0 262.0 342.0 Grasp 0
257.0 319.0 184.0 298.0 192.0 269.0 265.0 290.0 Grasp 0
255.0 346.0 174.0 285.0 192.0 261.0 273.0 322.0 Grasp 0
251.0 309.0 178.0 229.0 200.0 209.0 273.0 289.0 Grasp 0
359.0 97.0 277.0 138.0 264.0 111.0 346.0 71.0 Grasp 0
352.0 365.0 290.0 334.0 304.0 307.0 365.0 337.0 Grasp 0
355.0 91.0 247.0 81.0 249.0 52.0 358.0 62.0 Grasp 0
251.0 366.0 178.0 311.0 196.0 288.0 268.0 342.0 Grasp 0
353.0 79.0 266.0 104.0 258.0 75.0 345.0 51.0 Grasp 0
555.0 170.0 509.0 245.0 484.0 230.0 530.0 155.0 Grasp 0
374.0 297.0 308.0 370.0 285.0 349.0 352.0 276.0 Grasp 0
257.0 301.0 181.0 263.0 194.0 237.0 270.0 274.0 Grasp 0
379.0 288.0 302.0 346.0 283.0 322.0 360.0 264.0 Grasp 0
544.0 156.0 471.0 212.0 454.0 189.0 527.0 133.0 Grasp 0
542.0 155.0 493.0 235.0 468.0 220.0 518.0 139.0 Grasp 0
255.0 357.0 190.0 351.0 193.0 321.0 258.0 327.0 Grasp 0
257.0 336.0 190.0 330.0 193.0 300.0 259.0 306.0 Grasp 0
257.0 325.0 191.0 319.0 193.0 290.0 259.0 296.0 Grasp 0
255.0 335.0 174.0 274.0 192.0 250.0 273.0 311.0 Grasp 0
343.0 377.0 295.0 341.0 313.0 316.0 361.0 353.0 Grasp 0
