259.0 251.0 259.0 330.0 230.0 330.0 230.0 251.0 Grasp 0
553.0 431.0 531.0 467.0 507.0 452.0 529.0 416.0 Grasp 0
234.0 253.0 220.0 327.0 192.0 322.0 206.0 248.0 Grasp 0
442.0 221.0 375.0 272.0 357.0 249.0 425.0 197.0 Grasp 0
540.0 51.0 514.0 117.0 487.0 107.0 512.0 40.0 Grasp 0
504.0 32.0 468.0 89.0 443.0 74.0 478.0 17.0 Grasp 0
290.0 267.0 261.0 341.0 234.0 331.0 262.0 257.0 Grasp 0
468.0 307.0 402.0 313.0 400.0 284.0 466.0 278.0 Grasp 0
524.0 46.0 488.0 103.0 463.0 87.0 499.0 30.0 Grasp 0
457.0 268.0 411.0 302.0 394.0 279.0 440.0 244.0 Grasp 0
422.0 484.0 365.0 500.0 358.0 473.0 414.0 457.0 Grasp 0
460.0 279.0 417.0 312.0 399.0 289.0 442.0 256.0 Grasp 0
416.0 175.0 347.0 227.0 329.0 204.0 399.0 151.0 Grasp 0
380.0 110.0 309.0 163.0 291.0 139.0 362.0 86.0 Grasp 0
429.0 197.0 361.0 248.0 343.0 225.0 411.0 173.0 Grasp 0
483.0 391.0 474.0 439.0 446.0 434.0 455.0 386.0 Grasp 0
433.0 208.0 342.0 234.0 334.0 206.0 425.0 180.0 Grasp 0
480.0 18.0 446.0 74.0 421.0 58.0 455.0 2.0 Grasp 0
495.0 26.0 460.0 84.0 435.0 68.0 470.0 11.0 Grasp 0
310.0 472.0 278.0 388.0 305.0 377.0 337.0 461.0 Grasp 0
273.0 469.0 246.0 398.0 273.0 388.0 300.0 459.0 Grasp 0
424.0 442.0 389.0 351.0 416.0 341.0 452.0 432.0 Grasp 0
302.0 271.0 275.0 342.0 247.0 331.0 274.0 260.0 Grasp 0
585.0 94.0 557.0 138.0 532.0 123.0 560.0 78.0 Grasp 0
254.0 256.0 222.0 337.0 195.0 326.0 227.0 245.0 Grasp 0
538.0 425.0 518.0 457.0 493.0 442.0 513.0 410.0 Grasp 0
521.0 415.0 498.0 452.0 473.0 436.0 496.0 399.0 Grasp 0
423.0 177.0 360.0 247.0 338.0 227.0 402.0 157.0 Grasp 0
556.0 73.0 524.0 124.0 500.0 109.0 531.0 57.0 Grasp 0
573.0 84.0 527.0 135.0 505.0 115.0 551.0 64.0 Grasp 0
270.0 255.0 270.0 330.0 241.0 330.0 241.0 255.0 Grasp 0
453.0 369.0 441.0 434.0 412.0 428.0 424.0 364.0 Grasp 0
458.0 285.0 389.0 305.0 381.0 277.0 450.0 257.0 Grasp 0
467.0 316.0 415.0 320.0 413.0 292.0 464.0 287.0 Grasp 0
444.0 259.0 386.0 288.0 373.0 262.0 430.0 233.0 Grasp 0
248.0 248.0 248.0 331.0 219.0 331.0 219.0 248.0 Grasp 0
541.0 59.0 494.0 111.0 472.0 91.0 520.0 39.0 Grasp 0
494.0 402.0 479.0 442.0 452.0 431.0 467.0 392.0 Grasp 0
292.0 390.0 292.0 465.0 263.0 465.0 263.0 390.0 Grasp 0
298.0 264.0 298.0 331.0 269.0 331.0 269.0 264.0 Grasp 0
433.0 195.0 371.0 263.0 349.0 244.0 412.0 175.0 Grasp 0
541.0 413.0 531.0 466.0 502.0 461.0 512.0 408.0 Grasp 0
468.0 369.0 468.0 434.0 440.0 434.0 440.0 369.0 Grasp 0
561.0 437.0 539.0 472.0 515.0 457.0 537.0 422.0 Grasp 0
411.0 166.0 342.0 218.0 324.0 195.0 394.0 142.0 Grasp 0
515.0 40.0 480.0 97.0 455.0 81.0 490.0 25.0 Grasp 0
420.0 186.0 329.0 212.0 321.0 184.0 412.0 158.0 Grasp 0
428.0 482.0 351.0 489.0 349.0 460.0 426.0 453.0 Grasp 0
457.0 447.0 443.0 373.0 471.0 367.0 485.0 442.0 Grasp 0
531.0 417.0 506.0 458.0 481.0 442.0 506.0 402.0 Grasp 0
445.0 438.0 411.0 350.0 438.0 340.0 472.0 428.0 Grasp 0
472.0 454.0 460.0 390.0 489.0 384.0 501.0 449.0 Grasp 0
565.0 66.0 540.0 131.0 512.0 120.0 537.0 56.0 Grasp 0
409.0 440.0 371.0 341.0 398.0 331.0 436.0 429.0 Grasp 0
423.0 430.0 408.0 350.0 436.0 345.0 451.0 424.0 Grasp 0
463.0 244.0 411.0 301.0 389.0 281.0 441.0 224.0 Grasp 0
463.0 388.0 444.0 435.0 417.0 425.0 436.0 377.0 Grasp 0
446.0 229.0 395.0 285.0 373.0 266.0 425.0 209.0 Grasp 0
