275.0 44.0 256.0 58.0 238.0 35.0 257.0 21.0 Grasp 0
501.0 253.0 489.0 284.0 462.0 274.0 474.0 243.0 Grasp 0
497.0 112.0 433.0 63.0 451.0 39.0 516.0 88.0 Grasp 0
261.0 17.0 226.0 73.0 202.0 58.0 236.0 2.0 Grasp 0
397.0 96.0 397.0 151.0 367.0 151.0 367.0 96.0 Grasp 0
490.0 55.0 490.0 135.0 460.0 135.0 460.0 55.0 Grasp 0
491.0 116.0 421.0 81.0 435.0 54.0 505.0 89.0 Grasp 0
280.0 60.0 258.0 71.0 245.0 44.0 267.0 33.0 Grasp 0
286.0 28.0 242.0 76.0 221.0 57.0 265.0 9.0 Grasp 0
409.0 240.0 409.0 320.0 380.0 320.0 380.0 240.0 Grasp 0
434.0 267.0 408.0 335.0 381.0 324.0 407.0 256.0 Grasp 0
451.0 133.0 438.0 60.0 468.0 54.0 482.0 128.0 Grasp 0
404.0 304.0 377.0 235.0 404.0 224.0 431.0 294.0 Grasp 0
500.0 237.0 488.0 268.0 462.0 258.0 474.0 227.0 Grasp 0
255.0 21.0 245.0 38.0 221.0 23.0 231.0 6.0 Grasp 0
489.0 244.0 478.0 272.0 452.0 262.0 463.0 233.0 Grasp 0
477.0 70.0 407.0 63.0 409.0 33.0 480.0 40.0 Grasp 0
407.0 118.0 407.0 171.0 378.0 171.0 378.0 118.0 Grasp 0
497.0 85.0 419.0 93.0 417.0 62.0 495.0 55.0 Grasp 0
500.0 49.0 426.0 56.0 423.0 27.0 498.0 20.0 Grasp 0
489.0 231.0 477.0 263.0 450.0 253.0 463.0 221.0 Grasp 0
492.0 59.0 415.0 37.0 424.0 8.0 500.0 30.0 Grasp 0
269.0 44.0 245.0 70.0 221.0 48.0 245.0 22.0 Grasp 0
299.0 54.0 270.0 62.0 261.0 30.0 290.0 22.0 Grasp 0
265.0 41.0 251.0 56.0 230.0 37.0 243.0 22.0 Grasp 0
470.0 135.0 440.0 56.0 468.0 45.0 498.0 124.0 Grasp 0
503.0 54.0 503.0 135.0 472.0 135.0 472.0 54.0 Grasp 0
424.0 237.0 424.0 312.0 394.0 312.0 394.0 237.0 Grasp 0
392.0 120.0 363.0 167.0 338.0 151.0 367.0 105.0 Grasp 0
284.0 32.0 263.0 47.0 244.0 22.0 265.0 7.0 Grasp 0
483.0 145.0 452.0 66.0 481.0 55.0 512.0 134.0 Grasp 0
268.0 32.0 233.0 89.0 208.0 74.0 244.0 17.0 Grasp 0
265.0 31.0 243.0 48.0 224.0 22.0 246.0 5.0 Grasp 0
464.0 176.0 427.0 195.0 414.0 169.0 452.0 150.0 Grasp 0
485.0 136.0 419.0 104.0 432.0 76.0 498.0 109.0 Grasp 0
466.0 129.0 414.0 73.0 437.0 52.0 489.0 109.0 Grasp 0
259.0 28.0 247.0 47.0 222.0 32.0 234.0 12.0 Grasp 0
496.0 99.0 421.0 78.0 429.0 48.0 505.0 70.0 Grasp 0
515.0 256.0 505.0 281.0 478.0 271.0 488.0 245.0 Grasp 0
485.0 36.0 418.0 69.0 405.0 43.0 472.0 10.0 Grasp 0
374.0 316.0 360.0 238.0 388.0 233.0 403.0 311.0 Grasp 0
412.0 106.0 412.0 161.0 383.0 161.0 383.0 106.0 Grasp 0
377.0 111.0 358.0 160.0 331.0 150.0 350.0 101.0 Grasp 0
517.0 102.0 441.0 80.0 449.0 50.0 526.0 72.0 Grasp 0
288.0 47.0 263.0 59.0 249.0 31.0 274.0 18.0 Grasp 0
489.0 124.0 448.0 58.0 474.0 42.0 515.0 108.0 Grasp 0
526.0 256.0 516.0 281.0 490.0 270.0 499.0 246.0 Grasp 0
531.0 263.0 522.0 285.0 496.0 274.0 504.0 253.0 Grasp 0
228.0 364.0 195.0 311.0 220.0 295.0 253.0 349.0 Grasp 0
367.0 309.0 336.0 229.0 364.0 218.0 395.0 299.0 Grasp 0
258.0 55.0 245.0 68.0 224.0 49.0 236.0 35.0 Grasp 0
289.0 60.0 270.0 69.0 257.0 43.0 276.0 33.0 Grasp 0
503.0 89.0 431.0 125.0 417.0 97.0 489.0 62.0 Grasp 0
