349.0 332.0 323.0 264.0 351.0 253.0 378.0 322.0 Grasp 0
402.0 251.0 402.0 327.0 371.0 327.0 371.0 251.0 Grasp 0
388.0 255.0 388.0 334.0 357.0 334.0 357.0 255.0 Grasp 0
394.0 128.0 335.0 99.0 348.0 72.0 408.0 102.0 Grasp 0
414.0 240.0 414.0 315.0 382.0 315.0 382.0 240.0 Grasp 0
403.0 112.0 347.0 84.0 360.0 58.0 416.0 85.0 Grasp 0
265.0 90.0 220.0 161.0 196.0 145.0 240.0 74.0 Grasp 0
374.0 129.0 320.0 89.0 338.0 65.0 392.0 105.0 Grasp 0
427.0 240.0 427.0 316.0 395.0 316.0 395.0 240.0 Grasp 0
434.0 254.0 434.0 327.0 402.0 327.0 402.0 254.0 Grasp 0
446.0 244.0 446.0 313.0 414.0 313.0 414.0 244.0 Grasp 0
418.0 56.0 366.0 30.0 379.0 4.0 431.0 29.0 Grasp 0
373.0 107.0 314.0 78.0 328.0 51.0 387.0 80.0 Grasp 0
403.0 64.0 347.0 59.0 350.0 29.0 406.0 35.0 Grasp 0
411.0 81.0 355.0 65.0 363.0 37.0 419.0 53.0 Grasp 0
378.0 244.0 365.0 314.0 335.0 309.0 348.0 238.0 Grasp 0
250.0 93.0 250.0 180.0 221.0 180.0 221.0 93.0 Grasp 0
361.0 145.0 316.0 96.0 338.0 75.0 383.0 125.0 Grasp 0
363.0 167.0 315.0 114.0 337.0 94.0 386.0 147.0 Grasp 0
398.0 77.0 349.0 82.0 346.0 52.0 396.0 47.0 Grasp 0
247.0 90.0 232.0 173.0 203.0 168.0 219.0 85.0 Grasp 0
428.0 307.0 403.0 243.0 434.0 232.0 458.0 295.0 Grasp 0
405.0 308.0 377.0 236.0 407.0 225.0 435.0 296.0 Grasp 0
384.0 115.0 320.0 97.0 328.0 67.0 392.0 86.0 Grasp 0
367.0 314.0 353.0 236.0 384.0 230.0 398.0 308.0 Grasp 0
396.0 96.0 338.0 79.0 346.0 51.0 404.0 68.0 Grasp 0
397.0 90.0 343.0 62.0 356.0 36.0 410.0 63.0 Grasp 0
384.0 306.0 364.0 254.0 395.0 242.0 415.0 293.0 Grasp 0
292.0 94.0 261.0 175.0 234.0 164.0 265.0 83.0 Grasp 0
399.0 52.0 346.0 37.0 354.0 9.0 407.0 24.0 Grasp 0
399.0 72.0 351.0 48.0 365.0 22.0 412.0 46.0 Grasp 0
274.0 89.0 259.0 174.0 230.0 169.0 246.0 84.0 Grasp 0
394.0 116.0 336.0 87.0 349.0 61.0 407.0 90.0 Grasp 0
362.0 128.0 303.0 98.0 316.0 72.0 375.0 101.0 Grasp 0
410.0 75.0 371.0 46.0 389.0 22.0 427.0 52.0 Grasp 0
389.0 140.0 342.0 116.0 355.0 90.0 402.0 113.0 Grasp 0
304.0 111.0 258.0 185.0 233.0 170.0 279.0 96.0 Grasp 0
415.0 308.0 387.0 236.0 417.0 224.0 445.0 297.0 Grasp 0
377.0 256.0 377.0 331.0 347.0 331.0 347.0 256.0 Grasp 0
416.0 64.0 361.0 48.0 369.0 20.0 424.0 36.0 Grasp 0
401.0 107.0 356.0 111.0 353.0 82.0 398.0 78.0 Grasp 0
407.0 92.0 359.0 96.0 356.0 67.0 405.0 63.0 Grasp 0
360.0 326.0 318.0 279.0 340.0 259.0 383.0 306.0 Grasp 0
361.0 316.0 334.0 248.0 363.0 237.0 389.0 305.0 Grasp 0
