244.0 346.0 195.0 292.0 217.0 273.0 266.0 326.0 Grasp 0
470.0 323.0 450.0 375.0 423.0 365.0 443.0 313.0 Grasp 0
439.0 236.0 357.0 196.0 371.0 168.0 453.0 209.0 Grasp 0
282.0 120.0 242.0 18.0 270.0 8.0 309.0 109.0 Grasp 0
256.0 326.0 193.0 278.0 210.0 255.0 273.0 303.0 Grasp 0
228.0 127.0 210.0 27.0 238.0 21.0 257.0 121.0 Grasp 0
311.0 19.0 311.0 110.0 282.0 110.0 282.0 19.0 Grasp 0
427.0 285.0 347.0 225.0 367.0 199.0 447.0 259.0 Grasp 0
438.0 256.0 352.0 213.0 366.0 185.0 452.0 228.0 Grasp 0
301.0 16.0 301.0 113.0 271.0 113.0 271.0 16.0 Grasp 0
429.0 297.0 345.0 289.0 348.0 256.0 432.0 264.0 Grasp 0
463.0 323.0 428.0 379.0 404.0 364.0 439.0 308.0 Grasp 0
427.0 179.0 427.0 306.0 394.0 306.0 394.0 179.0 Grasp 0
489.0 325.0 470.0 374.0 443.0 363.0 462.0 314.0 Grasp 0
256.0 323.0 189.0 250.0 211.0 231.0 277.0 304.0 Grasp 0
260.0 119.0 241.0 20.0 270.0 14.0 289.0 114.0 Grasp 0
301.0 20.0 258.0 132.0 230.0 122.0 274.0 10.0 Grasp 0
455.0 324.0 401.0 382.0 380.0 363.0 434.0 304.0 Grasp 0
367.0 301.0 352.0 221.0 384.0 215.0 399.0 295.0 Grasp 0
