441.0 411.0 409.0 420.0 401.0 392.0 433.0 382.0 Grasp 0
251.0 36.0 225.0 50.0 212.0 23.0 238.0 10.0 Grasp 0
251.0 199.0 219.0 117.0 249.0 105.0 281.0 187.0 Grasp 0
307.0 203.0 273.0 116.0 303.0 104.0 336.0 191.0 Grasp 0
374.0 178.0 357.0 89.0 388.0 83.0 405.0 173.0 Grasp 0
354.0 197.0 320.0 111.0 350.0 99.0 384.0 186.0 Grasp 0
417.0 158.0 387.0 80.0 416.0 68.0 447.0 147.0 Grasp 0
254.0 29.0 232.0 53.0 211.0 33.0 233.0 10.0 Grasp 0
464.0 370.0 440.0 382.0 426.0 354.0 450.0 342.0 Grasp 0
343.0 196.0 308.0 108.0 339.0 96.0 373.0 185.0 Grasp 0
239.0 199.0 208.0 118.0 238.0 106.0 269.0 187.0 Grasp 0
291.0 212.0 243.0 135.0 270.0 118.0 318.0 195.0 Grasp 0
526.0 250.0 471.0 292.0 453.0 268.0 508.0 226.0 Grasp 0
442.0 432.0 409.0 435.0 406.0 406.0 439.0 403.0 Grasp 0
263.0 211.0 231.0 129.0 261.0 117.0 293.0 199.0 Grasp 0
374.0 95.0 374.0 188.0 342.0 188.0 342.0 95.0 Grasp 0
330.0 186.0 297.0 98.0 326.0 87.0 360.0 174.0 Grasp 0
503.0 241.0 455.0 227.0 463.0 198.0 511.0 211.0 Grasp 0
428.0 459.0 397.0 456.0 400.0 427.0 431.0 430.0 Grasp 0
425.0 162.0 411.0 83.0 442.0 77.0 456.0 156.0 Grasp 0
352.0 56.0 322.0 53.0 325.0 24.0 354.0 27.0 Grasp 0
423.0 438.0 389.0 435.0 391.0 407.0 425.0 410.0 Grasp 0
275.0 68.0 248.0 89.0 231.0 66.0 258.0 45.0 Grasp 0
423.0 450.0 392.0 441.0 400.0 413.0 431.0 422.0 Grasp 0
391.0 166.0 344.0 89.0 371.0 73.0 418.0 149.0 Grasp 0
445.0 403.0 413.0 412.0 405.0 384.0 437.0 375.0 Grasp 0
464.0 378.0 439.0 390.0 425.0 363.0 451.0 351.0 Grasp 0
393.0 165.0 362.0 85.0 392.0 74.0 423.0 154.0 Grasp 0
312.0 184.0 278.0 96.0 309.0 84.0 343.0 172.0 Grasp 0
451.0 387.0 428.0 398.0 415.0 371.0 438.0 360.0 Grasp 0
269.0 57.0 246.0 82.0 225.0 63.0 248.0 37.0 Grasp 0
295.0 191.0 261.0 104.0 291.0 93.0 325.0 180.0 Grasp 0
363.0 190.0 346.0 100.0 377.0 94.0 394.0 184.0 Grasp 0
529.0 196.0 485.0 200.0 482.0 167.0 526.0 163.0 Grasp 0
256.0 352.0 234.0 335.0 251.0 312.0 273.0 329.0 Grasp 0
238.0 221.0 209.0 144.0 239.0 132.0 269.0 209.0 Grasp 0
504.0 286.0 486.0 295.0 472.0 267.0 490.0 258.0 Grasp 0
410.0 466.0 385.0 459.0 393.0 431.0 418.0 438.0 Grasp 0
519.0 301.0 502.0 306.0 493.0 276.0 511.0 271.0 Grasp 0
529.0 159.0 452.0 102.0 470.0 78.0 546.0 136.0 Grasp 0
432.0 427.0 401.0 430.0 398.0 401.0 429.0 398.0 Grasp 0
497.0 255.0 483.0 245.0 503.0 218.0 517.0 228.0 Grasp 0
269.0 92.0 241.0 113.0 224.0 89.0 251.0 68.0 Grasp 0
443.0 365.0 430.0 345.0 456.0 329.0 468.0 349.0 Grasp 0
458.0 389.0 434.0 401.0 421.0 374.0 445.0 362.0 Grasp 0
248.0 48.0 223.0 67.0 205.0 44.0 231.0 25.0 Grasp 0
337.0 61.0 310.0 54.0 318.0 27.0 344.0 34.0 Grasp 0
402.0 182.0 386.0 99.0 417.0 93.0 433.0 176.0 Grasp 0
266.0 222.0 220.0 148.0 247.0 131.0 293.0 205.0 Grasp 0
497.0 255.0 455.0 234.0 469.0 206.0 511.0 228.0 Grasp 0
268.0 76.0 245.0 102.0 224.0 82.0 247.0 56.0 Grasp 0
509.0 99.0 463.0 174.0 438.0 158.0 484.0 84.0 Grasp 0
257.0 43.0 229.0 57.0 217.0 31.0 244.0 18.0 Grasp 0
325.0 203.0 291.0 115.0 320.0 104.0 354.0 192.0 Grasp 0
366.0 167.0 332.0 80.0 362.0 69.0 396.0 155.0 Grasp 0
435.0 149.0 393.0 81.0 420.0 64.0 462.0 132.0 Grasp 0
297.0 200.0 248.0 120.0 275.0 103.0 325.0 183.0 Grasp 0
493.0 82.0 461.0 164.0 434.0 153.0 465.0 72.0 Grasp 0
264.0 195.0 231.0 110.0 261.0 99.0 294.0 183.0 Grasp 0
435.0 86.0 435.0 167.0 403.0 167.0 403.0 86.0 Grasp 0
