241.0 296.0 186.0 208.0 212.0 191.0 267.0 280.0 Grasp 0
262.0 210.0 212.0 291.0 185.0 275.0 236.0 193.0 Grasp 0
245.0 336.0 170.0 279.0 188.0 254.0 264.0 311.0 Grasp 0
438.0 94.0 394.0 81.0 402.0 54.0 446.0 66.0 Grasp 0
342.0 92.0 316.0 133.0 291.0 117.0 317.0 76.0 Grasp 0
244.0 336.0 182.0 305.0 196.0 277.0 258.0 308.0 Grasp 0
271.0 216.0 211.0 314.0 185.0 297.0 245.0 200.0 Grasp 0
469.0 63.0 469.0 198.0 440.0 198.0 440.0 63.0 Grasp 0
457.0 74.0 410.0 60.0 418.0 33.0 465.0 47.0 Grasp 0
584.0 160.0 527.0 117.0 544.0 94.0 601.0 138.0 Grasp 0
467.0 55.0 435.0 31.0 452.0 8.0 484.0 32.0 Grasp 0
436.0 68.0 420.0 51.0 441.0 32.0 457.0 49.0 Grasp 0
587.0 166.0 492.0 118.0 505.0 92.0 600.0 140.0 Grasp 0
388.0 120.0 317.0 140.0 309.0 111.0 380.0 91.0 Grasp 0
244.0 351.0 188.0 336.0 197.0 306.0 252.0 322.0 Grasp 0
449.0 70.0 418.0 47.0 436.0 24.0 466.0 48.0 Grasp 0
487.0 46.0 437.0 32.0 445.0 4.0 495.0 19.0 Grasp 0
