248.0 230.0 211.0 248.0 197.0 221.0 234.0 203.0 Grasp 0
296.0 32.0 264.0 42.0 255.0 13.0 288.0 4.0 Grasp 0
235.0 184.0 195.0 141.0 218.0 120.0 257.0 163.0 Grasp 0
285.0 253.0 278.0 293.0 248.0 287.0 256.0 247.0 Grasp 0
248.0 202.0 211.0 161.0 232.0 141.0 270.0 182.0 Grasp 0
300.0 50.0 270.0 73.0 251.0 48.0 281.0 26.0 Grasp 0
245.0 173.0 224.0 119.0 252.0 108.0 274.0 162.0 Grasp 0
562.0 171.0 545.0 158.0 563.0 133.0 580.0 147.0 Grasp 0
546.0 202.0 480.0 251.0 462.0 228.0 528.0 178.0 Grasp 0
313.0 43.0 282.0 66.0 263.0 42.0 294.0 18.0 Grasp 0
592.0 326.0 568.0 365.0 543.0 350.0 567.0 311.0 Grasp 0
365.0 187.0 339.0 200.0 325.0 173.0 351.0 160.0 Grasp 0
302.0 70.0 274.0 92.0 256.0 68.0 284.0 47.0 Grasp 0
274.0 253.0 267.0 292.0 238.0 286.0 245.0 248.0 Grasp 0
243.0 248.0 213.0 271.0 195.0 247.0 226.0 224.0 Grasp 0
237.0 234.0 194.0 246.0 185.0 217.0 229.0 205.0 Grasp 0
430.0 306.0 425.0 282.0 454.0 276.0 459.0 300.0 Grasp 0
313.0 53.0 283.0 75.0 264.0 51.0 295.0 28.0 Grasp 0
598.0 331.0 561.0 358.0 543.0 334.0 579.0 307.0 Grasp 0
307.0 34.0 278.0 56.0 260.0 32.0 289.0 11.0 Grasp 0
234.0 195.0 183.0 170.0 196.0 142.0 247.0 168.0 Grasp 0
