397.0 290.0 308.0 334.0 294.0 307.0 384.0 262.0 Grasp 0
304.0 138.0 285.0 241.0 256.0 236.0 276.0 133.0 Grasp 0
580.0 224.0 527.0 309.0 502.0 293.0 555.0 209.0 Grasp 0
602.0 244.0 570.0 326.0 543.0 315.0 574.0 233.0 Grasp 0
591.0 233.0 556.0 323.0 529.0 312.0 564.0 222.0 Grasp 0
260.0 131.0 232.0 204.0 205.0 193.0 233.0 121.0 Grasp 0
302.0 144.0 269.0 228.0 242.0 217.0 275.0 133.0 Grasp 0
279.0 137.0 248.0 215.0 221.0 204.0 251.0 126.0 Grasp 0
589.0 235.0 504.0 298.0 487.0 275.0 571.0 211.0 Grasp 0
399.0 286.0 337.0 354.0 314.0 334.0 377.0 265.0 Grasp 0
409.0 298.0 313.0 346.0 299.0 318.0 395.0 270.0 Grasp 0
346.0 367.0 325.0 255.0 356.0 249.0 377.0 362.0 Grasp 0
609.0 262.0 536.0 318.0 518.0 294.0 592.0 239.0 Grasp 0
546.0 190.0 512.0 101.0 539.0 90.0 573.0 179.0 Grasp 0
408.0 296.0 346.0 363.0 324.0 343.0 385.0 275.0 Grasp 0
242.0 122.0 242.0 206.0 213.0 206.0 213.0 122.0 Grasp 0
389.0 277.0 327.0 346.0 304.0 325.0 366.0 257.0 Grasp 0
401.0 281.0 367.0 369.0 338.0 358.0 372.0 270.0 Grasp 0
409.0 330.0 294.0 319.0 297.0 289.0 412.0 299.0 Grasp 0
600.0 246.0 535.0 317.0 514.0 297.0 578.0 226.0 Grasp 0
