441.0 142.0 394.0 193.0 373.0 173.0 419.0 122.0 Grasp 0
423.0 132.0 390.0 185.0 366.0 170.0 399.0 117.0 Grasp 0
311.0 301.0 281.0 251.0 305.0 236.0 336.0 286.0 Grasp 0
276.0 311.0 246.0 262.0 270.0 247.0 301.0 296.0 Grasp 0
369.0 285.0 324.0 236.0 345.0 217.0 390.0 266.0 Grasp 0
424.0 223.0 405.0 123.0 433.0 118.0 452.0 218.0 Grasp 0
480.0 158.0 454.0 224.0 428.0 213.0 453.0 147.0 Grasp 0
465.0 143.0 451.0 221.0 422.0 215.0 437.0 138.0 Grasp 0
372.0 273.0 353.0 225.0 380.0 215.0 398.0 263.0 Grasp 0
291.0 307.0 260.0 257.0 284.0 242.0 315.0 292.0 Grasp 0
234.0 322.0 208.0 279.0 232.0 264.0 258.0 307.0 Grasp 0
462.0 148.0 394.0 199.0 377.0 176.0 444.0 125.0 Grasp 0
329.0 294.0 299.0 244.0 323.0 229.0 354.0 279.0 Grasp 0
481.0 175.0 384.0 202.0 377.0 175.0 473.0 147.0 Grasp 0
248.0 321.0 217.0 272.0 242.0 257.0 272.0 306.0 Grasp 0
396.0 118.0 378.0 163.0 352.0 153.0 369.0 108.0 Grasp 0
369.0 280.0 338.0 230.0 362.0 215.0 393.0 265.0 Grasp 0
385.0 276.0 342.0 230.0 363.0 210.0 406.0 257.0 Grasp 0
419.0 131.0 382.0 172.0 361.0 153.0 398.0 112.0 Grasp 0
431.0 141.0 381.0 178.0 364.0 155.0 414.0 118.0 Grasp 0
391.0 266.0 359.0 232.0 380.0 212.0 412.0 247.0 Grasp 0
321.0 296.0 290.0 247.0 314.0 232.0 345.0 281.0 Grasp 0
384.0 117.0 365.0 148.0 341.0 132.0 360.0 102.0 Grasp 0
351.0 286.0 320.0 237.0 344.0 222.0 375.0 271.0 Grasp 0
350.0 279.0 333.0 234.0 360.0 224.0 377.0 269.0 Grasp 0
334.0 285.0 316.0 240.0 343.0 229.0 360.0 274.0 Grasp 0
302.0 303.0 272.0 254.0 296.0 239.0 326.0 288.0 Grasp 0
264.0 316.0 234.0 267.0 258.0 251.0 289.0 301.0 Grasp 0
406.0 128.0 374.0 163.0 353.0 144.0 385.0 109.0 Grasp 0
410.0 124.0 388.0 181.0 361.0 171.0 383.0 114.0 Grasp 0
480.0 195.0 391.0 203.0 389.0 175.0 477.0 167.0 Grasp 0
434.0 221.0 418.0 134.0 446.0 128.0 462.0 216.0 Grasp 0
454.0 137.0 439.0 220.0 411.0 214.0 426.0 132.0 Grasp 0
477.0 157.0 437.0 223.0 412.0 208.0 453.0 142.0 Grasp 0
291.0 316.0 229.0 269.0 246.0 246.0 308.0 293.0 Grasp 0
377.0 108.0 369.0 151.0 341.0 145.0 348.0 103.0 Grasp 0
249.0 314.0 231.0 269.0 258.0 259.0 275.0 304.0 Grasp 0
