159.0 197.0 149.0 145.0 177.0 139.0 186.0 191.0 Grasp 0
434.0 401.0 398.0 460.0 373.0 445.0 410.0 386.0 Grasp 0
468.0 212.0 441.0 282.0 412.0 271.0 440.0 201.0 Grasp 0
130.0 207.0 110.0 156.0 137.0 145.0 157.0 197.0 Grasp 0
299.0 34.0 227.0 88.0 208.0 64.0 280.0 10.0 Grasp 0
116.0 216.0 84.0 165.0 108.0 150.0 140.0 202.0 Grasp 0
100.0 216.0 73.0 173.0 98.0 158.0 124.0 201.0 Grasp 0
526.0 216.0 462.0 319.0 436.0 303.0 500.0 200.0 Grasp 0
453.0 205.0 441.0 272.0 411.0 267.0 424.0 199.0 Grasp 0
194.0 135.0 194.0 194.0 165.0 194.0 165.0 135.0 Grasp 0
145.0 202.0 135.0 149.0 163.0 144.0 173.0 196.0 Grasp 0
401.0 396.0 401.0 456.0 372.0 456.0 372.0 396.0 Grasp 0
488.0 220.0 456.0 304.0 428.0 293.0 460.0 209.0 Grasp 0
329.0 475.0 267.0 408.0 289.0 388.0 350.0 456.0 Grasp 0
152.0 206.0 121.0 155.0 145.0 140.0 176.0 191.0 Grasp 0
309.0 34.0 257.0 119.0 231.0 103.0 284.0 18.0 Grasp 0
363.0 378.0 260.0 349.0 269.0 320.0 371.0 349.0 Grasp 0
117.0 212.0 98.0 161.0 124.0 151.0 144.0 201.0 Grasp 0
358.0 476.0 270.0 409.0 287.0 386.0 376.0 453.0 Grasp 0
