585.0 62.0 518.0 69.0 516.0 40.0 582.0 34.0 Grasp 0
582.0 85.0 515.0 78.0 518.0 50.0 585.0 56.0 Grasp 0
586.0 117.0 519.0 97.0 526.0 70.0 594.0 89.0 Grasp 0
429.0 66.0 363.0 116.0 346.0 93.0 411.0 43.0 Grasp 0
595.0 52.0 530.0 58.0 527.0 29.0 592.0 23.0 Grasp 0
243.0 354.0 205.0 313.0 227.0 294.0 265.0 335.0 Grasp 0
277.0 307.0 233.0 274.0 250.0 251.0 294.0 284.0 Grasp 0
272.0 336.0 234.0 295.0 255.0 276.0 293.0 317.0 Grasp 0
225.0 342.0 205.0 291.0 232.0 281.0 251.0 332.0 Grasp 0
287.0 168.0 233.0 209.0 215.0 185.0 269.0 144.0 Grasp 0
362.0 13.0 330.0 95.0 303.0 85.0 335.0 2.0 Grasp 0
272.0 144.0 210.0 150.0 208.0 121.0 270.0 115.0 Grasp 0
247.0 101.0 190.0 96.0 193.0 66.0 249.0 72.0 Grasp 0
282.0 309.0 245.0 269.0 266.0 249.0 303.0 290.0 Grasp 0
283.0 333.0 244.0 291.0 266.0 272.0 304.0 314.0 Grasp 0
256.0 326.0 218.0 284.0 239.0 265.0 277.0 307.0 Grasp 0
287.0 143.0 223.0 161.0 215.0 132.0 278.0 114.0 Grasp 0
318.0 205.0 298.0 155.0 327.0 144.0 346.0 194.0 Grasp 0
304.0 325.0 258.0 291.0 276.0 268.0 321.0 302.0 Grasp 0
259.0 112.0 197.0 107.0 199.0 77.0 262.0 83.0 Grasp 0
270.0 159.0 206.0 178.0 198.0 149.0 262.0 131.0 Grasp 0
273.0 127.0 209.0 133.0 206.0 103.0 270.0 97.0 Grasp 0
286.0 165.0 223.0 183.0 215.0 154.0 278.0 136.0 Grasp 0
255.0 123.0 193.0 129.0 190.0 100.0 252.0 94.0 Grasp 0
301.0 209.0 292.0 158.0 321.0 153.0 331.0 204.0 Grasp 0
380.0 381.0 364.0 369.0 381.0 346.0 397.0 359.0 Grasp 0
273.0 162.0 228.0 210.0 206.0 190.0 251.0 142.0 Grasp 0
272.0 123.0 217.0 107.0 225.0 79.0 280.0 95.0 Grasp 0
403.0 52.0 344.0 117.0 322.0 98.0 382.0 32.0 Grasp 0
226.0 354.0 198.0 309.0 223.0 293.0 251.0 338.0 Grasp 0
385.0 25.0 338.0 99.0 314.0 84.0 360.0 9.0 Grasp 0
592.0 93.0 524.0 86.0 527.0 57.0 595.0 64.0 Grasp 0
255.0 363.0 218.0 322.0 240.0 303.0 277.0 343.0 Grasp 0
281.0 140.0 218.0 134.0 221.0 104.0 284.0 110.0 Grasp 0
400.0 199.0 396.0 178.0 426.0 173.0 430.0 194.0 Grasp 0
345.0 383.0 331.0 368.0 352.0 349.0 366.0 364.0 Grasp 0
612.0 348.0 576.0 406.0 551.0 391.0 587.0 333.0 Grasp 0
284.0 229.0 275.0 183.0 305.0 177.0 313.0 223.0 Grasp 0
270.0 351.0 225.0 317.0 242.0 294.0 287.0 328.0 Grasp 0
250.0 364.0 206.0 330.0 223.0 307.0 268.0 341.0 Grasp 0
290.0 181.0 241.0 218.0 223.0 194.0 272.0 157.0 Grasp 0
324.0 219.0 313.0 162.0 342.0 157.0 353.0 213.0 Grasp 0
272.0 149.0 213.0 193.0 195.0 169.0 253.0 125.0 Grasp 0
595.0 382.0 579.0 386.0 571.0 359.0 588.0 354.0 Grasp 0
598.0 79.0 531.0 73.0 534.0 45.0 601.0 51.0 Grasp 0
264.0 345.0 244.0 292.0 271.0 281.0 292.0 334.0 Grasp 0
264.0 170.0 206.0 199.0 193.0 172.0 251.0 144.0 Grasp 0
415.0 54.0 360.0 114.0 338.0 95.0 393.0 34.0 Grasp 0
266.0 180.0 206.0 211.0 193.0 184.0 253.0 154.0 Grasp 0
