569.0 145.0 507.0 127.0 516.0 95.0 578.0 113.0 Grasp 0
275.0 282.0 187.0 256.0 196.0 226.0 284.0 251.0 Grasp 0
338.0 135.0 280.0 106.0 295.0 76.0 353.0 105.0 Grasp 0
236.0 367.0 203.0 331.0 225.0 312.0 257.0 348.0 Grasp 0
271.0 184.0 232.0 284.0 203.0 273.0 242.0 173.0 Grasp 0
365.0 318.0 341.0 379.0 313.0 368.0 337.0 307.0 Grasp 0
520.0 247.0 468.0 287.0 450.0 263.0 503.0 224.0 Grasp 0
509.0 268.0 451.0 297.0 438.0 271.0 496.0 242.0 Grasp 0
456.0 17.0 437.0 123.0 406.0 117.0 426.0 12.0 Grasp 0
329.0 317.0 297.0 369.0 272.0 353.0 304.0 302.0 Grasp 0
509.0 246.0 452.0 275.0 439.0 249.0 496.0 220.0 Grasp 0
303.0 213.0 251.0 187.0 264.0 161.0 316.0 187.0 Grasp 0
360.0 104.0 294.0 98.0 297.0 65.0 363.0 72.0 Grasp 0
580.0 139.0 514.0 158.0 505.0 126.0 571.0 107.0 Grasp 0
318.0 206.0 270.0 182.0 283.0 156.0 331.0 180.0 Grasp 0
203.0 357.0 186.0 312.0 213.0 302.0 230.0 346.0 Grasp 0
285.0 271.0 201.0 279.0 198.0 248.0 282.0 240.0 Grasp 0
329.0 196.0 280.0 171.0 294.0 145.0 342.0 169.0 Grasp 0
580.0 128.0 514.0 122.0 517.0 89.0 583.0 95.0 Grasp 0
351.0 312.0 319.0 364.0 294.0 348.0 326.0 296.0 Grasp 0
254.0 289.0 187.0 239.0 206.0 214.0 272.0 264.0 Grasp 0
286.0 253.0 255.0 203.0 281.0 188.0 311.0 237.0 Grasp 0
455.0 210.0 395.0 205.0 398.0 175.0 458.0 181.0 Grasp 0
220.0 366.0 195.0 327.0 220.0 311.0 245.0 351.0 Grasp 0
358.0 307.0 336.0 364.0 308.0 353.0 330.0 296.0 Grasp 0
305.0 241.0 264.0 196.0 287.0 175.0 328.0 220.0 Grasp 0
540.0 173.0 540.0 103.0 574.0 103.0 574.0 173.0 Grasp 0
474.0 227.0 420.0 232.0 417.0 203.0 472.0 198.0 Grasp 0
290.0 224.0 236.0 197.0 250.0 169.0 304.0 196.0 Grasp 0
495.0 268.0 436.0 297.0 423.0 271.0 482.0 242.0 Grasp 0
569.0 84.0 555.0 160.0 522.0 154.0 536.0 78.0 Grasp 0
480.0 19.0 459.0 130.0 429.0 125.0 450.0 13.0 Grasp 0
587.0 144.0 525.0 175.0 510.0 145.0 572.0 114.0 Grasp 0
371.0 315.0 359.0 376.0 330.0 371.0 341.0 309.0 Grasp 0
463.0 232.0 402.0 238.0 399.0 209.0 460.0 203.0 Grasp 0
331.0 192.0 280.0 153.0 301.0 125.0 352.0 164.0 Grasp 0
357.0 58.0 343.0 131.0 310.0 125.0 323.0 52.0 Grasp 0
360.0 329.0 318.0 374.0 296.0 354.0 338.0 309.0 Grasp 0
314.0 134.0 288.0 67.0 319.0 55.0 345.0 122.0 Grasp 0
461.0 222.0 402.0 227.0 400.0 198.0 458.0 192.0 Grasp 0
316.0 235.0 262.0 208.0 276.0 181.0 330.0 208.0 Grasp 0
496.0 252.0 448.0 288.0 431.0 265.0 478.0 229.0 Grasp 0
321.0 131.0 275.0 80.0 300.0 58.0 345.0 108.0 Grasp 0
