303.0 328.0 217.0 336.0 214.0 301.0 300.0 293.0 Grasp 0
289.0 50.0 218.0 70.0 210.0 41.0 281.0 21.0 Grasp 0
498.0 165.0 472.0 233.0 445.0 222.0 471.0 155.0 Grasp 0
304.0 383.0 220.0 390.0 217.0 356.0 301.0 349.0 Grasp 0
303.0 362.0 219.0 370.0 216.0 335.0 300.0 327.0 Grasp 0
502.0 162.0 487.0 242.0 459.0 237.0 474.0 156.0 Grasp 0
542.0 195.0 517.0 257.0 490.0 247.0 514.0 185.0 Grasp 0
304.0 339.0 218.0 347.0 215.0 312.0 301.0 305.0 Grasp 0
527.0 193.0 495.0 246.0 470.0 230.0 502.0 178.0 Grasp 0
419.0 74.0 374.0 52.0 388.0 25.0 433.0 47.0 Grasp 0
432.0 191.0 376.0 175.0 384.0 145.0 441.0 161.0 Grasp 0
270.0 32.0 201.0 52.0 193.0 23.0 262.0 4.0 Grasp 0
401.0 268.0 352.0 188.0 379.0 172.0 428.0 251.0 Grasp 0
512.0 182.0 479.0 236.0 454.0 221.0 487.0 167.0 Grasp 0
406.0 102.0 359.0 79.0 373.0 51.0 420.0 75.0 Grasp 0
467.0 142.0 453.0 218.0 424.0 213.0 438.0 137.0 Grasp 0
416.0 242.0 358.0 198.0 377.0 173.0 435.0 217.0 Grasp 0
428.0 57.0 385.0 35.0 398.0 8.0 442.0 30.0 Grasp 0
518.0 179.0 492.0 245.0 465.0 234.0 491.0 168.0 Grasp 0
393.0 282.0 347.0 208.0 374.0 191.0 420.0 266.0 Grasp 0
479.0 150.0 465.0 227.0 436.0 222.0 451.0 145.0 Grasp 0
370.0 205.0 354.0 294.0 323.0 288.0 339.0 200.0 Grasp 0
425.0 110.0 368.0 154.0 349.0 129.0 407.0 85.0 Grasp 0
414.0 87.0 368.0 64.0 382.0 36.0 427.0 59.0 Grasp 0
302.0 396.0 223.0 403.0 220.0 369.0 299.0 362.0 Grasp 0
294.0 409.0 215.0 387.0 225.0 353.0 303.0 376.0 Grasp 0
417.0 125.0 351.0 92.0 365.0 65.0 431.0 97.0 Grasp 0
279.0 41.0 208.0 61.0 200.0 32.0 271.0 12.0 Grasp 0
442.0 209.0 370.0 202.0 373.0 171.0 444.0 178.0 Grasp 0
435.0 62.0 373.0 45.0 382.0 16.0 443.0 33.0 Grasp 0
446.0 191.0 374.0 197.0 371.0 166.0 443.0 159.0 Grasp 0
334.0 179.0 279.0 206.0 265.0 178.0 320.0 151.0 Grasp 0
449.0 172.0 374.0 193.0 366.0 163.0 441.0 141.0 Grasp 0
340.0 203.0 276.0 221.0 268.0 191.0 332.0 173.0 Grasp 0
304.0 306.0 222.0 330.0 212.0 296.0 295.0 272.0 Grasp 0
269.0 29.0 224.0 63.0 206.0 40.0 251.0 5.0 Grasp 0
316.0 157.0 301.0 79.0 332.0 73.0 346.0 151.0 Grasp 0
445.0 142.0 382.0 173.0 368.0 145.0 431.0 114.0 Grasp 0
290.0 342.0 213.0 303.0 229.0 272.0 306.0 310.0 Grasp 0
439.0 106.0 377.0 175.0 354.0 154.0 416.0 85.0 Grasp 0
533.0 190.0 509.0 253.0 482.0 243.0 506.0 179.0 Grasp 0
423.0 145.0 303.0 85.0 317.0 58.0 437.0 118.0 Grasp 0
404.0 244.0 315.0 176.0 334.0 151.0 423.0 219.0 Grasp 0
346.0 197.0 324.0 78.0 355.0 72.0 377.0 191.0 Grasp 0
372.0 63.0 220.0 77.0 217.0 47.0 369.0 33.0 Grasp 0
