231.0 248.0 194.0 189.0 221.0 173.0 257.0 232.0 Grasp 0
184.0 250.0 155.0 229.0 173.0 205.0 202.0 226.0 Grasp 0
219.0 320.0 201.0 366.0 173.0 355.0 191.0 309.0 Grasp 0
471.0 202.0 401.0 208.0 398.0 179.0 468.0 172.0 Grasp 0
325.0 259.0 285.0 279.0 271.0 251.0 311.0 231.0 Grasp 0
315.0 227.0 280.0 265.0 257.0 244.0 292.0 206.0 Grasp 0
208.0 237.0 183.0 196.0 209.0 180.0 234.0 220.0 Grasp 0
479.0 279.0 409.0 286.0 407.0 255.0 476.0 249.0 Grasp 0
400.0 56.0 373.0 125.0 345.0 115.0 372.0 45.0 Grasp 0
479.0 269.0 400.0 261.0 403.0 231.0 482.0 238.0 Grasp 0
319.0 242.0 283.0 269.0 264.0 244.0 301.0 217.0 Grasp 0
317.0 124.0 284.0 39.0 312.0 28.0 345.0 113.0 Grasp 0
185.0 248.0 161.0 208.0 186.0 192.0 211.0 232.0 Grasp 0
272.0 365.0 242.0 332.0 264.0 312.0 294.0 345.0 Grasp 0
480.0 100.0 399.0 60.0 412.0 33.0 493.0 73.0 Grasp 0
181.0 295.0 137.0 291.0 140.0 262.0 184.0 266.0 Grasp 0
347.0 121.0 296.0 37.0 321.0 22.0 373.0 106.0 Grasp 0
311.0 138.0 242.0 62.0 265.0 42.0 334.0 118.0 Grasp 0
480.0 257.0 409.0 278.0 400.0 249.0 472.0 228.0 Grasp 0
253.0 371.0 229.0 333.0 254.0 317.0 278.0 356.0 Grasp 0
331.0 287.0 278.0 302.0 269.0 272.0 322.0 257.0 Grasp 0
469.0 160.0 396.0 167.0 393.0 138.0 466.0 131.0 Grasp 0
478.0 233.0 411.0 252.0 403.0 223.0 470.0 204.0 Grasp 0
184.0 266.0 141.0 254.0 150.0 226.0 192.0 238.0 Grasp 0
465.0 186.0 397.0 179.0 399.0 150.0 468.0 156.0 Grasp 0
435.0 56.0 392.0 126.0 367.0 110.0 411.0 41.0 Grasp 0
468.0 190.0 401.0 196.0 398.0 167.0 465.0 160.0 Grasp 0
517.0 302.0 504.0 371.0 474.0 366.0 487.0 297.0 Grasp 0
238.0 370.0 225.0 336.0 253.0 325.0 266.0 360.0 Grasp 0
414.0 56.0 389.0 121.0 362.0 110.0 387.0 46.0 Grasp 0
450.0 389.0 375.0 307.0 398.0 286.0 473.0 368.0 Grasp 0
331.0 267.0 281.0 292.0 267.0 265.0 317.0 240.0 Grasp 0
280.0 168.0 220.0 72.0 246.0 56.0 306.0 152.0 Grasp 0
175.0 264.0 145.0 242.0 163.0 218.0 193.0 240.0 Grasp 0
472.0 219.0 401.0 226.0 398.0 196.0 470.0 189.0 Grasp 0
376.0 47.0 291.0 39.0 294.0 9.0 379.0 17.0 Grasp 0
509.0 304.0 480.0 377.0 452.0 366.0 480.0 293.0 Grasp 0
474.0 230.0 406.0 236.0 403.0 206.0 471.0 200.0 Grasp 0
209.0 316.0 184.0 357.0 159.0 341.0 184.0 301.0 Grasp 0
480.0 144.0 398.0 151.0 395.0 122.0 477.0 115.0 Grasp 0
188.0 302.0 152.0 319.0 139.0 293.0 175.0 275.0 Grasp 0
290.0 208.0 241.0 245.0 222.0 221.0 272.0 183.0 Grasp 0
485.0 297.0 440.0 370.0 414.0 354.0 459.0 281.0 Grasp 0
216.0 326.0 166.0 351.0 153.0 324.0 203.0 300.0 Grasp 0
467.0 372.0 408.0 307.0 430.0 286.0 489.0 351.0 Grasp 0
174.0 279.0 138.0 261.0 151.0 234.0 187.0 252.0 Grasp 0
199.0 312.0 170.0 343.0 149.0 323.0 177.0 292.0 Grasp 0
476.0 257.0 399.0 250.0 402.0 220.0 479.0 227.0 Grasp 0
301.0 342.0 263.0 313.0 282.0 289.0 319.0 317.0 Grasp 0
196.0 307.0 160.0 334.0 142.0 311.0 178.0 284.0 Grasp 0
411.0 380.0 385.0 314.0 414.0 303.0 440.0 369.0 Grasp 0
229.0 375.0 211.0 328.0 238.0 317.0 257.0 364.0 Grasp 0
312.0 137.0 193.0 78.0 207.0 50.0 326.0 109.0 Grasp 0
283.0 151.0 233.0 71.0 259.0 54.0 309.0 135.0 Grasp 0
362.0 217.0 347.0 297.0 319.0 292.0 334.0 212.0 Grasp 0
469.0 47.0 396.0 128.0 374.0 108.0 447.0 28.0 Grasp 0
482.0 295.0 378.0 347.0 365.0 320.0 468.0 268.0 Grasp 0
309.0 328.0 263.0 293.0 282.0 269.0 328.0 303.0 Grasp 0
477.0 96.0 428.0 59.0 445.0 36.0 494.0 73.0 Grasp 0
244.0 332.0 237.0 372.0 207.0 367.0 215.0 327.0 Grasp 0
500.0 310.0 435.0 382.0 412.0 361.0 478.0 289.0 Grasp 0
304.0 220.0 264.0 250.0 245.0 226.0 285.0 195.0 Grasp 0
494.0 278.0 459.0 369.0 431.0 358.0 466.0 267.0 Grasp 0
226.0 331.0 220.0 368.0 190.0 362.0 197.0 326.0 Grasp 0
277.0 358.0 256.0 324.0 282.0 308.0 303.0 342.0 Grasp 0
380.0 239.0 354.0 306.0 327.0 295.0 353.0 228.0 Grasp 0
287.0 355.0 254.0 330.0 272.0 306.0 306.0 331.0 Grasp 0
529.0 302.0 517.0 366.0 487.0 361.0 499.0 296.0 Grasp 0
300.0 144.0 227.0 64.0 250.0 43.0 323.0 123.0 Grasp 0
489.0 286.0 415.0 367.0 393.0 346.0 467.0 265.0 Grasp 0
179.0 277.0 142.0 274.0 144.0 244.0 181.0 248.0 Grasp 0
445.0 371.0 406.0 308.0 432.0 292.0 471.0 355.0 Grasp 0
394.0 14.0 353.0 120.0 325.0 109.0 366.0 3.0 Grasp 0
386.0 39.0 320.0 33.0 322.0 3.0 388.0 9.0 Grasp 0
396.0 55.0 342.0 142.0 317.0 127.0 371.0 40.0 Grasp 0
185.0 297.0 147.0 307.0 139.0 279.0 176.0 268.0 Grasp 0
330.0 299.0 274.0 315.0 266.0 285.0 322.0 269.0 Grasp 0
177.0 262.0 155.0 206.0 183.0 195.0 205.0 251.0 Grasp 0
539.0 306.0 529.0 360.0 499.0 354.0 509.0 300.0 Grasp 0
316.0 126.0 271.0 53.0 296.0 37.0 342.0 110.0 Grasp 0
479.0 383.0 394.0 319.0 413.0 295.0 498.0 358.0 Grasp 0
377.0 370.0 363.0 296.0 394.0 290.0 408.0 364.0 Grasp 0
301.0 134.0 196.0 104.0 204.0 75.0 309.0 105.0 Grasp 0
506.0 307.0 460.0 381.0 434.0 365.0 479.0 291.0 Grasp 0
