327.0 386.0 254.0 406.0 245.0 372.0 318.0 352.0 Grasp 0
387.0 433.0 317.0 486.0 299.0 463.0 369.0 410.0 Grasp 0
363.0 308.0 270.0 410.0 244.0 386.0 337.0 284.0 Grasp 0
245.0 308.0 200.0 234.0 231.0 215.0 276.0 289.0 Grasp 0
363.0 100.0 270.0 53.0 284.0 26.0 376.0 72.0 Grasp 0
585.0 201.0 527.0 138.0 550.0 117.0 608.0 180.0 Grasp 0
572.0 216.0 505.0 143.0 528.0 122.0 594.0 195.0 Grasp 0
370.0 83.0 284.0 40.0 298.0 12.0 384.0 55.0 Grasp 0
338.0 439.0 304.0 476.0 282.0 456.0 316.0 419.0 Grasp 0
502.0 193.0 452.0 248.0 424.0 223.0 474.0 168.0 Grasp 0
484.0 171.0 440.0 241.0 409.0 222.0 453.0 152.0 Grasp 0
599.0 184.0 547.0 126.0 570.0 106.0 622.0 163.0 Grasp 0
362.0 188.0 303.0 144.0 326.0 114.0 384.0 158.0 Grasp 0
324.0 360.0 263.0 405.0 242.0 377.0 302.0 331.0 Grasp 0
357.0 190.0 314.0 121.0 346.0 101.0 389.0 170.0 Grasp 0
334.0 437.0 262.0 458.0 253.0 429.0 325.0 409.0 Grasp 0
410.0 445.0 316.0 491.0 303.0 465.0 397.0 418.0 Grasp 0
548.0 230.0 499.0 150.0 525.0 134.0 574.0 213.0 Grasp 0
325.0 383.0 220.0 353.0 229.0 319.0 334.0 349.0 Grasp 0
239.0 228.0 239.0 302.0 203.0 302.0 203.0 228.0 Grasp 0
525.0 250.0 472.0 164.0 498.0 148.0 551.0 234.0 Grasp 0
270.0 317.0 186.0 253.0 207.0 224.0 292.0 288.0 Grasp 0
401.0 224.0 330.0 110.0 362.0 91.0 433.0 204.0 Grasp 0
331.0 372.0 272.0 416.0 250.0 388.0 309.0 344.0 Grasp 0
585.0 196.0 543.0 126.0 569.0 110.0 612.0 180.0 Grasp 0
439.0 463.0 319.0 497.0 310.0 469.0 431.0 435.0 Grasp 0
335.0 435.0 288.0 471.0 270.0 447.0 317.0 412.0 Grasp 0
537.0 239.0 486.0 157.0 512.0 140.0 563.0 223.0 Grasp 0
402.0 155.0 314.0 164.0 310.0 127.0 398.0 119.0 Grasp 0
324.0 386.0 227.0 377.0 230.0 342.0 328.0 351.0 Grasp 0
