446.0 273.0 413.0 220.0 443.0 202.0 476.0 255.0 Grasp 0
258.0 258.0 250.0 280.0 217.0 267.0 225.0 245.0 Grasp 0
393.0 345.0 381.0 315.0 416.0 302.0 427.0 332.0 Grasp 0
385.0 56.0 341.0 33.0 354.0 7.0 398.0 30.0 Grasp 0
343.0 393.0 287.0 365.0 302.0 334.0 358.0 362.0 Grasp 0
338.0 135.0 287.0 140.0 284.0 111.0 336.0 106.0 Grasp 0
362.0 75.0 307.0 59.0 315.0 31.0 370.0 47.0 Grasp 0
367.0 124.0 313.0 129.0 310.0 100.0 364.0 95.0 Grasp 0
346.0 113.0 290.0 97.0 298.0 69.0 354.0 85.0 Grasp 0
387.0 88.0 330.0 82.0 333.0 53.0 389.0 59.0 Grasp 0
270.0 244.0 270.0 276.0 240.0 276.0 240.0 244.0 Grasp 0
447.0 169.0 391.0 197.0 377.0 170.0 433.0 142.0 Grasp 0
354.0 376.0 289.0 344.0 304.0 313.0 369.0 345.0 Grasp 0
364.0 98.0 300.0 92.0 302.0 63.0 366.0 69.0 Grasp 0
361.0 406.0 294.0 386.0 303.0 353.0 371.0 372.0 Grasp 0
375.0 120.0 320.0 115.0 323.0 87.0 378.0 92.0 Grasp 0
361.0 87.0 307.0 72.0 314.0 44.0 369.0 59.0 Grasp 0
348.0 439.0 322.0 437.0 325.0 400.0 351.0 403.0 Grasp 0
313.0 476.0 290.0 465.0 306.0 432.0 329.0 443.0 Grasp 0
444.0 164.0 387.0 181.0 379.0 151.0 435.0 135.0 Grasp 0
371.0 65.0 319.0 50.0 327.0 22.0 379.0 37.0 Grasp 0
399.0 332.0 387.0 302.0 421.0 288.0 433.0 319.0 Grasp 0
390.0 358.0 316.0 351.0 319.0 317.0 393.0 324.0 Grasp 0
368.0 389.0 299.0 369.0 309.0 335.0 378.0 355.0 Grasp 0
356.0 115.0 302.0 120.0 299.0 91.0 353.0 86.0 Grasp 0
331.0 454.0 305.0 446.0 315.0 410.0 341.0 418.0 Grasp 0
347.0 147.0 295.0 162.0 287.0 134.0 339.0 119.0 Grasp 0
363.0 428.0 336.0 430.0 333.0 393.0 359.0 390.0 Grasp 0
324.0 464.0 298.0 457.0 308.0 421.0 334.0 428.0 Grasp 0
381.0 345.0 312.0 339.0 315.0 305.0 384.0 311.0 Grasp 0
491.0 238.0 473.0 219.0 499.0 195.0 517.0 214.0 Grasp 0
403.0 318.0 385.0 289.0 416.0 271.0 433.0 299.0 Grasp 0
477.0 192.0 453.0 190.0 456.0 156.0 480.0 158.0 Grasp 0
448.0 258.0 431.0 232.0 460.0 214.0 476.0 241.0 Grasp 0
390.0 68.0 334.0 52.0 342.0 24.0 398.0 39.0 Grasp 0
429.0 287.0 401.0 265.0 422.0 237.0 450.0 259.0 Grasp 0
363.0 341.0 305.0 312.0 320.0 282.0 378.0 311.0 Grasp 0
370.0 53.0 320.0 39.0 328.0 11.0 378.0 26.0 Grasp 0
466.0 270.0 427.0 227.0 452.0 203.0 492.0 246.0 Grasp 0
475.0 225.0 414.0 194.0 428.0 166.0 489.0 197.0 Grasp 0
325.0 153.0 279.0 157.0 277.0 129.0 323.0 125.0 Grasp 0
332.0 164.0 281.0 179.0 273.0 151.0 325.0 137.0 Grasp 0
427.0 293.0 402.0 230.0 434.0 218.0 459.0 281.0 Grasp 0
378.0 101.0 323.0 85.0 331.0 57.0 386.0 73.0 Grasp 0
415.0 291.0 393.0 267.0 418.0 244.0 440.0 269.0 Grasp 0
343.0 423.0 319.0 416.0 329.0 382.0 353.0 388.0 Grasp 0
313.0 409.0 295.0 395.0 319.0 364.0 337.0 378.0 Grasp 0
355.0 281.0 293.0 312.0 278.0 281.0 340.0 250.0 Grasp 0
391.0 330.0 379.0 300.0 412.0 287.0 424.0 317.0 Grasp 0
383.0 72.0 324.0 66.0 327.0 37.0 386.0 42.0 Grasp 0
427.0 303.0 395.0 252.0 424.0 233.0 456.0 285.0 Grasp 0
378.0 47.0 324.0 52.0 321.0 22.0 375.0 17.0 Grasp 0
500.0 234.0 487.0 212.0 518.0 194.0 531.0 215.0 Grasp 0
353.0 288.0 300.0 328.0 280.0 300.0 332.0 260.0 Grasp 0
456.0 183.0 397.0 200.0 389.0 171.0 448.0 154.0 Grasp 0
385.0 90.0 333.0 64.0 346.0 38.0 398.0 64.0 Grasp 0
281.0 242.0 265.0 283.0 232.0 270.0 248.0 229.0 Grasp 0
328.0 405.0 270.0 361.0 291.0 333.0 349.0 376.0 Grasp 0
488.0 221.0 411.0 214.0 414.0 182.0 491.0 189.0 Grasp 0
356.0 130.0 302.0 135.0 300.0 105.0 353.0 100.0 Grasp 0
368.0 107.0 312.0 112.0 309.0 83.0 365.0 77.0 Grasp 0
193.0 304.0 190.0 285.0 219.0 280.0 223.0 299.0 Grasp 0
349.0 269.0 303.0 388.0 270.0 375.0 316.0 256.0 Grasp 0
454.0 272.0 414.0 260.0 424.0 227.0 464.0 238.0 Grasp 0
412.0 301.0 389.0 277.0 415.0 253.0 438.0 278.0 Grasp 0
421.0 264.0 380.0 219.0 403.0 197.0 445.0 242.0 Grasp 0
