406.0 173.0 326.0 166.0 328.0 136.0 409.0 143.0 Grasp 0
435.0 270.0 395.0 313.0 373.0 293.0 413.0 250.0 Grasp 0
410.0 190.0 325.0 182.0 328.0 152.0 413.0 160.0 Grasp 0
259.0 143.0 206.0 201.0 185.0 182.0 238.0 124.0 Grasp 0
296.0 358.0 237.0 341.0 245.0 313.0 304.0 329.0 Grasp 0
399.0 160.0 335.0 178.0 327.0 149.0 391.0 131.0 Grasp 0
407.0 197.0 333.0 204.0 330.0 175.0 405.0 168.0 Grasp 0
349.0 242.0 310.0 199.0 333.0 178.0 372.0 221.0 Grasp 0
431.0 244.0 391.0 309.0 366.0 294.0 406.0 229.0 Grasp 0
265.0 189.0 196.0 265.0 175.0 246.0 244.0 170.0 Grasp 0
354.0 220.0 309.0 186.0 328.0 160.0 373.0 194.0 Grasp 0
260.0 131.0 206.0 190.0 185.0 170.0 239.0 112.0 Grasp 0
258.0 175.0 198.0 240.0 177.0 221.0 236.0 156.0 Grasp 0
258.0 165.0 202.0 226.0 180.0 207.0 237.0 145.0 Grasp 0
417.0 220.0 319.0 192.0 328.0 163.0 425.0 191.0 Grasp 0
442.0 283.0 407.0 321.0 386.0 301.0 421.0 263.0 Grasp 0
372.0 202.0 327.0 190.0 336.0 160.0 381.0 172.0 Grasp 0
402.0 170.0 334.0 189.0 326.0 161.0 394.0 141.0 Grasp 0
440.0 226.0 404.0 317.0 377.0 307.0 413.0 215.0 Grasp 0
