286.0 4.0 286.0 76.0 255.0 76.0 255.0 4.0 Grasp 0
294.0 9.0 294.0 84.0 263.0 84.0 263.0 9.0 Grasp 0
366.0 191.0 350.0 277.0 322.0 271.0 337.0 186.0 Grasp 0
200.0 199.0 153.0 251.0 131.0 231.0 178.0 179.0 Grasp 0
333.0 8.0 318.0 91.0 287.0 86.0 303.0 2.0 Grasp 0
374.0 40.0 297.0 47.0 294.0 15.0 371.0 8.0 Grasp 0
371.0 65.0 294.0 87.0 286.0 56.0 362.0 34.0 Grasp 0
246.0 207.0 219.0 277.0 192.0 266.0 219.0 197.0 Grasp 0
279.0 26.0 265.0 99.0 237.0 94.0 250.0 21.0 Grasp 0
431.0 201.0 414.0 289.0 386.0 284.0 402.0 196.0 Grasp 0
277.0 105.0 252.0 40.0 280.0 29.0 305.0 95.0 Grasp 0
409.0 211.0 392.0 300.0 364.0 295.0 381.0 206.0 Grasp 0
353.0 17.0 321.0 98.0 292.0 87.0 324.0 6.0 Grasp 0
336.0 287.0 310.0 219.0 337.0 209.0 363.0 276.0 Grasp 0
454.0 213.0 438.0 299.0 409.0 293.0 425.0 208.0 Grasp 0
369.0 193.0 369.0 281.0 340.0 281.0 340.0 193.0 Grasp 0
189.0 199.0 141.0 251.0 120.0 231.0 167.0 179.0 Grasp 0
250.0 92.0 237.0 21.0 265.0 16.0 279.0 86.0 Grasp 0
231.0 202.0 192.0 265.0 167.0 250.0 206.0 187.0 Grasp 0
312.0 248.0 305.0 210.0 333.0 205.0 340.0 242.0 Grasp 0
215.0 219.0 176.0 281.0 151.0 266.0 190.0 203.0 Grasp 0
388.0 195.0 371.0 284.0 343.0 278.0 359.0 190.0 Grasp 0
246.0 105.0 220.0 36.0 247.0 26.0 273.0 94.0 Grasp 0
378.0 58.0 299.0 50.0 301.0 19.0 381.0 27.0 Grasp 0
257.0 20.0 246.0 81.0 217.0 76.0 228.0 15.0 Grasp 0
399.0 200.0 382.0 289.0 354.0 284.0 370.0 195.0 Grasp 0
211.0 210.0 163.0 262.0 141.0 242.0 189.0 190.0 Grasp 0
294.0 94.0 278.0 52.0 306.0 41.0 322.0 82.0 Grasp 0
238.0 193.0 190.0 246.0 168.0 226.0 217.0 173.0 Grasp 0
218.0 172.0 171.0 224.0 149.0 204.0 196.0 152.0 Grasp 0
343.0 271.0 329.0 235.0 356.0 224.0 370.0 260.0 Grasp 0
292.0 101.0 276.0 16.0 307.0 10.0 323.0 95.0 Grasp 0
285.0 345.0 256.0 348.0 253.0 319.0 282.0 317.0 Grasp 0
263.0 219.0 225.0 280.0 201.0 265.0 238.0 204.0 Grasp 0
267.0 22.0 255.0 91.0 226.0 85.0 239.0 16.0 Grasp 0
260.0 106.0 247.0 35.0 275.0 29.0 289.0 101.0 Grasp 0
357.0 27.0 342.0 105.0 311.0 99.0 326.0 21.0 Grasp 0
306.0 322.0 235.0 329.0 233.0 300.0 303.0 294.0 Grasp 0
301.0 328.0 231.0 348.0 223.0 320.0 293.0 300.0 Grasp 0
235.0 106.0 208.0 36.0 235.0 25.0 262.0 95.0 Grasp 0
446.0 216.0 413.0 302.0 385.0 291.0 418.0 205.0 Grasp 0
256.0 112.0 203.0 54.0 225.0 34.0 277.0 92.0 Grasp 0
248.0 221.0 221.0 250.0 199.0 230.0 226.0 201.0 Grasp 0
420.0 206.0 404.0 294.0 375.0 289.0 392.0 201.0 Grasp 0
260.0 214.0 210.0 269.0 189.0 249.0 239.0 194.0 Grasp 0
373.0 205.0 347.0 234.0 325.0 215.0 351.0 186.0 Grasp 0
226.0 223.0 186.0 287.0 162.0 272.0 201.0 208.0 Grasp 0
