590.0 80.0 576.0 57.0 602.0 41.0 616.0 63.0 Grasp 0
553.0 97.0 530.0 81.0 549.0 56.0 571.0 73.0 Grasp 0
294.0 225.0 237.0 209.0 246.0 178.0 302.0 194.0 Grasp 0
325.0 456.0 298.0 426.0 319.0 407.0 346.0 437.0 Grasp 0
423.0 258.0 404.0 288.0 379.0 272.0 397.0 242.0 Grasp 0
377.0 415.0 369.0 454.0 341.0 449.0 349.0 410.0 Grasp 0
414.0 223.0 406.0 267.0 376.0 262.0 384.0 217.0 Grasp 0
316.0 445.0 302.0 407.0 328.0 397.0 343.0 434.0 Grasp 0
350.0 447.0 319.0 423.0 336.0 401.0 367.0 424.0 Grasp 0
361.0 438.0 329.0 414.0 346.0 392.0 378.0 416.0 Grasp 0
305.0 464.0 284.0 431.0 308.0 416.0 329.0 449.0 Grasp 0
285.0 185.0 231.0 190.0 228.0 159.0 282.0 154.0 Grasp 0
412.0 406.0 392.0 439.0 368.0 424.0 388.0 391.0 Grasp 0
288.0 209.0 232.0 214.0 229.0 183.0 285.0 178.0 Grasp 0
337.0 457.0 323.0 421.0 349.0 411.0 363.0 447.0 Grasp 0
571.0 89.0 546.0 76.0 560.0 48.0 585.0 61.0 Grasp 0
256.0 353.0 193.0 347.0 195.0 318.0 259.0 323.0 Grasp 0
392.0 428.0 364.0 414.0 377.0 389.0 405.0 403.0 Grasp 0
583.0 89.0 565.0 69.0 587.0 48.0 606.0 69.0 Grasp 0
402.0 405.0 381.0 439.0 357.0 424.0 378.0 390.0 Grasp 0
306.0 186.0 254.0 201.0 245.0 170.0 297.0 155.0 Grasp 0
426.0 242.0 402.0 281.0 376.0 265.0 400.0 226.0 Grasp 0
281.0 364.0 216.0 358.0 219.0 328.0 284.0 334.0 Grasp 0
368.0 453.0 354.0 416.0 380.0 406.0 394.0 443.0 Grasp 0
419.0 238.0 373.0 243.0 370.0 213.0 416.0 208.0 Grasp 0
596.0 74.0 589.0 57.0 618.0 46.0 625.0 63.0 Grasp 0
417.0 265.0 371.0 261.0 373.0 231.0 420.0 235.0 Grasp 0
277.0 31.0 223.0 47.0 215.0 16.0 268.0 1.0 Grasp 0
366.0 449.0 334.0 425.0 351.0 402.0 383.0 427.0 Grasp 0
357.0 452.0 344.0 417.0 370.0 407.0 384.0 442.0 Grasp 0
403.0 255.0 356.0 260.0 354.0 229.0 400.0 225.0 Grasp 0
300.0 449.0 286.0 413.0 313.0 403.0 327.0 439.0 Grasp 0
295.0 232.0 238.0 237.0 235.0 206.0 292.0 201.0 Grasp 0
400.0 212.0 358.0 233.0 345.0 206.0 386.0 185.0 Grasp 0
355.0 413.0 348.0 451.0 320.0 446.0 327.0 408.0 Grasp 0
331.0 437.0 310.0 404.0 334.0 389.0 355.0 423.0 Grasp 0
296.0 215.0 241.0 231.0 232.0 200.0 288.0 185.0 Grasp 0
