483.0 244.0 415.0 278.0 401.0 252.0 470.0 217.0 Grasp 0
271.0 145.0 228.0 192.0 206.0 171.0 248.0 125.0 Grasp 0
401.0 309.0 401.0 335.0 372.0 335.0 372.0 309.0 Grasp 0
431.0 432.0 405.0 425.0 413.0 396.0 439.0 403.0 Grasp 0
461.0 137.0 455.0 106.0 484.0 101.0 490.0 131.0 Grasp 0
468.0 233.0 410.0 276.0 393.0 253.0 450.0 210.0 Grasp 0
307.0 352.0 282.0 340.0 295.0 314.0 319.0 326.0 Grasp 0
264.0 172.0 229.0 229.0 204.0 213.0 239.0 156.0 Grasp 0
260.0 161.0 217.0 209.0 194.0 189.0 238.0 141.0 Grasp 0
436.0 425.0 410.0 418.0 418.0 389.0 444.0 397.0 Grasp 0
307.0 363.0 282.0 351.0 295.0 325.0 320.0 337.0 Grasp 0
454.0 197.0 423.0 248.0 398.0 233.0 429.0 181.0 Grasp 0
493.0 247.0 431.0 294.0 413.0 270.0 475.0 223.0 Grasp 0
471.0 140.0 466.0 114.0 495.0 109.0 500.0 134.0 Grasp 0
357.0 450.0 347.0 475.0 320.0 464.0 330.0 440.0 Grasp 0
426.0 447.0 402.0 435.0 415.0 408.0 439.0 420.0 Grasp 0
298.0 382.0 274.0 376.0 282.0 348.0 306.0 355.0 Grasp 0
440.0 397.0 412.0 395.0 415.0 365.0 443.0 367.0 Grasp 0
320.0 436.0 303.0 455.0 281.0 435.0 299.0 416.0 Grasp 0
466.0 214.0 409.0 242.0 396.0 216.0 453.0 188.0 Grasp 0
308.0 431.0 284.0 443.0 271.0 416.0 295.0 404.0 Grasp 0
521.0 119.0 521.0 149.0 491.0 149.0 491.0 119.0 Grasp 0
298.0 178.0 243.0 220.0 225.0 196.0 280.0 155.0 Grasp 0
301.0 373.0 277.0 361.0 290.0 335.0 314.0 347.0 Grasp 0
308.0 420.0 284.0 432.0 271.0 405.0 295.0 393.0 Grasp 0
317.0 347.0 293.0 335.0 306.0 309.0 330.0 321.0 Grasp 0
470.0 217.0 416.0 258.0 398.0 234.0 452.0 194.0 Grasp 0
362.0 443.0 352.0 468.0 325.0 457.0 335.0 432.0 Grasp 0
368.0 472.0 358.0 446.0 385.0 436.0 395.0 461.0 Grasp 0
441.0 408.0 416.0 406.0 418.0 377.0 444.0 379.0 Grasp 0
309.0 170.0 259.0 225.0 237.0 205.0 287.0 150.0 Grasp 0
289.0 184.0 248.0 249.0 222.0 234.0 263.0 168.0 Grasp 0
301.0 414.0 276.0 421.0 268.0 393.0 293.0 386.0 Grasp 0
341.0 448.0 331.0 474.0 303.0 463.0 313.0 438.0 Grasp 0
365.0 307.0 361.0 332.0 332.0 327.0 337.0 301.0 Grasp 0
410.0 454.0 389.0 439.0 406.0 416.0 427.0 431.0 Grasp 0
485.0 241.0 416.0 261.0 408.0 233.0 477.0 213.0 Grasp 0
296.0 193.0 254.0 259.0 230.0 244.0 271.0 177.0 Grasp 0
538.0 127.0 527.0 156.0 499.0 145.0 510.0 116.0 Grasp 0
447.0 185.0 404.0 232.0 383.0 212.0 425.0 165.0 Grasp 0
484.0 227.0 426.0 270.0 409.0 247.0 467.0 203.0 Grasp 0
298.0 406.0 274.0 408.0 271.0 379.0 295.0 377.0 Grasp 0
432.0 378.0 405.0 375.0 408.0 346.0 435.0 349.0 Grasp 0
426.0 160.0 395.0 210.0 370.0 195.0 401.0 144.0 Grasp 0
352.0 481.0 342.0 456.0 370.0 445.0 380.0 470.0 Grasp 0
454.0 198.0 400.0 225.0 387.0 199.0 441.0 172.0 Grasp 0
476.0 149.0 471.0 123.0 500.0 118.0 505.0 144.0 Grasp 0
278.0 162.0 234.0 210.0 212.0 190.0 256.0 142.0 Grasp 0
376.0 301.0 371.0 328.0 343.0 323.0 348.0 296.0 Grasp 0
293.0 167.0 237.0 209.0 219.0 186.0 275.0 143.0 Grasp 0
302.0 392.0 275.0 390.0 278.0 361.0 305.0 363.0 Grasp 0
279.0 189.0 232.0 241.0 210.0 221.0 257.0 169.0 Grasp 0
391.0 463.0 373.0 444.0 395.0 424.0 413.0 444.0 Grasp 0
397.0 471.0 379.0 451.0 401.0 431.0 419.0 451.0 Grasp 0
408.0 466.0 390.0 446.0 412.0 426.0 430.0 446.0 Grasp 0
455.0 143.0 449.0 113.0 477.0 107.0 483.0 137.0 Grasp 0
331.0 446.0 317.0 468.0 292.0 453.0 306.0 430.0 Grasp 0
503.0 246.0 433.0 266.0 424.0 238.0 495.0 218.0 Grasp 0
515.0 126.0 515.0 156.0 486.0 156.0 486.0 126.0 Grasp 0
372.0 444.0 367.0 469.0 338.0 464.0 343.0 438.0 Grasp 0
346.0 438.0 336.0 463.0 309.0 453.0 319.0 428.0 Grasp 0
302.0 184.0 273.0 257.0 246.0 247.0 274.0 173.0 Grasp 0
498.0 264.0 422.0 271.0 419.0 242.0 495.0 235.0 Grasp 0
351.0 469.0 341.0 444.0 368.0 434.0 378.0 459.0 Grasp 0
356.0 475.0 347.0 450.0 374.0 440.0 383.0 464.0 Grasp 0
435.0 413.0 411.0 411.0 413.0 382.0 437.0 384.0 Grasp 0
311.0 188.0 282.0 263.0 255.0 253.0 284.0 178.0 Grasp 0
486.0 89.0 486.0 123.0 455.0 123.0 455.0 89.0 Grasp 0
