554.0 89.0 534.0 111.0 510.0 90.0 531.0 67.0 Grasp 0
334.0 61.0 324.0 8.0 353.0 3.0 363.0 56.0 Grasp 0
462.0 316.0 444.0 345.0 419.0 330.0 437.0 300.0 Grasp 0
473.0 310.0 461.0 342.0 434.0 332.0 447.0 300.0 Grasp 0
524.0 47.0 465.0 91.0 447.0 67.0 505.0 23.0 Grasp 0
316.0 100.0 237.0 77.0 244.0 50.0 324.0 73.0 Grasp 0
302.0 122.0 222.0 114.0 225.0 86.0 305.0 93.0 Grasp 0
525.0 72.0 504.0 94.0 482.0 73.0 502.0 51.0 Grasp 0
483.0 134.0 438.0 122.0 447.0 91.0 492.0 104.0 Grasp 0
352.0 18.0 342.0 72.0 314.0 66.0 324.0 12.0 Grasp 0
374.0 2.0 374.0 62.0 345.0 62.0 345.0 2.0 Grasp 0
346.0 75.0 335.0 17.0 363.0 11.0 374.0 70.0 Grasp 0
491.0 31.0 427.0 102.0 405.0 82.0 469.0 12.0 Grasp 0
482.0 143.0 441.0 131.0 449.0 103.0 490.0 114.0 Grasp 0
317.0 97.0 242.0 59.0 254.0 34.0 330.0 71.0 Grasp 0
297.0 129.0 222.0 136.0 219.0 107.0 295.0 100.0 Grasp 0
467.0 303.0 456.0 333.0 429.0 323.0 441.0 293.0 Grasp 0
449.0 323.0 426.0 348.0 405.0 329.0 428.0 304.0 Grasp 0
468.0 137.0 428.0 126.0 436.0 98.0 476.0 109.0 Grasp 0
337.0 10.0 337.0 65.0 308.0 65.0 308.0 10.0 Grasp 0
545.0 95.0 525.0 116.0 502.0 96.0 522.0 74.0 Grasp 0
479.0 30.0 416.0 99.0 395.0 79.0 457.0 11.0 Grasp 0
280.0 331.0 261.0 232.0 293.0 226.0 312.0 325.0 Grasp 0
318.0 111.0 239.0 104.0 241.0 75.0 320.0 82.0 Grasp 0
392.0 290.0 318.0 233.0 337.0 207.0 412.0 264.0 Grasp 0
304.0 75.0 219.0 32.0 233.0 3.0 318.0 46.0 Grasp 0
