423.0 283.0 392.0 364.0 364.0 353.0 395.0 272.0 Grasp 0
377.0 60.0 321.0 44.0 329.0 13.0 386.0 29.0 Grasp 0
370.0 127.0 297.0 120.0 300.0 81.0 373.0 88.0 Grasp 0
338.0 255.0 276.0 323.0 254.0 304.0 317.0 236.0 Grasp 0
387.0 45.0 322.0 39.0 325.0 7.0 390.0 13.0 Grasp 0
492.0 302.0 473.0 251.0 500.0 241.0 520.0 291.0 Grasp 0
477.0 317.0 453.0 280.0 480.0 263.0 504.0 301.0 Grasp 0
431.0 274.0 417.0 350.0 388.0 345.0 402.0 269.0 Grasp 0
403.0 288.0 390.0 359.0 361.0 354.0 374.0 283.0 Grasp 0
220.0 178.0 210.0 227.0 181.0 222.0 191.0 172.0 Grasp 0
406.0 280.0 406.0 355.0 376.0 355.0 376.0 280.0 Grasp 0
224.0 329.0 185.0 286.0 206.0 266.0 246.0 309.0 Grasp 0
368.0 85.0 317.0 70.0 325.0 40.0 376.0 54.0 Grasp 0
439.0 319.0 429.0 263.0 457.0 257.0 468.0 314.0 Grasp 0
523.0 283.0 497.0 242.0 522.0 227.0 547.0 268.0 Grasp 0
371.0 74.0 318.0 59.0 327.0 28.0 380.0 43.0 Grasp 0
389.0 134.0 282.0 164.0 271.0 128.0 378.0 97.0 Grasp 0
443.0 273.0 430.0 339.0 401.0 334.0 413.0 267.0 Grasp 0
463.0 312.0 444.0 262.0 471.0 252.0 490.0 302.0 Grasp 0
478.0 265.0 467.0 327.0 436.0 322.0 448.0 259.0 Grasp 0
454.0 321.0 437.0 277.0 465.0 266.0 482.0 310.0 Grasp 0
250.0 338.0 198.0 282.0 220.0 262.0 272.0 319.0 Grasp 0
184.0 334.0 160.0 296.0 185.0 280.0 209.0 319.0 Grasp 0
202.0 327.0 178.0 289.0 203.0 274.0 227.0 312.0 Grasp 0
373.0 158.0 283.0 166.0 279.0 129.0 369.0 121.0 Grasp 0
263.0 325.0 242.0 213.0 271.0 207.0 292.0 319.0 Grasp 0
459.0 268.0 447.0 332.0 417.0 327.0 429.0 262.0 Grasp 0
491.0 267.0 480.0 329.0 448.0 323.0 460.0 261.0 Grasp 0
346.0 183.0 278.0 132.0 300.0 103.0 368.0 154.0 Grasp 0
512.0 296.0 484.0 251.0 508.0 236.0 536.0 281.0 Grasp 0
352.0 149.0 290.0 102.0 313.0 72.0 375.0 118.0 Grasp 0
481.0 304.0 463.0 258.0 490.0 248.0 508.0 294.0 Grasp 0
347.0 166.0 292.0 150.0 302.0 115.0 357.0 131.0 Grasp 0
384.0 104.0 303.0 192.0 276.0 167.0 356.0 78.0 Grasp 0
290.0 336.0 212.0 277.0 229.0 253.0 308.0 313.0 Grasp 0
539.0 265.0 534.0 251.0 561.0 240.0 566.0 254.0 Grasp 0
509.0 307.0 465.0 259.0 486.0 239.0 530.0 288.0 Grasp 0
230.0 188.0 211.0 236.0 184.0 226.0 202.0 177.0 Grasp 0
173.0 337.0 151.0 301.0 176.0 286.0 198.0 322.0 Grasp 0
351.0 153.0 297.0 137.0 307.0 101.0 361.0 117.0 Grasp 0
241.0 193.0 205.0 285.0 178.0 275.0 213.0 183.0 Grasp 0
203.0 336.0 155.0 300.0 173.0 277.0 220.0 313.0 Grasp 0
195.0 292.0 195.0 322.0 166.0 322.0 166.0 292.0 Grasp 0
