439.0 74.0 413.0 71.0 415.0 43.0 442.0 45.0 Grasp 0
179.0 416.0 166.0 346.0 193.0 340.0 207.0 411.0 Grasp 0
308.0 217.0 273.0 272.0 247.0 257.0 282.0 201.0 Grasp 0
307.0 167.0 248.0 150.0 256.0 121.0 315.0 138.0 Grasp 0
156.0 401.0 128.0 329.0 155.0 318.0 183.0 390.0 Grasp 0
419.0 93.0 396.0 95.0 393.0 67.0 416.0 64.0 Grasp 0
480.0 331.0 480.0 396.0 451.0 396.0 451.0 331.0 Grasp 0
258.0 332.0 258.0 381.0 227.0 381.0 227.0 332.0 Grasp 0
248.0 258.0 225.0 220.0 251.0 204.0 275.0 242.0 Grasp 0
448.0 66.0 419.0 58.0 427.0 30.0 456.0 39.0 Grasp 0
312.0 155.0 252.0 172.0 244.0 143.0 304.0 126.0 Grasp 0
437.0 60.0 409.0 52.0 417.0 25.0 445.0 33.0 Grasp 0
226.0 281.0 187.0 262.0 201.0 236.0 239.0 255.0 Grasp 0
448.0 335.0 436.0 398.0 407.0 393.0 418.0 329.0 Grasp 0
188.0 385.0 169.0 355.0 194.0 339.0 213.0 370.0 Grasp 0
317.0 219.0 299.0 265.0 270.0 254.0 288.0 208.0 Grasp 0
486.0 143.0 415.0 136.0 418.0 106.0 488.0 112.0 Grasp 0
277.0 272.0 243.0 234.0 265.0 213.0 300.0 251.0 Grasp 0
435.0 392.0 423.0 331.0 453.0 325.0 464.0 386.0 Grasp 0
180.0 389.0 155.0 326.0 182.0 316.0 206.0 379.0 Grasp 0
475.0 315.0 475.0 379.0 445.0 379.0 445.0 315.0 Grasp 0
309.0 230.0 283.0 271.0 257.0 255.0 283.0 214.0 Grasp 0
428.0 79.0 402.0 77.0 405.0 49.0 431.0 51.0 Grasp 0
163.0 413.0 149.0 339.0 177.0 333.0 191.0 407.0 Grasp 0
493.0 132.0 424.0 113.0 432.0 84.0 501.0 103.0 Grasp 0
158.0 390.0 141.0 362.0 167.0 346.0 185.0 374.0 Grasp 0
418.0 84.0 393.0 81.0 396.0 53.0 421.0 55.0 Grasp 0
475.0 132.0 408.0 113.0 416.0 83.0 484.0 103.0 Grasp 0
304.0 184.0 245.0 167.0 253.0 139.0 312.0 156.0 Grasp 0
282.0 174.0 223.0 157.0 231.0 129.0 290.0 146.0 Grasp 0
153.0 417.0 125.0 344.0 151.0 333.0 180.0 406.0 Grasp 0
154.0 371.0 142.0 341.0 171.0 330.0 183.0 360.0 Grasp 0
460.0 43.0 431.0 34.0 438.0 7.0 468.0 15.0 Grasp 0
165.0 373.0 154.0 345.0 181.0 335.0 192.0 362.0 Grasp 0
243.0 388.0 199.0 339.0 220.0 320.0 265.0 368.0 Grasp 0
274.0 258.0 233.0 213.0 256.0 192.0 297.0 237.0 Grasp 0
246.0 270.0 223.0 232.0 249.0 216.0 273.0 254.0 Grasp 0
168.0 365.0 157.0 336.0 184.0 325.0 195.0 354.0 Grasp 0
452.0 338.0 452.0 399.0 422.0 399.0 422.0 338.0 Grasp 0
223.0 290.0 183.0 278.0 191.0 250.0 232.0 261.0 Grasp 0
263.0 275.0 233.0 242.0 256.0 221.0 286.0 254.0 Grasp 0
470.0 383.0 447.0 323.0 475.0 312.0 498.0 372.0 Grasp 0
469.0 327.0 456.0 392.0 427.0 387.0 439.0 322.0 Grasp 0
182.0 404.0 162.0 372.0 189.0 355.0 209.0 387.0 Grasp 0
223.0 272.0 188.0 246.0 206.0 223.0 241.0 249.0 Grasp 0
170.0 396.0 151.0 365.0 178.0 348.0 197.0 379.0 Grasp 0
453.0 59.0 426.0 51.0 434.0 24.0 461.0 31.0 Grasp 0
222.0 379.0 194.0 349.0 216.0 329.0 243.0 359.0 Grasp 0
164.0 319.0 164.0 395.0 136.0 395.0 136.0 319.0 Grasp 0
471.0 134.0 402.0 127.0 405.0 98.0 473.0 104.0 Grasp 0
216.0 263.0 185.0 230.0 206.0 210.0 237.0 244.0 Grasp 0
475.0 121.0 408.0 101.0 416.0 72.0 484.0 91.0 Grasp 0
210.0 392.0 173.0 333.0 198.0 318.0 235.0 377.0 Grasp 0
472.0 150.0 401.0 143.0 404.0 114.0 475.0 120.0 Grasp 0
443.0 46.0 420.0 34.0 432.0 8.0 456.0 20.0 Grasp 0
138.0 389.0 126.0 357.0 155.0 345.0 168.0 377.0 Grasp 0
177.0 403.0 137.0 338.0 161.0 323.0 202.0 388.0 Grasp 0
200.0 393.0 163.0 332.0 187.0 317.0 225.0 377.0 Grasp 0
447.0 405.0 435.0 341.0 464.0 336.0 476.0 399.0 Grasp 0
281.0 161.0 222.0 144.0 230.0 116.0 289.0 133.0 Grasp 0
185.0 374.0 160.0 309.0 187.0 299.0 212.0 363.0 Grasp 0
195.0 375.0 175.0 342.0 200.0 327.0 220.0 359.0 Grasp 0
