523.0 142.0 433.0 133.0 436.0 104.0 525.0 112.0 Grasp 0
299.0 331.0 230.0 297.0 244.0 271.0 312.0 305.0 Grasp 0
517.0 167.0 428.0 142.0 436.0 113.0 525.0 138.0 Grasp 0
516.0 149.0 442.0 112.0 455.0 85.0 530.0 122.0 Grasp 0
339.0 192.0 295.0 121.0 320.0 106.0 364.0 177.0 Grasp 0
243.0 123.0 243.0 222.0 214.0 222.0 214.0 123.0 Grasp 0
244.0 362.0 205.0 333.0 222.0 310.0 261.0 339.0 Grasp 0
258.0 362.0 211.0 326.0 229.0 303.0 276.0 339.0 Grasp 0
483.0 270.0 385.0 221.0 399.0 195.0 496.0 243.0 Grasp 0
491.0 252.0 394.0 204.0 407.0 177.0 505.0 226.0 Grasp 0
293.0 329.0 230.0 259.0 252.0 239.0 315.0 309.0 Grasp 0
384.0 109.0 384.0 182.0 355.0 182.0 355.0 109.0 Grasp 0
510.0 207.0 419.0 138.0 437.0 114.0 528.0 183.0 Grasp 0
340.0 184.0 327.0 113.0 356.0 108.0 369.0 178.0 Grasp 0
361.0 174.0 321.0 109.0 346.0 94.0 386.0 158.0 Grasp 0
500.0 235.0 402.0 187.0 415.0 160.0 513.0 209.0 Grasp 0
277.0 341.0 227.0 303.0 244.0 280.0 295.0 318.0 Grasp 0
524.0 131.0 439.0 123.0 442.0 93.0 527.0 101.0 Grasp 0
282.0 336.0 228.0 278.0 250.0 258.0 303.0 316.0 Grasp 0
358.0 183.0 294.0 113.0 316.0 93.0 380.0 163.0 Grasp 0
