391.0 149.0 338.0 164.0 331.0 136.0 383.0 121.0 Grasp 0
301.0 123.0 272.0 47.0 299.0 37.0 328.0 113.0 Grasp 0
338.0 258.0 295.0 245.0 303.0 218.0 346.0 230.0 Grasp 0
390.0 166.0 323.0 185.0 315.0 158.0 383.0 138.0 Grasp 0
228.0 147.0 203.0 83.0 231.0 72.0 256.0 136.0 Grasp 0
353.0 224.0 309.0 212.0 317.0 184.0 361.0 197.0 Grasp 0
326.0 288.0 283.0 275.0 290.0 248.0 334.0 260.0 Grasp 0
373.0 200.0 313.0 206.0 311.0 178.0 370.0 172.0 Grasp 0
315.0 307.0 276.0 288.0 288.0 262.0 327.0 282.0 Grasp 0
349.0 235.0 305.0 223.0 313.0 195.0 357.0 208.0 Grasp 0
358.0 214.0 314.0 201.0 322.0 174.0 366.0 186.0 Grasp 0
273.0 141.0 218.0 80.0 239.0 60.0 295.0 121.0 Grasp 0
265.0 131.0 239.0 65.0 267.0 55.0 292.0 121.0 Grasp 0
316.0 314.0 271.0 301.0 279.0 274.0 324.0 287.0 Grasp 0
371.0 111.0 285.0 46.0 302.0 23.0 389.0 88.0 Grasp 0
285.0 128.0 246.0 65.0 271.0 50.0 310.0 113.0 Grasp 0
250.0 138.0 224.0 71.0 251.0 60.0 277.0 127.0 Grasp 0
376.0 190.0 318.0 195.0 315.0 167.0 374.0 162.0 Grasp 0
335.0 267.0 291.0 255.0 299.0 227.0 343.0 240.0 Grasp 0
255.0 145.0 201.0 87.0 223.0 67.0 276.0 125.0 Grasp 0
284.0 130.0 267.0 40.0 295.0 34.0 312.0 124.0 Grasp 0
330.0 278.0 286.0 266.0 294.0 238.0 338.0 251.0 Grasp 0
344.0 247.0 300.0 235.0 307.0 207.0 351.0 220.0 Grasp 0
305.0 329.0 268.0 319.0 276.0 291.0 313.0 302.0 Grasp 0
357.0 207.0 318.0 188.0 331.0 162.0 369.0 181.0 Grasp 0
370.0 105.0 308.0 36.0 329.0 17.0 391.0 86.0 Grasp 0
239.0 142.0 214.0 77.0 241.0 67.0 266.0 131.0 Grasp 0
284.0 139.0 228.0 77.0 250.0 57.0 306.0 119.0 Grasp 0
387.0 164.0 330.0 169.0 327.0 141.0 385.0 135.0 Grasp 0
309.0 123.0 292.0 29.0 320.0 24.0 337.0 118.0 Grasp 0
