609.0 254.0 531.0 261.0 528.0 231.0 606.0 224.0 Grasp 0
339.0 160.0 269.0 154.0 272.0 124.0 342.0 130.0 Grasp 0
389.0 200.0 389.0 274.0 358.0 274.0 358.0 200.0 Grasp 0
418.0 239.0 398.0 207.0 423.0 191.0 443.0 223.0 Grasp 0
612.0 209.0 536.0 216.0 534.0 186.0 609.0 179.0 Grasp 0
452.0 305.0 445.0 345.0 416.0 339.0 424.0 300.0 Grasp 0
153.0 384.0 120.0 359.0 138.0 336.0 171.0 361.0 Grasp 0
491.0 297.0 477.0 335.0 450.0 324.0 464.0 287.0 Grasp 0
433.0 318.0 418.0 357.0 391.0 347.0 406.0 308.0 Grasp 0
614.0 231.0 538.0 238.0 535.0 208.0 611.0 201.0 Grasp 0
423.0 355.0 416.0 314.0 444.0 309.0 451.0 350.0 Grasp 0
400.0 327.0 372.0 357.0 351.0 338.0 379.0 307.0 Grasp 0
414.0 322.0 392.0 358.0 368.0 343.0 390.0 307.0 Grasp 0
424.0 323.0 408.0 364.0 381.0 354.0 397.0 313.0 Grasp 0
400.0 205.0 400.0 280.0 369.0 280.0 369.0 205.0 Grasp 0
479.0 316.0 471.0 355.0 443.0 350.0 450.0 310.0 Grasp 0
620.0 182.0 547.0 189.0 544.0 159.0 617.0 152.0 Grasp 0
605.0 293.0 525.0 300.0 522.0 270.0 602.0 263.0 Grasp 0
621.0 282.0 543.0 289.0 540.0 259.0 618.0 252.0 Grasp 0
608.0 166.0 533.0 159.0 536.0 130.0 611.0 137.0 Grasp 0
321.0 160.0 286.0 103.0 312.0 87.0 347.0 144.0 Grasp 0
598.0 118.0 536.0 87.0 549.0 61.0 611.0 91.0 Grasp 0
494.0 348.0 479.0 308.0 506.0 298.0 521.0 337.0 Grasp 0
638.0 302.0 562.0 323.0 553.0 294.0 630.0 273.0 Grasp 0
452.0 235.0 423.0 204.0 445.0 184.0 473.0 215.0 Grasp 0
608.0 79.0 538.0 73.0 541.0 43.0 611.0 50.0 Grasp 0
404.0 243.0 390.0 208.0 418.0 197.0 432.0 232.0 Grasp 0
601.0 311.0 522.0 304.0 525.0 274.0 604.0 281.0 Grasp 0
178.0 412.0 136.0 408.0 139.0 379.0 180.0 383.0 Grasp 0
612.0 178.0 538.0 171.0 541.0 141.0 615.0 148.0 Grasp 0
468.0 307.0 447.0 342.0 422.0 326.0 443.0 292.0 Grasp 0
169.0 395.0 130.0 384.0 138.0 356.0 177.0 367.0 Grasp 0
613.0 243.0 537.0 250.0 534.0 220.0 610.0 213.0 Grasp 0
620.0 205.0 543.0 198.0 546.0 168.0 622.0 175.0 Grasp 0
164.0 407.0 126.0 404.0 129.0 375.0 167.0 379.0 Grasp 0
155.0 400.0 118.0 390.0 125.0 362.0 163.0 373.0 Grasp 0
469.0 234.0 421.0 197.0 439.0 174.0 487.0 210.0 Grasp 0
324.0 147.0 262.0 116.0 275.0 89.0 338.0 119.0 Grasp 0
471.0 313.0 456.0 352.0 429.0 342.0 444.0 303.0 Grasp 0
336.0 148.0 261.0 141.0 264.0 111.0 338.0 118.0 Grasp 0
465.0 345.0 451.0 309.0 477.0 298.0 491.0 335.0 Grasp 0
449.0 338.0 442.0 300.0 470.0 295.0 477.0 332.0 Grasp 0
444.0 314.0 430.0 352.0 403.0 341.0 417.0 303.0 Grasp 0
153.0 376.0 117.0 348.0 134.0 325.0 171.0 353.0 Grasp 0
435.0 229.0 414.0 195.0 439.0 179.0 460.0 213.0 Grasp 0
165.0 415.0 129.0 419.0 126.0 390.0 163.0 386.0 Grasp 0
388.0 329.0 363.0 356.0 342.0 336.0 366.0 309.0 Grasp 0
423.0 313.0 408.0 352.0 381.0 342.0 396.0 302.0 Grasp 0
630.0 259.0 553.0 266.0 551.0 236.0 627.0 229.0 Grasp 0
477.0 305.0 470.0 344.0 442.0 338.0 449.0 299.0 Grasp 0
349.0 131.0 282.0 124.0 285.0 94.0 351.0 100.0 Grasp 0
615.0 271.0 537.0 278.0 534.0 248.0 612.0 240.0 Grasp 0
458.0 315.0 450.0 356.0 422.0 351.0 429.0 310.0 Grasp 0
144.0 422.0 105.0 323.0 132.0 312.0 171.0 411.0 Grasp 0
594.0 98.0 522.0 77.0 530.0 49.0 602.0 69.0 Grasp 0
598.0 58.0 527.0 64.0 525.0 35.0 596.0 29.0 Grasp 0
500.0 291.0 492.0 334.0 464.0 329.0 472.0 286.0 Grasp 0
450.0 353.0 435.0 313.0 462.0 303.0 477.0 342.0 Grasp 0
339.0 136.0 269.0 130.0 272.0 99.0 341.0 106.0 Grasp 0
