565.0 275.0 565.0 362.0 535.0 362.0 535.0 275.0 Grasp 0
284.0 153.0 240.0 157.0 237.0 129.0 282.0 125.0 Grasp 0
261.0 230.0 186.0 267.0 173.0 239.0 247.0 202.0 Grasp 0
589.0 274.0 589.0 362.0 559.0 362.0 559.0 274.0 Grasp 0
277.0 120.0 219.0 104.0 227.0 76.0 285.0 93.0 Grasp 0
599.0 274.0 599.0 362.0 569.0 362.0 569.0 274.0 Grasp 0
548.0 273.0 548.0 360.0 518.0 360.0 518.0 273.0 Grasp 0
265.0 192.0 193.0 272.0 171.0 251.0 243.0 172.0 Grasp 0
244.0 270.0 174.0 236.0 188.0 208.0 257.0 243.0 Grasp 0
496.0 134.0 394.0 143.0 392.0 113.0 493.0 103.0 Grasp 0
494.0 110.0 396.0 137.0 388.0 108.0 486.0 80.0 Grasp 0
252.0 231.0 186.0 237.0 183.0 207.0 249.0 201.0 Grasp 0
258.0 171.0 217.0 278.0 189.0 267.0 230.0 161.0 Grasp 0
496.0 147.0 402.0 155.0 399.0 125.0 494.0 116.0 Grasp 0
273.0 99.0 215.0 83.0 223.0 55.0 280.0 72.0 Grasp 0
502.0 181.0 396.0 172.0 399.0 141.0 505.0 151.0 Grasp 0
275.0 109.0 217.0 93.0 225.0 65.0 283.0 81.0 Grasp 0
222.0 165.0 222.0 272.0 192.0 272.0 192.0 165.0 Grasp 0
269.0 86.0 205.0 53.0 218.0 28.0 282.0 60.0 Grasp 0
279.0 131.0 229.0 126.0 231.0 98.0 282.0 102.0 Grasp 0
490.0 92.0 370.0 103.0 368.0 72.0 487.0 61.0 Grasp 0
491.0 99.0 391.0 127.0 383.0 98.0 483.0 69.0 Grasp 0
271.0 90.0 213.0 73.0 221.0 46.0 279.0 62.0 Grasp 0
576.0 274.0 576.0 362.0 546.0 362.0 546.0 274.0 Grasp 0
242.0 273.0 180.0 255.0 188.0 226.0 251.0 243.0 Grasp 0
262.0 211.0 187.0 248.0 173.0 221.0 248.0 184.0 Grasp 0
282.0 137.0 236.0 141.0 234.0 113.0 279.0 109.0 Grasp 0
504.0 111.0 409.0 159.0 395.0 131.0 490.0 84.0 Grasp 0
