369.0 264.0 355.0 231.0 382.0 220.0 395.0 254.0 Grasp 0
374.0 245.0 374.0 272.0 345.0 272.0 345.0 245.0 Grasp 0
263.0 297.0 203.0 328.0 189.0 300.0 250.0 270.0 Grasp 0
587.0 156.0 532.0 172.0 524.0 144.0 579.0 128.0 Grasp 0
528.0 71.0 463.0 77.0 460.0 48.0 525.0 42.0 Grasp 0
516.0 428.0 452.0 434.0 449.0 405.0 513.0 399.0 Grasp 0
272.0 299.0 196.0 306.0 193.0 276.0 269.0 269.0 Grasp 0
515.0 30.0 453.0 61.0 441.0 35.0 502.0 4.0 Grasp 0
539.0 55.0 476.0 73.0 468.0 45.0 531.0 27.0 Grasp 0
375.0 260.0 375.0 290.0 345.0 290.0 345.0 260.0 Grasp 0
484.0 390.0 423.0 372.0 431.0 344.0 492.0 361.0 Grasp 0
594.0 172.0 539.0 188.0 531.0 159.0 586.0 144.0 Grasp 0
289.0 303.0 217.0 323.0 209.0 294.0 281.0 274.0 Grasp 0
489.0 374.0 434.0 346.0 447.0 320.0 502.0 348.0 Grasp 0
452.0 342.0 435.0 251.0 465.0 245.0 482.0 336.0 Grasp 0
270.0 289.0 245.0 353.0 217.0 342.0 242.0 278.0 Grasp 0
587.0 140.0 537.0 165.0 524.0 139.0 574.0 113.0 Grasp 0
371.0 274.0 358.0 242.0 385.0 231.0 398.0 264.0 Grasp 0
518.0 55.0 455.0 73.0 447.0 45.0 510.0 27.0 Grasp 0
599.0 200.0 545.0 205.0 543.0 176.0 597.0 171.0 Grasp 0
475.0 374.0 420.0 347.0 433.0 321.0 488.0 349.0 Grasp 0
609.0 172.0 555.0 188.0 547.0 159.0 601.0 144.0 Grasp 0
488.0 256.0 488.0 351.0 458.0 351.0 458.0 256.0 Grasp 0
498.0 407.0 434.0 413.0 431.0 384.0 495.0 378.0 Grasp 0
496.0 393.0 434.0 387.0 437.0 358.0 498.0 364.0 Grasp 0
225.0 152.0 214.0 121.0 243.0 110.0 255.0 140.0 Grasp 0
512.0 439.0 448.0 445.0 445.0 415.0 509.0 409.0 Grasp 0
500.0 424.0 437.0 418.0 440.0 389.0 503.0 395.0 Grasp 0
479.0 421.0 416.0 427.0 414.0 398.0 477.0 392.0 Grasp 0
495.0 426.0 434.0 432.0 432.0 403.0 492.0 398.0 Grasp 0
597.0 162.0 543.0 177.0 535.0 149.0 589.0 134.0 Grasp 0
608.0 188.0 548.0 194.0 545.0 164.0 605.0 158.0 Grasp 0
589.0 188.0 534.0 183.0 537.0 154.0 591.0 159.0 Grasp 0
495.0 380.0 436.0 363.0 444.0 336.0 503.0 353.0 Grasp 0
266.0 121.0 230.0 94.0 249.0 69.0 285.0 96.0 Grasp 0
527.0 41.0 463.0 59.0 456.0 31.0 519.0 13.0 Grasp 0
518.0 411.0 453.0 417.0 450.0 387.0 515.0 381.0 Grasp 0
279.0 321.0 211.0 340.0 203.0 311.0 271.0 291.0 Grasp 0
611.0 160.0 565.0 194.0 548.0 171.0 593.0 137.0 Grasp 0
270.0 308.0 207.0 340.0 193.0 312.0 257.0 281.0 Grasp 0
495.0 402.0 433.0 397.0 436.0 368.0 497.0 374.0 Grasp 0
