507.0 240.0 489.0 286.0 463.0 276.0 481.0 230.0 Grasp 0
601.0 290.0 571.0 338.0 547.0 323.0 577.0 275.0 Grasp 0
484.0 158.0 425.0 114.0 444.0 89.0 502.0 134.0 Grasp 0
486.0 200.0 417.0 165.0 431.0 138.0 499.0 172.0 Grasp 0
539.0 274.0 508.0 323.0 483.0 308.0 514.0 258.0 Grasp 0
563.0 268.0 533.0 317.0 508.0 302.0 539.0 253.0 Grasp 0
538.0 253.0 517.0 306.0 490.0 295.0 511.0 243.0 Grasp 0
491.0 187.0 429.0 141.0 448.0 116.0 509.0 163.0 Grasp 0
422.0 246.0 385.0 218.0 404.0 194.0 440.0 221.0 Grasp 0
294.0 99.0 279.0 106.0 266.0 81.0 282.0 74.0 Grasp 0
501.0 136.0 442.0 91.0 460.0 67.0 519.0 111.0 Grasp 0
455.0 181.0 396.0 136.0 414.0 112.0 474.0 157.0 Grasp 0
444.0 237.0 385.0 193.0 403.0 169.0 462.0 213.0 Grasp 0
537.0 97.0 477.0 52.0 495.0 27.0 555.0 73.0 Grasp 0
469.0 215.0 408.0 169.0 426.0 144.0 487.0 191.0 Grasp 0
552.0 296.0 523.0 343.0 498.0 328.0 528.0 280.0 Grasp 0
590.0 328.0 551.0 371.0 529.0 351.0 568.0 308.0 Grasp 0
303.0 112.0 286.0 117.0 279.0 90.0 295.0 85.0 Grasp 0
478.0 169.0 420.0 125.0 438.0 101.0 496.0 145.0 Grasp 0
525.0 239.0 506.0 288.0 480.0 278.0 499.0 228.0 Grasp 0
415.0 234.0 388.0 204.0 410.0 183.0 437.0 213.0 Grasp 0
447.0 289.0 423.0 350.0 396.0 339.0 419.0 278.0 Grasp 0
581.0 279.0 542.0 321.0 521.0 301.0 559.0 259.0 Grasp 0
523.0 103.0 463.0 57.0 481.0 33.0 542.0 78.0 Grasp 0
508.0 260.0 489.0 309.0 462.0 298.0 481.0 250.0 Grasp 0
502.0 230.0 484.0 275.0 458.0 265.0 475.0 220.0 Grasp 0
449.0 214.0 392.0 171.0 411.0 146.0 468.0 189.0 Grasp 0
584.0 280.0 554.0 329.0 529.0 314.0 560.0 265.0 Grasp 0
558.0 65.0 489.0 31.0 503.0 3.0 572.0 38.0 Grasp 0
443.0 225.0 387.0 182.0 405.0 158.0 462.0 200.0 Grasp 0
456.0 198.0 396.0 153.0 415.0 128.0 475.0 174.0 Grasp 0
617.0 317.0 579.0 359.0 558.0 340.0 596.0 298.0 Grasp 0
564.0 263.0 526.0 304.0 505.0 285.0 543.0 244.0 Grasp 0
518.0 119.0 458.0 74.0 476.0 50.0 536.0 95.0 Grasp 0
520.0 138.0 456.0 89.0 474.0 65.0 538.0 113.0 Grasp 0
547.0 279.0 517.0 328.0 493.0 312.0 523.0 264.0 Grasp 0
488.0 142.0 429.0 97.0 447.0 73.0 506.0 117.0 Grasp 0
506.0 164.0 447.0 120.0 465.0 95.0 524.0 140.0 Grasp 0
534.0 119.0 475.0 74.0 493.0 50.0 552.0 95.0 Grasp 0
583.0 296.0 554.0 343.0 530.0 327.0 559.0 280.0 Grasp 0
514.0 266.0 496.0 313.0 470.0 303.0 488.0 256.0 Grasp 0
560.0 287.0 521.0 330.0 500.0 311.0 539.0 268.0 Grasp 0
573.0 300.0 542.0 348.0 518.0 333.0 548.0 285.0 Grasp 0
530.0 269.0 494.0 308.0 473.0 289.0 509.0 250.0 Grasp 0
553.0 76.0 484.0 42.0 497.0 14.0 566.0 49.0 Grasp 0
557.0 99.0 494.0 52.0 513.0 28.0 575.0 75.0 Grasp 0
316.0 123.0 299.0 128.0 291.0 101.0 308.0 96.0 Grasp 0
600.0 324.0 563.0 365.0 542.0 346.0 579.0 305.0 Grasp 0
547.0 259.0 511.0 298.0 490.0 279.0 526.0 239.0 Grasp 0
466.0 180.0 409.0 137.0 427.0 112.0 485.0 156.0 Grasp 0
496.0 250.0 479.0 297.0 452.0 286.0 470.0 240.0 Grasp 0
542.0 82.0 472.0 47.0 485.0 20.0 556.0 55.0 Grasp 0
409.0 256.0 383.0 227.0 405.0 207.0 431.0 235.0 Grasp 0
280.0 85.0 266.0 95.0 249.0 73.0 263.0 62.0 Grasp 0
509.0 171.0 440.0 137.0 454.0 109.0 523.0 143.0 Grasp 0
420.0 222.0 393.0 193.0 416.0 172.0 443.0 202.0 Grasp 0
468.0 228.0 401.0 194.0 414.0 166.0 482.0 200.0 Grasp 0
515.0 224.0 496.0 271.0 470.0 260.0 488.0 214.0 Grasp 0
274.0 82.0 260.0 92.0 243.0 69.0 257.0 59.0 Grasp 0
595.0 287.0 585.0 343.0 556.0 337.0 567.0 282.0 Grasp 0
525.0 254.0 505.0 304.0 479.0 294.0 498.0 243.0 Grasp 0
428.0 292.0 381.0 343.0 359.0 324.0 406.0 272.0 Grasp 0
