342.0 161.0 294.0 147.0 303.0 118.0 351.0 131.0 Grasp 0
377.0 134.0 328.0 139.0 325.0 108.0 374.0 103.0 Grasp 0
475.0 229.0 434.0 296.0 409.0 280.0 450.0 214.0 Grasp 0
348.0 176.0 300.0 162.0 308.0 132.0 356.0 146.0 Grasp 0
306.0 304.0 267.0 274.0 288.0 246.0 327.0 276.0 Grasp 0
448.0 204.0 418.0 281.0 391.0 270.0 420.0 193.0 Grasp 0
331.0 313.0 254.0 306.0 257.0 275.0 334.0 282.0 Grasp 0
358.0 279.0 282.0 336.0 263.0 311.0 339.0 254.0 Grasp 0
288.0 208.0 270.0 162.0 299.0 151.0 317.0 197.0 Grasp 0
357.0 151.0 307.0 147.0 310.0 116.0 360.0 121.0 Grasp 0
459.0 227.0 430.0 302.0 403.0 291.0 432.0 217.0 Grasp 0
453.0 199.0 438.0 280.0 409.0 274.0 424.0 194.0 Grasp 0
366.0 129.0 317.0 133.0 314.0 102.0 363.0 98.0 Grasp 0
341.0 317.0 271.0 324.0 268.0 291.0 338.0 285.0 Grasp 0
463.0 207.0 449.0 283.0 420.0 277.0 434.0 202.0 Grasp 0
435.0 278.0 420.0 201.0 449.0 195.0 464.0 273.0 Grasp 0
