482.0 364.0 473.0 339.0 500.0 328.0 510.0 353.0 Grasp 0
310.0 316.0 236.0 323.0 234.0 292.0 307.0 286.0 Grasp 0
280.0 95.0 223.0 111.0 215.0 81.0 271.0 65.0 Grasp 0
476.0 331.0 476.0 358.0 447.0 358.0 447.0 331.0 Grasp 0
265.0 73.0 213.0 87.0 205.0 58.0 256.0 43.0 Grasp 0
523.0 358.0 506.0 339.0 527.0 319.0 545.0 338.0 Grasp 0
310.0 129.0 294.0 169.0 265.0 158.0 281.0 118.0 Grasp 0
312.0 327.0 234.0 334.0 231.0 304.0 309.0 297.0 Grasp 0
527.0 209.0 518.0 233.0 491.0 222.0 500.0 198.0 Grasp 0
305.0 374.0 249.0 313.0 272.0 292.0 327.0 353.0 Grasp 0
283.0 386.0 243.0 321.0 270.0 305.0 310.0 370.0 Grasp 0
485.0 76.0 453.0 67.0 462.0 37.0 494.0 46.0 Grasp 0
268.0 47.0 204.0 41.0 207.0 10.0 271.0 16.0 Grasp 0
462.0 334.0 457.0 359.0 429.0 354.0 433.0 328.0 Grasp 0
284.0 85.0 249.0 142.0 223.0 126.0 258.0 68.0 Grasp 0
560.0 320.0 534.0 313.0 542.0 284.0 568.0 292.0 Grasp 0
277.0 290.0 263.0 367.0 233.0 362.0 248.0 285.0 Grasp 0
341.0 173.0 323.0 144.0 350.0 128.0 368.0 156.0 Grasp 0
304.0 126.0 278.0 167.0 252.0 151.0 278.0 109.0 Grasp 0
427.0 340.0 380.0 375.0 362.0 352.0 409.0 316.0 Grasp 0
435.0 351.0 397.0 393.0 376.0 374.0 415.0 332.0 Grasp 0
570.0 260.0 546.0 272.0 532.0 246.0 557.0 234.0 Grasp 0
568.0 274.0 542.0 282.0 534.0 254.0 560.0 246.0 Grasp 0
272.0 63.0 233.0 106.0 210.0 85.0 249.0 42.0 Grasp 0
457.0 111.0 424.0 94.0 437.0 67.0 471.0 84.0 Grasp 0
496.0 371.0 486.0 346.0 514.0 335.0 523.0 360.0 Grasp 0
411.0 137.0 387.0 110.0 411.0 89.0 435.0 115.0 Grasp 0
303.0 336.0 227.0 358.0 218.0 328.0 294.0 307.0 Grasp 0
403.0 146.0 379.0 120.0 402.0 99.0 426.0 125.0 Grasp 0
504.0 194.0 499.0 221.0 471.0 216.0 476.0 189.0 Grasp 0
475.0 87.0 443.0 77.0 451.0 48.0 484.0 57.0 Grasp 0
442.0 124.0 418.0 98.0 441.0 77.0 465.0 103.0 Grasp 0
514.0 198.0 509.0 226.0 480.0 220.0 485.0 193.0 Grasp 0
311.0 359.0 241.0 324.0 254.0 296.0 325.0 331.0 Grasp 0
276.0 98.0 226.0 136.0 207.0 111.0 258.0 73.0 Grasp 0
259.0 65.0 202.0 60.0 205.0 29.0 262.0 34.0 Grasp 0
300.0 112.0 254.0 162.0 231.0 141.0 277.0 91.0 Grasp 0
505.0 361.0 491.0 339.0 516.0 323.0 530.0 345.0 Grasp 0
432.0 133.0 408.0 107.0 431.0 86.0 455.0 112.0 Grasp 0
560.0 260.0 536.0 272.0 523.0 246.0 547.0 234.0 Grasp 0
482.0 183.0 482.0 236.0 453.0 236.0 453.0 183.0 Grasp 0
382.0 155.0 357.0 128.0 381.0 106.0 406.0 133.0 Grasp 0
545.0 217.0 531.0 239.0 506.0 224.0 520.0 201.0 Grasp 0
478.0 200.0 474.0 225.0 445.0 220.0 450.0 195.0 Grasp 0
297.0 371.0 221.0 333.0 235.0 306.0 310.0 344.0 Grasp 0
571.0 288.0 545.0 291.0 542.0 262.0 569.0 259.0 Grasp 0
260.0 378.0 233.0 308.0 261.0 297.0 288.0 367.0 Grasp 0
387.0 157.0 369.0 127.0 395.0 111.0 413.0 141.0 Grasp 0
569.0 307.0 541.0 305.0 544.0 275.0 572.0 278.0 Grasp 0
539.0 342.0 518.0 327.0 536.0 303.0 556.0 319.0 Grasp 0
308.0 106.0 250.0 136.0 236.0 108.0 295.0 79.0 Grasp 0
284.0 108.0 230.0 148.0 212.0 123.0 265.0 83.0 Grasp 0
488.0 342.0 483.0 368.0 454.0 363.0 459.0 337.0 Grasp 0
358.0 169.0 333.0 141.0 356.0 120.0 381.0 148.0 Grasp 0
451.0 357.0 419.0 409.0 393.0 394.0 426.0 342.0 Grasp 0
556.0 332.0 532.0 320.0 545.0 294.0 569.0 306.0 Grasp 0
436.0 124.0 406.0 101.0 425.0 77.0 454.0 99.0 Grasp 0
301.0 363.0 224.0 356.0 226.0 325.0 304.0 333.0 Grasp 0
267.0 37.0 202.0 31.0 205.0 0.0 270.0 6.0 Grasp 0
472.0 97.0 438.0 87.0 447.0 57.0 480.0 67.0 Grasp 0
565.0 325.0 539.0 318.0 547.0 290.0 573.0 297.0 Grasp 0
322.0 341.0 246.0 319.0 254.0 290.0 331.0 312.0 Grasp 0
466.0 326.0 466.0 352.0 437.0 352.0 437.0 326.0 Grasp 0
340.0 147.0 316.0 174.0 293.0 153.0 317.0 126.0 Grasp 0
294.0 381.0 266.0 308.0 294.0 297.0 322.0 370.0 Grasp 0
467.0 323.0 438.0 370.0 413.0 355.0 442.0 308.0 Grasp 0
329.0 142.0 308.0 175.0 282.0 158.0 302.0 125.0 Grasp 0
551.0 232.0 533.0 251.0 511.0 231.0 529.0 212.0 Grasp 0
471.0 336.0 471.0 363.0 442.0 363.0 442.0 336.0 Grasp 0
289.0 120.0 237.0 159.0 218.0 134.0 270.0 95.0 Grasp 0
511.0 352.0 498.0 332.0 523.0 316.0 536.0 337.0 Grasp 0
414.0 146.0 390.0 120.0 413.0 99.0 437.0 125.0 Grasp 0
569.0 241.0 548.0 257.0 530.0 233.0 551.0 217.0 Grasp 0
369.0 168.0 345.0 141.0 368.0 120.0 392.0 147.0 Grasp 0
266.0 88.0 213.0 103.0 204.0 73.0 258.0 58.0 Grasp 0
258.0 70.0 204.0 75.0 201.0 44.0 255.0 39.0 Grasp 0
282.0 83.0 232.0 120.0 214.0 95.0 263.0 58.0 Grasp 0
302.0 139.0 257.0 173.0 238.0 148.0 283.0 114.0 Grasp 0
264.0 375.0 250.0 300.0 280.0 295.0 294.0 370.0 Grasp 0
