477.0 115.0 416.0 161.0 394.0 132.0 455.0 86.0 Grasp 0
273.0 178.0 202.0 142.0 215.0 116.0 286.0 152.0 Grasp 0
339.0 320.0 259.0 328.0 256.0 299.0 337.0 291.0 Grasp 0
361.0 80.0 323.0 141.0 296.0 125.0 334.0 64.0 Grasp 0
319.0 27.0 273.0 78.0 249.0 57.0 296.0 5.0 Grasp 0
327.0 348.0 257.0 355.0 255.0 325.0 324.0 319.0 Grasp 0
269.0 215.0 195.0 194.0 203.0 166.0 277.0 187.0 Grasp 0
332.0 312.0 261.0 305.0 264.0 276.0 335.0 283.0 Grasp 0
334.0 64.0 290.0 98.0 271.0 73.0 316.0 39.0 Grasp 0
342.0 72.0 296.0 107.0 277.0 82.0 323.0 47.0 Grasp 0
476.0 137.0 399.0 144.0 396.0 108.0 472.0 101.0 Grasp 0
274.0 203.0 198.0 210.0 195.0 181.0 271.0 174.0 Grasp 0
469.0 99.0 429.0 164.0 398.0 145.0 438.0 80.0 Grasp 0
316.0 364.0 254.0 346.0 262.0 318.0 325.0 336.0 Grasp 0
268.0 165.0 203.0 133.0 215.0 107.0 281.0 140.0 Grasp 0
269.0 203.0 200.0 183.0 207.0 155.0 277.0 175.0 Grasp 0
318.0 36.0 256.0 66.0 242.0 38.0 304.0 8.0 Grasp 0
350.0 300.0 259.0 326.0 251.0 298.0 342.0 272.0 Grasp 0
327.0 342.0 257.0 336.0 260.0 306.0 330.0 313.0 Grasp 0
464.0 151.0 386.0 113.0 402.0 80.0 480.0 119.0 Grasp 0
274.0 197.0 201.0 161.0 214.0 135.0 287.0 171.0 Grasp 0
326.0 51.0 280.0 86.0 261.0 61.0 308.0 26.0 Grasp 0
282.0 209.0 195.0 234.0 187.0 206.0 274.0 181.0 Grasp 0
354.0 88.0 306.0 124.0 288.0 100.0 336.0 63.0 Grasp 0
279.0 187.0 196.0 228.0 183.0 202.0 266.0 161.0 Grasp 0
278.0 160.0 195.0 222.0 178.0 199.0 260.0 137.0 Grasp 0
287.0 209.0 198.0 253.0 185.0 227.0 274.0 183.0 Grasp 0
371.0 87.0 343.0 158.0 314.0 147.0 342.0 75.0 Grasp 0
355.0 68.0 314.0 133.0 287.0 117.0 328.0 51.0 Grasp 0
290.0 190.0 209.0 279.0 187.0 260.0 269.0 171.0 Grasp 0
458.0 86.0 458.0 159.0 422.0 159.0 422.0 86.0 Grasp 0
