540.0 136.0 489.0 174.0 470.0 149.0 521.0 111.0 Grasp 0
415.0 280.0 395.0 313.0 368.0 297.0 389.0 264.0 Grasp 0
438.0 28.0 426.0 94.0 395.0 88.0 407.0 22.0 Grasp 0
442.0 272.0 436.0 241.0 467.0 235.0 473.0 267.0 Grasp 0
324.0 160.0 289.0 163.0 286.0 133.0 321.0 129.0 Grasp 0
320.0 215.0 293.0 245.0 270.0 224.0 297.0 194.0 Grasp 0
327.0 149.0 292.0 146.0 295.0 114.0 330.0 118.0 Grasp 0
337.0 318.0 288.0 281.0 308.0 254.0 357.0 291.0 Grasp 0
479.0 264.0 459.0 242.0 482.0 221.0 503.0 243.0 Grasp 0
466.0 248.0 466.0 283.0 435.0 283.0 435.0 248.0 Grasp 0
350.0 96.0 336.0 58.0 366.0 46.0 380.0 84.0 Grasp 0
438.0 261.0 431.0 298.0 401.0 292.0 408.0 256.0 Grasp 0
496.0 241.0 470.0 221.0 489.0 196.0 515.0 216.0 Grasp 0
458.0 274.0 447.0 246.0 476.0 234.0 487.0 262.0 Grasp 0
322.0 322.0 275.0 287.0 295.0 261.0 342.0 296.0 Grasp 0
369.0 84.0 362.0 44.0 393.0 38.0 400.0 78.0 Grasp 0
485.0 253.0 464.0 230.0 487.0 209.0 508.0 231.0 Grasp 0
317.0 180.0 285.0 196.0 271.0 168.0 303.0 152.0 Grasp 0
497.0 251.0 472.0 239.0 486.0 210.0 512.0 223.0 Grasp 0
318.0 198.0 288.0 220.0 270.0 196.0 300.0 173.0 Grasp 0
343.0 115.0 322.0 82.0 349.0 65.0 370.0 98.0 Grasp 0
533.0 129.0 479.0 170.0 460.0 144.0 514.0 104.0 Grasp 0
378.0 90.0 358.0 58.0 385.0 42.0 405.0 73.0 Grasp 0
529.0 107.0 481.0 142.0 462.0 117.0 509.0 81.0 Grasp 0
386.0 40.0 386.0 79.0 354.0 79.0 354.0 40.0 Grasp 0
325.0 307.0 284.0 262.0 308.0 239.0 349.0 285.0 Grasp 0
322.0 132.0 300.0 108.0 323.0 87.0 345.0 111.0 Grasp 0
318.0 191.0 284.0 208.0 270.0 180.0 304.0 163.0 Grasp 0
330.0 135.0 301.0 121.0 315.0 92.0 344.0 107.0 Grasp 0
520.0 225.0 483.0 221.0 486.0 190.0 523.0 193.0 Grasp 0
335.0 119.0 318.0 92.0 345.0 76.0 362.0 103.0 Grasp 0
429.0 270.0 415.0 304.0 387.0 293.0 400.0 259.0 Grasp 0
467.0 264.0 451.0 237.0 478.0 221.0 494.0 247.0 Grasp 0
540.0 203.0 495.0 208.0 492.0 176.0 537.0 172.0 Grasp 0
473.0 64.0 451.0 121.0 421.0 110.0 443.0 52.0 Grasp 0
323.0 142.0 296.0 128.0 310.0 100.0 337.0 114.0 Grasp 0
346.0 291.0 285.0 260.0 299.0 231.0 361.0 261.0 Grasp 0
536.0 117.0 484.0 156.0 465.0 131.0 517.0 91.0 Grasp 0
355.0 301.0 299.0 273.0 314.0 244.0 370.0 272.0 Grasp 0
454.0 53.0 419.0 110.0 392.0 93.0 427.0 37.0 Grasp 0
453.0 253.0 453.0 289.0 422.0 289.0 422.0 253.0 Grasp 0
467.0 48.0 443.0 108.0 414.0 96.0 437.0 36.0 Grasp 0
549.0 185.0 496.0 200.0 487.0 169.0 541.0 154.0 Grasp 0
544.0 147.0 502.0 193.0 478.0 172.0 520.0 126.0 Grasp 0
362.0 90.0 348.0 53.0 377.0 41.0 392.0 78.0 Grasp 0
547.0 154.0 490.0 183.0 475.0 154.0 533.0 125.0 Grasp 0
321.0 172.0 286.0 182.0 278.0 152.0 313.0 142.0 Grasp 0
529.0 219.0 493.0 215.0 496.0 183.0 532.0 187.0 Grasp 0
335.0 124.0 308.0 110.0 322.0 82.0 349.0 96.0 Grasp 0
444.0 44.0 432.0 109.0 400.0 104.0 413.0 38.0 Grasp 0
342.0 104.0 322.0 71.0 349.0 55.0 369.0 87.0 Grasp 0
314.0 208.0 280.0 233.0 262.0 208.0 295.0 183.0 Grasp 0
351.0 304.0 333.0 210.0 365.0 205.0 382.0 298.0 Grasp 0
337.0 298.0 296.0 253.0 320.0 231.0 361.0 276.0 Grasp 0
501.0 238.0 470.0 229.0 479.0 199.0 510.0 208.0 Grasp 0
350.0 300.0 307.0 254.0 331.0 232.0 373.0 279.0 Grasp 0
