189.0 189.0 110.0 129.0 128.0 104.0 208.0 164.0 Grasp 0
393.0 336.0 379.0 264.0 409.0 259.0 423.0 330.0 Grasp 0
217.0 167.0 166.0 84.0 192.0 68.0 243.0 151.0 Grasp 0
539.0 270.0 526.0 336.0 496.0 331.0 508.0 264.0 Grasp 0
503.0 269.0 491.0 337.0 460.0 331.0 473.0 263.0 Grasp 0
613.0 211.0 549.0 229.0 541.0 201.0 605.0 182.0 Grasp 0
321.0 121.0 264.0 183.0 242.0 162.0 298.0 100.0 Grasp 0
483.0 268.0 470.0 337.0 440.0 331.0 453.0 262.0 Grasp 0
375.0 264.0 343.0 347.0 315.0 336.0 347.0 253.0 Grasp 0
402.0 265.0 389.0 338.0 359.0 333.0 372.0 260.0 Grasp 0
625.0 16.0 599.0 83.0 569.0 72.0 595.0 4.0 Grasp 0
162.0 301.0 83.0 361.0 65.0 336.0 144.0 277.0 Grasp 0
178.0 205.0 96.0 143.0 114.0 118.0 197.0 180.0 Grasp 0
309.0 103.0 247.0 171.0 224.0 150.0 286.0 82.0 Grasp 0
335.0 142.0 285.0 196.0 263.0 176.0 312.0 122.0 Grasp 0
143.0 276.0 56.0 320.0 42.0 292.0 130.0 248.0 Grasp 0
385.0 264.0 370.0 341.0 341.0 335.0 355.0 258.0 Grasp 0
535.0 270.0 507.0 342.0 478.0 330.0 506.0 258.0 Grasp 0
426.0 266.0 413.0 338.0 383.0 333.0 396.0 261.0 Grasp 0
552.0 271.0 540.0 335.0 510.0 329.0 522.0 265.0 Grasp 0
618.0 137.0 542.0 195.0 524.0 172.0 601.0 113.0 Grasp 0
170.0 312.0 105.0 383.0 82.0 362.0 147.0 291.0 Grasp 0
446.0 267.0 433.0 336.0 403.0 331.0 416.0 261.0 Grasp 0
151.0 291.0 67.0 333.0 53.0 306.0 137.0 264.0 Grasp 0
604.0 185.0 543.0 191.0 540.0 162.0 601.0 156.0 Grasp 0
349.0 169.0 275.0 206.0 261.0 178.0 335.0 142.0 Grasp 0
564.0 271.0 552.0 335.0 522.0 329.0 534.0 265.0 Grasp 0
451.0 337.0 437.0 267.0 468.0 261.0 481.0 332.0 Grasp 0
363.0 263.0 330.0 348.0 302.0 337.0 335.0 252.0 Grasp 0
415.0 265.0 401.0 338.0 371.0 332.0 385.0 259.0 Grasp 0
534.0 340.0 507.0 269.0 536.0 258.0 563.0 329.0 Grasp 0
187.0 185.0 136.0 104.0 163.0 88.0 213.0 169.0 Grasp 0
638.0 15.0 609.0 89.0 579.0 77.0 608.0 4.0 Grasp 0
367.0 338.0 353.0 263.0 382.0 257.0 397.0 332.0 Grasp 0
619.0 179.0 550.0 231.0 532.0 207.0 601.0 155.0 Grasp 0
614.0 171.0 542.0 207.0 529.0 181.0 601.0 145.0 Grasp 0
151.0 242.0 89.0 141.0 115.0 125.0 177.0 226.0 Grasp 0
602.0 195.0 545.0 200.0 542.0 171.0 600.0 166.0 Grasp 0
461.0 337.0 448.0 267.0 479.0 261.0 492.0 331.0 Grasp 0
146.0 260.0 49.0 308.0 35.0 281.0 132.0 232.0 Grasp 0
605.0 229.0 544.0 223.0 547.0 194.0 608.0 200.0 Grasp 0
607.0 19.0 578.0 67.0 551.0 50.0 580.0 2.0 Grasp 0
463.0 268.0 450.0 335.0 420.0 329.0 432.0 262.0 Grasp 0
226.0 171.0 185.0 64.0 213.0 53.0 255.0 160.0 Grasp 0
164.0 228.0 56.0 148.0 75.0 123.0 182.0 204.0 Grasp 0
208.0 180.0 136.0 101.0 159.0 81.0 230.0 159.0 Grasp 0
205.0 180.0 118.0 114.0 137.0 89.0 224.0 155.0 Grasp 0
317.0 84.0 276.0 189.0 247.0 178.0 288.0 73.0 Grasp 0
282.0 245.0 282.0 355.0 253.0 355.0 253.0 245.0 Grasp 0
488.0 343.0 459.0 266.0 487.0 255.0 517.0 332.0 Grasp 0
516.0 269.0 504.0 337.0 473.0 331.0 486.0 263.0 Grasp 0
329.0 103.0 292.0 200.0 263.0 189.0 300.0 92.0 Grasp 0
344.0 139.0 302.0 206.0 276.0 190.0 318.0 122.0 Grasp 0
303.0 93.0 238.0 165.0 215.0 144.0 280.0 72.0 Grasp 0
