402.0 371.0 375.0 301.0 402.0 291.0 429.0 360.0 Grasp 0
370.0 371.0 344.0 304.0 371.0 294.0 397.0 361.0 Grasp 0
352.0 302.0 340.0 370.0 311.0 364.0 324.0 297.0 Grasp 0
501.0 277.0 486.0 355.0 458.0 349.0 472.0 272.0 Grasp 0
425.0 366.0 399.0 299.0 426.0 288.0 452.0 355.0 Grasp 0
376.0 367.0 364.0 302.0 392.0 296.0 405.0 361.0 Grasp 0
300.0 363.0 290.0 310.0 318.0 305.0 328.0 357.0 Grasp 0
490.0 353.0 448.0 285.0 473.0 270.0 515.0 338.0 Grasp 0
396.0 80.0 343.0 23.0 364.0 4.0 417.0 61.0 Grasp 0
317.0 37.0 248.0 56.0 241.0 29.0 309.0 9.0 Grasp 0
383.0 302.0 383.0 361.0 354.0 361.0 354.0 302.0 Grasp 0
336.0 372.0 310.0 305.0 337.0 295.0 363.0 361.0 Grasp 0
320.0 309.0 310.0 363.0 282.0 358.0 292.0 304.0 Grasp 0
460.0 357.0 434.0 289.0 461.0 279.0 487.0 347.0 Grasp 0
273.0 282.0 209.0 276.0 212.0 248.0 276.0 254.0 Grasp 0
313.0 305.0 288.0 369.0 262.0 358.0 287.0 295.0 Grasp 0
507.0 276.0 507.0 348.0 478.0 348.0 478.0 276.0 Grasp 0
444.0 358.0 420.0 296.0 447.0 286.0 471.0 348.0 Grasp 0
351.0 373.0 325.0 307.0 352.0 297.0 378.0 363.0 Grasp 0
301.0 312.0 281.0 363.0 255.0 353.0 274.0 302.0 Grasp 0
396.0 299.0 368.0 371.0 341.0 361.0 370.0 289.0 Grasp 0
299.0 266.0 209.0 274.0 207.0 246.0 297.0 238.0 Grasp 0
323.0 371.0 298.0 307.0 325.0 297.0 350.0 361.0 Grasp 0
428.0 291.0 428.0 365.0 398.0 365.0 398.0 291.0 Grasp 0
337.0 308.0 313.0 369.0 287.0 359.0 310.0 298.0 Grasp 0
337.0 304.0 337.0 364.0 308.0 364.0 308.0 304.0 Grasp 0
402.0 299.0 389.0 367.0 361.0 361.0 373.0 294.0 Grasp 0
422.0 370.0 380.0 301.0 405.0 286.0 447.0 354.0 Grasp 0
464.0 355.0 450.0 280.0 479.0 274.0 493.0 350.0 Grasp 0
363.0 301.0 351.0 370.0 322.0 364.0 335.0 296.0 Grasp 0
349.0 303.0 322.0 373.0 295.0 363.0 322.0 293.0 Grasp 0
422.0 292.0 408.0 367.0 379.0 361.0 393.0 287.0 Grasp 0
490.0 350.0 464.0 282.0 491.0 271.0 518.0 339.0 Grasp 0
514.0 335.0 439.0 298.0 453.0 272.0 527.0 309.0 Grasp 0
518.0 284.0 490.0 357.0 463.0 346.0 491.0 273.0 Grasp 0
480.0 358.0 437.0 288.0 461.0 273.0 505.0 343.0 Grasp 0
372.0 301.0 360.0 367.0 332.0 362.0 344.0 296.0 Grasp 0
406.0 87.0 328.0 48.0 341.0 23.0 419.0 62.0 Grasp 0
379.0 109.0 312.0 75.0 325.0 50.0 392.0 83.0 Grasp 0
