615.0 301.0 562.0 359.0 538.0 338.0 591.0 280.0 Grasp 0
292.0 358.0 231.0 327.0 245.0 298.0 307.0 329.0 Grasp 0
297.0 303.0 237.0 273.0 251.0 245.0 311.0 275.0 Grasp 0
603.0 247.0 581.0 364.0 550.0 358.0 571.0 241.0 Grasp 0
299.0 312.0 244.0 296.0 253.0 265.0 308.0 281.0 Grasp 0
508.0 163.0 406.0 172.0 402.0 138.0 505.0 128.0 Grasp 0
443.0 256.0 368.0 249.0 372.0 212.0 446.0 219.0 Grasp 0
288.0 376.0 228.0 346.0 242.0 317.0 302.0 347.0 Grasp 0
289.0 361.0 235.0 356.0 238.0 323.0 292.0 328.0 Grasp 0
498.0 118.0 436.0 51.0 458.0 30.0 520.0 98.0 Grasp 0
507.0 109.0 447.0 43.0 469.0 23.0 529.0 89.0 Grasp 0
295.0 340.0 233.0 309.0 247.0 280.0 309.0 311.0 Grasp 0
306.0 126.0 202.0 135.0 199.0 106.0 304.0 96.0 Grasp 0
611.0 308.0 541.0 344.0 527.0 316.0 597.0 280.0 Grasp 0
290.0 295.0 239.0 256.0 258.0 230.0 310.0 269.0 Grasp 0
291.0 321.0 242.0 307.0 251.0 276.0 300.0 290.0 Grasp 0
615.0 338.0 550.0 357.0 541.0 326.0 606.0 308.0 Grasp 0
432.0 273.0 366.0 255.0 377.0 219.0 443.0 237.0 Grasp 0
515.0 152.0 464.0 283.0 433.0 271.0 484.0 140.0 Grasp 0
294.0 286.0 247.0 234.0 270.0 213.0 317.0 265.0 Grasp 0
