608.0 288.0 582.0 358.0 554.0 347.0 581.0 278.0 Grasp 0
564.0 245.0 558.0 276.0 527.0 270.0 532.0 239.0 Grasp 0
610.0 307.0 584.0 373.0 557.0 362.0 582.0 297.0 Grasp 0
573.0 235.0 548.0 299.0 519.0 289.0 544.0 224.0 Grasp 0
537.0 189.0 497.0 178.0 506.0 148.0 545.0 159.0 Grasp 0
574.0 257.0 569.0 283.0 538.0 277.0 542.0 251.0 Grasp 0
599.0 294.0 559.0 358.0 534.0 342.0 574.0 279.0 Grasp 0
317.0 89.0 273.0 122.0 253.0 95.0 297.0 62.0 Grasp 0
237.0 84.0 237.0 157.0 203.0 157.0 203.0 84.0 Grasp 0
584.0 149.0 506.0 127.0 514.0 98.0 592.0 120.0 Grasp 0
611.0 327.0 566.0 377.0 544.0 357.0 589.0 307.0 Grasp 0
529.0 192.0 482.0 188.0 485.0 158.0 532.0 162.0 Grasp 0
421.0 220.0 398.0 280.0 369.0 269.0 393.0 209.0 Grasp 0
541.0 267.0 541.0 242.0 573.0 242.0 573.0 267.0 Grasp 0
605.0 243.0 595.0 269.0 562.0 256.0 572.0 230.0 Grasp 0
583.0 229.0 559.0 289.0 531.0 278.0 554.0 218.0 Grasp 0
597.0 239.0 590.0 258.0 559.0 246.0 567.0 227.0 Grasp 0
468.0 216.0 468.0 280.0 438.0 280.0 438.0 216.0 Grasp 0
327.0 339.0 281.0 374.0 264.0 350.0 309.0 316.0 Grasp 0
232.0 171.0 210.0 115.0 238.0 105.0 259.0 160.0 Grasp 0
610.0 237.0 600.0 261.0 567.0 248.0 576.0 224.0 Grasp 0
305.0 249.0 285.0 243.0 294.0 213.0 313.0 218.0 Grasp 0
543.0 165.0 475.0 131.0 488.0 103.0 557.0 138.0 Grasp 0
595.0 247.0 589.0 277.0 554.0 270.0 560.0 240.0 Grasp 0
522.0 209.0 485.0 199.0 493.0 170.0 530.0 180.0 Grasp 0
583.0 266.0 579.0 291.0 544.0 285.0 549.0 260.0 Grasp 0
307.0 349.0 253.0 376.0 240.0 350.0 294.0 323.0 Grasp 0
350.0 197.0 325.0 204.0 317.0 175.0 342.0 168.0 Grasp 0
