534.0 196.0 495.0 200.0 493.0 171.0 531.0 168.0 Grasp 0
517.0 186.0 478.0 197.0 470.0 169.0 510.0 158.0 Grasp 0
479.0 107.0 469.0 132.0 442.0 122.0 452.0 97.0 Grasp 0
527.0 206.0 487.0 210.0 484.0 181.0 525.0 177.0 Grasp 0
415.0 261.0 415.0 234.0 444.0 234.0 444.0 261.0 Grasp 0
536.0 230.0 495.0 218.0 503.0 190.0 544.0 202.0 Grasp 0
486.0 126.0 472.0 149.0 447.0 134.0 462.0 110.0 Grasp 0
508.0 149.0 484.0 167.0 467.0 144.0 490.0 126.0 Grasp 0
525.0 176.0 489.0 187.0 481.0 159.0 517.0 149.0 Grasp 0
513.0 168.0 485.0 182.0 472.0 156.0 500.0 142.0 Grasp 0
255.0 89.0 226.0 111.0 209.0 88.0 238.0 66.0 Grasp 0
468.0 87.0 463.0 113.0 434.0 108.0 439.0 81.0 Grasp 0
354.0 186.0 279.0 104.0 302.0 83.0 377.0 165.0 Grasp 0
542.0 353.0 484.0 348.0 487.0 318.0 545.0 324.0 Grasp 0
456.0 77.0 451.0 104.0 423.0 99.0 428.0 71.0 Grasp 0
257.0 98.0 225.0 123.0 207.0 100.0 240.0 75.0 Grasp 0
473.0 92.0 468.0 119.0 440.0 114.0 445.0 86.0 Grasp 0
364.0 182.0 291.0 102.0 313.0 82.0 386.0 162.0 Grasp 0
422.0 131.0 337.0 67.0 355.0 43.0 440.0 107.0 Grasp 0
401.0 153.0 332.0 77.0 354.0 57.0 423.0 133.0 Grasp 0
498.0 145.0 478.0 166.0 457.0 147.0 476.0 126.0 Grasp 0
403.0 287.0 397.0 257.0 426.0 252.0 431.0 281.0 Grasp 0
538.0 216.0 498.0 212.0 501.0 183.0 541.0 187.0 Grasp 0
604.0 287.0 589.0 325.0 562.0 314.0 577.0 277.0 Grasp 0
