428.0 96.0 415.0 169.0 385.0 163.0 399.0 91.0 Grasp 0
324.0 178.0 297.0 109.0 325.0 99.0 351.0 168.0 Grasp 0
308.0 184.0 281.0 115.0 309.0 104.0 336.0 173.0 Grasp 0
302.0 194.0 252.0 139.0 274.0 119.0 324.0 174.0 Grasp 0
427.0 302.0 409.0 349.0 382.0 339.0 400.0 291.0 Grasp 0
513.0 128.0 491.0 186.0 463.0 175.0 486.0 117.0 Grasp 0
440.0 308.0 425.0 348.0 398.0 337.0 414.0 297.0 Grasp 0
394.0 297.0 385.0 344.0 357.0 339.0 366.0 292.0 Grasp 0
385.0 297.0 366.0 348.0 339.0 338.0 359.0 287.0 Grasp 0
356.0 296.0 336.0 347.0 309.0 337.0 329.0 286.0 Grasp 0
297.0 189.0 270.0 120.0 298.0 109.0 324.0 178.0 Grasp 0
476.0 108.0 430.0 181.0 405.0 166.0 451.0 92.0 Grasp 0
491.0 110.0 478.0 182.0 449.0 176.0 462.0 104.0 Grasp 0
286.0 294.0 263.0 352.0 237.0 342.0 259.0 284.0 Grasp 0
373.0 172.0 358.0 92.0 388.0 86.0 403.0 167.0 Grasp 0
523.0 134.0 501.0 189.0 474.0 178.0 496.0 123.0 Grasp 0
501.0 113.0 488.0 185.0 459.0 179.0 472.0 107.0 Grasp 0
272.0 211.0 231.0 191.0 244.0 164.0 285.0 185.0 Grasp 0
324.0 295.0 302.0 352.0 276.0 341.0 298.0 285.0 Grasp 0
317.0 352.0 281.0 294.0 305.0 279.0 341.0 337.0 Grasp 0
273.0 203.0 239.0 149.0 264.0 134.0 298.0 187.0 Grasp 0
361.0 296.0 352.0 343.0 324.0 338.0 333.0 290.0 Grasp 0
225.0 350.0 205.0 298.0 232.0 288.0 252.0 339.0 Grasp 0
292.0 197.0 246.0 146.0 268.0 126.0 314.0 177.0 Grasp 0
350.0 170.0 335.0 95.0 365.0 90.0 379.0 165.0 Grasp 0
408.0 299.0 388.0 349.0 362.0 339.0 381.0 289.0 Grasp 0
348.0 175.0 319.0 100.0 346.0 89.0 376.0 165.0 Grasp 0
247.0 299.0 240.0 338.0 212.0 332.0 219.0 294.0 Grasp 0
482.0 113.0 457.0 178.0 429.0 167.0 454.0 102.0 Grasp 0
261.0 295.0 231.0 343.0 207.0 328.0 237.0 280.0 Grasp 0
268.0 348.0 247.0 295.0 274.0 285.0 294.0 338.0 Grasp 0
287.0 347.0 266.0 293.0 293.0 283.0 314.0 337.0 Grasp 0
533.0 141.0 513.0 192.0 486.0 181.0 505.0 130.0 Grasp 0
462.0 103.0 450.0 172.0 420.0 167.0 433.0 98.0 Grasp 0
417.0 300.0 397.0 350.0 371.0 339.0 390.0 290.0 Grasp 0
262.0 232.0 221.0 220.0 229.0 193.0 270.0 204.0 Grasp 0
375.0 297.0 355.0 348.0 328.0 338.0 348.0 287.0 Grasp 0
296.0 294.0 274.0 352.0 247.0 342.0 270.0 284.0 Grasp 0
258.0 218.0 230.0 204.0 243.0 178.0 271.0 192.0 Grasp 0
280.0 197.0 253.0 128.0 280.0 117.0 307.0 187.0 Grasp 0
329.0 294.0 319.0 346.0 291.0 341.0 301.0 289.0 Grasp 0
361.0 93.0 361.0 176.0 331.0 176.0 331.0 93.0 Grasp 0
329.0 173.0 316.0 101.0 345.0 95.0 359.0 168.0 Grasp 0
398.0 349.0 379.0 297.0 405.0 287.0 425.0 338.0 Grasp 0
268.0 298.0 250.0 345.0 223.0 335.0 241.0 288.0 Grasp 0
400.0 300.0 368.0 353.0 343.0 338.0 376.0 285.0 Grasp 0
309.0 295.0 287.0 352.0 260.0 342.0 282.0 285.0 Grasp 0
308.0 343.0 299.0 293.0 327.0 288.0 336.0 338.0 Grasp 0
362.0 169.0 348.0 95.0 377.0 89.0 391.0 163.0 Grasp 0
255.0 228.0 217.0 200.0 235.0 177.0 273.0 205.0 Grasp 0
394.0 353.0 359.0 297.0 383.0 282.0 418.0 338.0 Grasp 0
344.0 295.0 324.0 347.0 297.0 336.0 317.0 285.0 Grasp 0
250.0 299.0 226.0 337.0 202.0 322.0 225.0 284.0 Grasp 0
266.0 355.0 228.0 293.0 252.0 278.0 290.0 340.0 Grasp 0
244.0 356.0 207.0 297.0 232.0 282.0 268.0 341.0 Grasp 0
448.0 99.0 435.0 170.0 405.0 164.0 419.0 93.0 Grasp 0
347.0 184.0 282.0 113.0 305.0 93.0 369.0 164.0 Grasp 0
410.0 93.0 410.0 165.0 380.0 165.0 380.0 93.0 Grasp 0
