558.0 165.0 532.0 231.0 506.0 221.0 531.0 155.0 Grasp 0
491.0 282.0 491.0 340.0 461.0 340.0 461.0 282.0 Grasp 0
506.0 137.0 441.0 105.0 454.0 79.0 519.0 111.0 Grasp 0
547.0 105.0 445.0 95.0 448.0 66.0 550.0 76.0 Grasp 0
376.0 77.0 312.0 29.0 330.0 6.0 394.0 54.0 Grasp 0
267.0 267.0 196.0 261.0 198.0 231.0 270.0 238.0 Grasp 0
476.0 274.0 459.0 364.0 431.0 358.0 447.0 269.0 Grasp 0
380.0 74.0 280.0 64.0 282.0 35.0 383.0 44.0 Grasp 0
480.0 274.0 480.0 353.0 450.0 353.0 450.0 274.0 Grasp 0
518.0 126.0 443.0 89.0 456.0 63.0 531.0 100.0 Grasp 0
501.0 285.0 468.0 371.0 441.0 360.0 474.0 275.0 Grasp 0
268.0 265.0 189.0 243.0 197.0 214.0 276.0 236.0 Grasp 0
548.0 166.0 521.0 236.0 494.0 226.0 522.0 156.0 Grasp 0
268.0 277.0 203.0 283.0 200.0 253.0 266.0 247.0 Grasp 0
553.0 88.0 447.0 78.0 450.0 49.0 555.0 59.0 Grasp 0
477.0 343.0 450.0 272.0 478.0 262.0 505.0 332.0 Grasp 0
492.0 158.0 428.0 110.0 445.0 87.0 509.0 135.0 Grasp 0
456.0 354.0 427.0 280.0 455.0 270.0 483.0 343.0 Grasp 0
267.0 259.0 184.0 218.0 197.0 191.0 280.0 232.0 Grasp 0
538.0 168.0 510.0 240.0 484.0 229.0 511.0 158.0 Grasp 0
554.0 77.0 449.0 67.0 451.0 38.0 557.0 48.0 Grasp 0
469.0 275.0 435.0 364.0 408.0 353.0 442.0 264.0 Grasp 0
366.0 83.0 305.0 37.0 322.0 13.0 384.0 60.0 Grasp 0
568.0 167.0 559.0 212.0 531.0 207.0 539.0 162.0 Grasp 0
526.0 118.0 444.0 77.0 457.0 51.0 539.0 92.0 Grasp 0
