359.0 220.0 300.0 204.0 308.0 174.0 367.0 191.0 Grasp 0
432.0 153.0 401.0 102.0 425.0 87.0 456.0 138.0 Grasp 0
593.0 65.0 553.0 108.0 532.0 88.0 571.0 45.0 Grasp 0
609.0 78.0 567.0 124.0 545.0 104.0 586.0 58.0 Grasp 0
574.0 55.0 543.0 104.0 518.0 89.0 549.0 39.0 Grasp 0
366.0 174.0 305.0 157.0 313.0 127.0 374.0 145.0 Grasp 0
429.0 162.0 393.0 122.0 414.0 103.0 450.0 143.0 Grasp 0
347.0 266.0 283.0 260.0 286.0 230.0 350.0 236.0 Grasp 0
349.0 192.0 287.0 174.0 295.0 145.0 358.0 163.0 Grasp 0
430.0 178.0 401.0 131.0 426.0 116.0 454.0 163.0 Grasp 0
326.0 281.0 267.0 264.0 275.0 236.0 334.0 253.0 Grasp 0
600.0 65.0 569.0 116.0 543.0 101.0 575.0 49.0 Grasp 0
380.0 298.0 361.0 307.0 349.0 282.0 368.0 272.0 Grasp 0
566.0 52.0 526.0 95.0 504.0 75.0 544.0 32.0 Grasp 0
354.0 339.0 335.0 341.0 332.0 313.0 351.0 311.0 Grasp 0
352.0 232.0 290.0 227.0 292.0 197.0 355.0 202.0 Grasp 0
372.0 185.0 311.0 167.0 320.0 137.0 381.0 154.0 Grasp 0
561.0 39.0 521.0 83.0 499.0 63.0 539.0 19.0 Grasp 0
536.0 24.0 505.0 74.0 480.0 58.0 511.0 8.0 Grasp 0
355.0 207.0 299.0 179.0 313.0 151.0 369.0 179.0 Grasp 0
337.0 255.0 272.0 249.0 275.0 219.0 339.0 225.0 Grasp 0
344.0 254.0 281.0 236.0 289.0 207.0 352.0 224.0 Grasp 0
333.0 243.0 270.0 226.0 278.0 197.0 341.0 215.0 Grasp 0
254.0 162.0 251.0 182.0 223.0 176.0 227.0 156.0 Grasp 0
523.0 25.0 492.0 75.0 467.0 59.0 498.0 10.0 Grasp 0
342.0 226.0 283.0 209.0 292.0 179.0 350.0 196.0 Grasp 0
339.0 215.0 279.0 198.0 287.0 168.0 348.0 186.0 Grasp 0
370.0 192.0 308.0 187.0 311.0 156.0 373.0 162.0 Grasp 0
360.0 329.0 340.0 331.0 337.0 302.0 357.0 301.0 Grasp 0
543.0 40.0 504.0 83.0 482.0 64.0 522.0 20.0 Grasp 0
574.0 67.0 542.0 117.0 517.0 102.0 549.0 51.0 Grasp 0
332.0 287.0 270.0 281.0 273.0 252.0 334.0 258.0 Grasp 0
442.0 166.0 405.0 125.0 426.0 106.0 463.0 147.0 Grasp 0
407.0 128.0 402.0 152.0 374.0 146.0 379.0 123.0 Grasp 0
425.0 166.0 380.0 132.0 397.0 109.0 442.0 143.0 Grasp 0
617.0 78.0 585.0 129.0 560.0 113.0 592.0 62.0 Grasp 0
426.0 188.0 397.0 141.0 421.0 126.0 450.0 173.0 Grasp 0
365.0 324.0 345.0 326.0 342.0 298.0 363.0 296.0 Grasp 0
440.0 144.0 395.0 94.0 417.0 75.0 462.0 124.0 Grasp 0
578.0 41.0 547.0 91.0 521.0 75.0 552.0 25.0 Grasp 0
380.0 168.0 315.0 150.0 323.0 120.0 389.0 138.0 Grasp 0
585.0 51.0 554.0 100.0 529.0 85.0 560.0 35.0 Grasp 0
562.0 27.0 523.0 70.0 501.0 50.0 540.0 7.0 Grasp 0
326.0 252.0 274.0 212.0 292.0 188.0 344.0 228.0 Grasp 0
206.0 191.0 199.0 172.0 225.0 161.0 233.0 180.0 Grasp 0
354.0 169.0 288.0 163.0 291.0 132.0 357.0 138.0 Grasp 0
597.0 82.0 539.0 111.0 526.0 84.0 583.0 56.0 Grasp 0
275.0 157.0 272.0 176.0 244.0 171.0 248.0 151.0 Grasp 0
415.0 199.0 395.0 147.0 421.0 136.0 442.0 188.0 Grasp 0
287.0 154.0 279.0 173.0 253.0 163.0 260.0 143.0 Grasp 0
355.0 249.0 292.0 231.0 301.0 202.0 363.0 220.0 Grasp 0
311.0 295.0 261.0 257.0 278.0 233.0 329.0 271.0 Grasp 0
587.0 77.0 546.0 123.0 524.0 103.0 565.0 58.0 Grasp 0
410.0 164.0 366.0 130.0 383.0 107.0 428.0 141.0 Grasp 0
356.0 163.0 292.0 145.0 301.0 115.0 364.0 133.0 Grasp 0
346.0 282.0 285.0 276.0 287.0 247.0 349.0 252.0 Grasp 0
466.0 176.0 421.0 127.0 443.0 108.0 487.0 156.0 Grasp 0
572.0 31.0 541.0 82.0 515.0 66.0 546.0 16.0 Grasp 0
238.0 166.0 234.0 186.0 206.0 181.0 210.0 161.0 Grasp 0
372.0 311.0 353.0 316.0 345.0 289.0 365.0 283.0 Grasp 0
358.0 247.0 300.0 276.0 286.0 249.0 345.0 220.0 Grasp 0
385.0 293.0 367.0 302.0 354.0 276.0 372.0 267.0 Grasp 0
345.0 213.0 286.0 184.0 300.0 156.0 359.0 186.0 Grasp 0
606.0 87.0 550.0 115.0 537.0 88.0 593.0 60.0 Grasp 0
390.0 287.0 372.0 296.0 359.0 271.0 377.0 262.0 Grasp 0
582.0 48.0 535.0 84.0 517.0 60.0 564.0 24.0 Grasp 0
357.0 199.0 296.0 193.0 299.0 163.0 360.0 168.0 Grasp 0
