327.0 148.0 270.0 164.0 262.0 135.0 319.0 119.0 Grasp 0
308.0 193.0 246.0 211.0 238.0 182.0 300.0 164.0 Grasp 0
574.0 223.0 537.0 182.0 559.0 162.0 597.0 203.0 Grasp 0
529.0 240.0 491.0 198.0 513.0 178.0 551.0 220.0 Grasp 0
286.0 342.0 210.0 304.0 222.0 278.0 299.0 317.0 Grasp 0
583.0 206.0 547.0 166.0 569.0 145.0 605.0 185.0 Grasp 0
463.0 280.0 439.0 242.0 464.0 226.0 488.0 264.0 Grasp 0
515.0 260.0 472.0 228.0 490.0 204.0 533.0 236.0 Grasp 0
575.0 193.0 530.0 160.0 549.0 136.0 593.0 169.0 Grasp 0
460.0 293.0 433.0 251.0 458.0 235.0 485.0 278.0 Grasp 0
557.0 234.0 519.0 193.0 542.0 173.0 579.0 214.0 Grasp 0
442.0 303.0 424.0 257.0 452.0 247.0 469.0 292.0 Grasp 0
374.0 203.0 353.0 168.0 378.0 153.0 399.0 187.0 Grasp 0
322.0 387.0 307.0 383.0 315.0 356.0 330.0 360.0 Grasp 0
313.0 177.0 252.0 194.0 244.0 166.0 305.0 148.0 Grasp 0
319.0 154.0 265.0 181.0 252.0 154.0 306.0 127.0 Grasp 0
421.0 293.0 421.0 310.0 393.0 310.0 393.0 293.0 Grasp 0
477.0 274.0 448.0 241.0 469.0 221.0 499.0 254.0 Grasp 0
486.0 265.0 462.0 225.0 487.0 209.0 511.0 249.0 Grasp 0
518.0 246.0 480.0 204.0 502.0 184.0 540.0 226.0 Grasp 0
316.0 155.0 270.0 132.0 283.0 105.0 330.0 128.0 Grasp 0
564.0 204.0 521.0 171.0 539.0 147.0 583.0 180.0 Grasp 0
374.0 214.0 353.0 180.0 377.0 165.0 398.0 199.0 Grasp 0
522.0 262.0 484.0 220.0 506.0 200.0 544.0 242.0 Grasp 0
468.0 301.0 430.0 272.0 448.0 249.0 485.0 277.0 Grasp 0
536.0 235.0 507.0 187.0 532.0 171.0 562.0 219.0 Grasp 0
313.0 160.0 257.0 144.0 265.0 115.0 321.0 131.0 Grasp 0
505.0 268.0 469.0 240.0 486.0 217.0 523.0 244.0 Grasp 0
315.0 138.0 261.0 154.0 252.0 125.0 306.0 110.0 Grasp 0
314.0 190.0 252.0 185.0 254.0 155.0 316.0 161.0 Grasp 0
308.0 161.0 251.0 167.0 249.0 137.0 306.0 132.0 Grasp 0
270.0 348.0 193.0 309.0 206.0 284.0 283.0 322.0 Grasp 0
319.0 167.0 263.0 172.0 260.0 143.0 316.0 138.0 Grasp 0
280.0 335.0 210.0 282.0 227.0 259.0 297.0 312.0 Grasp 0
490.0 275.0 459.0 241.0 481.0 221.0 512.0 255.0 Grasp 0
569.0 205.0 533.0 166.0 555.0 145.0 592.0 185.0 Grasp 0
542.0 242.0 491.0 227.0 500.0 199.0 550.0 213.0 Grasp 0
565.0 222.0 518.0 186.0 536.0 162.0 583.0 198.0 Grasp 0
308.0 200.0 251.0 228.0 238.0 202.0 295.0 173.0 Grasp 0
298.0 195.0 235.0 189.0 237.0 159.0 301.0 165.0 Grasp 0
533.0 256.0 496.0 215.0 517.0 196.0 555.0 236.0 Grasp 0
326.0 150.0 272.0 145.0 275.0 116.0 329.0 121.0 Grasp 0
