378.0 262.0 370.0 223.0 398.0 218.0 405.0 256.0 Grasp 0
445.0 258.0 432.0 189.0 460.0 184.0 473.0 253.0 Grasp 0
405.0 106.0 347.0 77.0 360.0 50.0 419.0 80.0 Grasp 0
385.0 387.0 328.0 324.0 349.0 305.0 406.0 367.0 Grasp 0
347.0 379.0 312.0 323.0 336.0 308.0 371.0 364.0 Grasp 0
345.0 179.0 306.0 136.0 327.0 116.0 366.0 159.0 Grasp 0
476.0 255.0 449.0 184.0 475.0 174.0 503.0 245.0 Grasp 0
399.0 114.0 342.0 86.0 355.0 59.0 412.0 88.0 Grasp 0
502.0 246.0 418.0 204.0 431.0 179.0 515.0 220.0 Grasp 0
391.0 146.0 304.0 138.0 307.0 109.0 394.0 117.0 Grasp 0
353.0 171.0 301.0 145.0 314.0 119.0 366.0 144.0 Grasp 0
426.0 72.0 374.0 33.0 392.0 9.0 444.0 48.0 Grasp 0
376.0 149.0 319.0 121.0 332.0 95.0 389.0 123.0 Grasp 0
413.0 195.0 400.0 267.0 371.0 262.0 385.0 190.0 Grasp 0
418.0 85.0 365.0 45.0 383.0 21.0 436.0 61.0 Grasp 0
349.0 324.0 328.0 376.0 302.0 365.0 322.0 314.0 Grasp 0
437.0 277.0 383.0 218.0 404.0 199.0 458.0 258.0 Grasp 0
285.0 323.0 250.0 379.0 225.0 364.0 260.0 307.0 Grasp 0
369.0 141.0 328.0 110.0 346.0 87.0 387.0 118.0 Grasp 0
475.0 260.0 434.0 193.0 458.0 178.0 499.0 245.0 Grasp 0
467.0 267.0 421.0 192.0 445.0 177.0 492.0 252.0 Grasp 0
247.0 259.0 192.0 198.0 214.0 178.0 269.0 239.0 Grasp 0
327.0 323.0 307.0 375.0 280.0 365.0 301.0 313.0 Grasp 0
290.0 322.0 270.0 375.0 243.0 365.0 264.0 312.0 Grasp 0
430.0 260.0 418.0 193.0 446.0 188.0 459.0 254.0 Grasp 0
405.0 324.0 385.0 376.0 358.0 365.0 378.0 314.0 Grasp 0
389.0 379.0 357.0 327.0 381.0 312.0 413.0 364.0 Grasp 0
419.0 205.0 419.0 260.0 390.0 260.0 390.0 205.0 Grasp 0
434.0 189.0 419.0 267.0 391.0 262.0 405.0 183.0 Grasp 0
445.0 265.0 406.0 202.0 430.0 187.0 469.0 250.0 Grasp 0
414.0 262.0 402.0 199.0 430.0 194.0 442.0 256.0 Grasp 0
342.0 12.0 329.0 81.0 301.0 75.0 314.0 7.0 Grasp 0
300.0 32.0 300.0 87.0 271.0 87.0 271.0 32.0 Grasp 0
410.0 124.0 324.0 116.0 326.0 87.0 412.0 95.0 Grasp 0
410.0 93.0 360.0 55.0 378.0 31.0 428.0 69.0 Grasp 0
250.0 256.0 197.0 171.0 222.0 155.0 275.0 241.0 Grasp 0
419.0 332.0 404.0 371.0 377.0 360.0 392.0 322.0 Grasp 0
338.0 185.0 296.0 153.0 313.0 130.0 356.0 162.0 Grasp 0
507.0 191.0 461.0 265.0 437.0 250.0 483.0 176.0 Grasp 0
395.0 217.0 387.0 264.0 358.0 258.0 367.0 212.0 Grasp 0
494.0 246.0 444.0 191.0 465.0 172.0 515.0 227.0 Grasp 0
259.0 376.0 218.0 330.0 239.0 311.0 281.0 357.0 Grasp 0
408.0 276.0 374.0 222.0 398.0 207.0 432.0 261.0 Grasp 0
300.0 322.0 280.0 375.0 253.0 365.0 274.0 312.0 Grasp 0
390.0 125.0 336.0 99.0 349.0 72.0 403.0 99.0 Grasp 0
431.0 63.0 381.0 25.0 399.0 1.0 449.0 39.0 Grasp 0
401.0 108.0 352.0 54.0 374.0 33.0 423.0 88.0 Grasp 0
290.0 266.0 220.0 286.0 212.0 259.0 282.0 239.0 Grasp 0
382.0 325.0 362.0 376.0 335.0 366.0 355.0 315.0 Grasp 0
457.0 269.0 412.0 196.0 436.0 181.0 481.0 254.0 Grasp 0
339.0 15.0 308.0 94.0 282.0 84.0 313.0 5.0 Grasp 0
359.0 325.0 339.0 376.0 312.0 366.0 332.0 314.0 Grasp 0
267.0 153.0 211.0 244.0 186.0 228.0 242.0 138.0 Grasp 0
321.0 23.0 309.0 90.0 280.0 85.0 293.0 18.0 Grasp 0
356.0 165.0 310.0 131.0 328.0 107.0 373.0 141.0 Grasp 0
430.0 265.0 396.0 210.0 420.0 195.0 454.0 250.0 Grasp 0
303.0 371.0 294.0 321.0 322.0 316.0 331.0 366.0 Grasp 0
327.0 376.0 306.0 323.0 333.0 312.0 354.0 366.0 Grasp 0
488.0 180.0 474.0 259.0 446.0 253.0 460.0 174.0 Grasp 0
245.0 261.0 191.0 220.0 209.0 197.0 263.0 237.0 Grasp 0
393.0 139.0 322.0 118.0 330.0 90.0 401.0 110.0 Grasp 0
498.0 178.0 498.0 252.0 469.0 252.0 469.0 178.0 Grasp 0
286.0 164.0 211.0 245.0 190.0 225.0 264.0 144.0 Grasp 0
415.0 91.0 372.0 20.0 397.0 5.0 441.0 75.0 Grasp 0
269.0 329.0 243.0 372.0 218.0 357.0 245.0 313.0 Grasp 0
504.0 238.0 432.0 202.0 445.0 176.0 517.0 212.0 Grasp 0
395.0 278.0 363.0 226.0 387.0 211.0 419.0 263.0 Grasp 0
303.0 209.0 288.0 132.0 317.0 127.0 331.0 204.0 Grasp 0
434.0 284.0 347.0 241.0 360.0 216.0 447.0 259.0 Grasp 0
369.0 326.0 350.0 376.0 323.0 365.0 342.0 315.0 Grasp 0
309.0 202.0 279.0 153.0 303.0 138.0 334.0 187.0 Grasp 0
456.0 256.0 443.0 183.0 471.0 178.0 484.0 251.0 Grasp 0
387.0 325.0 378.0 372.0 350.0 366.0 358.0 319.0 Grasp 0
258.0 243.0 201.0 215.0 214.0 188.0 271.0 217.0 Grasp 0
285.0 84.0 276.0 35.0 304.0 30.0 313.0 79.0 Grasp 0
389.0 120.0 342.0 69.0 364.0 49.0 411.0 100.0 Grasp 0
311.0 323.0 291.0 375.0 264.0 365.0 284.0 312.0 Grasp 0
429.0 99.0 339.0 91.0 342.0 61.0 432.0 69.0 Grasp 0
437.0 75.0 360.0 53.0 368.0 24.0 445.0 46.0 Grasp 0
426.0 93.0 348.0 71.0 356.0 42.0 434.0 64.0 Grasp 0
334.0 322.0 325.0 371.0 297.0 366.0 306.0 317.0 Grasp 0
309.0 136.0 309.0 238.0 280.0 238.0 280.0 136.0 Grasp 0
321.0 227.0 228.0 273.0 216.0 248.0 308.0 202.0 Grasp 0
