474.0 78.0 400.0 41.0 413.0 16.0 487.0 53.0 Grasp 0
466.0 92.0 395.0 57.0 408.0 32.0 478.0 67.0 Grasp 0
606.0 200.0 569.0 260.0 543.0 245.0 581.0 184.0 Grasp 0
486.0 300.0 438.0 353.0 417.0 334.0 465.0 281.0 Grasp 0
480.0 174.0 439.0 218.0 418.0 199.0 458.0 154.0 Grasp 0
327.0 315.0 226.0 365.0 213.0 339.0 314.0 289.0 Grasp 0
440.0 151.0 372.0 131.0 380.0 103.0 448.0 122.0 Grasp 0
621.0 206.0 594.0 276.0 566.0 265.0 593.0 196.0 Grasp 0
447.0 131.0 381.0 113.0 389.0 84.0 455.0 103.0 Grasp 0
577.0 206.0 561.0 247.0 533.0 236.0 549.0 195.0 Grasp 0
316.0 271.0 230.0 206.0 248.0 182.0 334.0 247.0 Grasp 0
489.0 311.0 421.0 345.0 408.0 320.0 476.0 286.0 Grasp 0
449.0 118.0 386.0 86.0 398.0 60.0 462.0 92.0 Grasp 0
544.0 190.0 514.0 237.0 488.0 221.0 517.0 173.0 Grasp 0
453.0 136.0 373.0 129.0 376.0 99.0 456.0 107.0 Grasp 0
284.0 371.0 207.0 287.0 228.0 268.0 305.0 352.0 Grasp 0
571.0 196.0 539.0 247.0 513.0 230.0 545.0 180.0 Grasp 0
243.0 357.0 213.0 279.0 240.0 268.0 270.0 346.0 Grasp 0
531.0 188.0 505.0 230.0 478.0 213.0 504.0 171.0 Grasp 0
470.0 285.0 402.0 337.0 385.0 314.0 453.0 262.0 Grasp 0
318.0 306.0 285.0 360.0 261.0 345.0 294.0 291.0 Grasp 0
479.0 292.0 411.0 343.0 394.0 321.0 462.0 269.0 Grasp 0
415.0 228.0 415.0 334.0 386.0 334.0 386.0 228.0 Grasp 0
324.0 260.0 238.0 195.0 256.0 171.0 342.0 236.0 Grasp 0
509.0 188.0 436.0 224.0 423.0 198.0 496.0 162.0 Grasp 0
563.0 277.0 549.0 199.0 578.0 194.0 593.0 271.0 Grasp 0
469.0 102.0 388.0 79.0 396.0 51.0 477.0 74.0 Grasp 0
499.0 177.0 451.0 229.0 429.0 210.0 477.0 157.0 Grasp 0
607.0 209.0 586.0 263.0 558.0 252.0 579.0 198.0 Grasp 0
482.0 65.0 405.0 26.0 418.0 1.0 495.0 40.0 Grasp 0
487.0 169.0 466.0 223.0 439.0 213.0 459.0 159.0 Grasp 0
485.0 242.0 470.0 162.0 499.0 156.0 514.0 236.0 Grasp 0
330.0 316.0 278.0 373.0 257.0 353.0 308.0 296.0 Grasp 0
470.0 115.0 375.0 124.0 372.0 94.0 467.0 86.0 Grasp 0
472.0 105.0 382.0 97.0 385.0 68.0 474.0 77.0 Grasp 0
498.0 176.0 424.0 213.0 411.0 187.0 485.0 150.0 Grasp 0
313.0 284.0 210.0 233.0 223.0 206.0 326.0 258.0 Grasp 0
351.0 225.0 264.0 160.0 282.0 136.0 369.0 202.0 Grasp 0
557.0 191.0 526.0 241.0 499.0 225.0 530.0 175.0 Grasp 0
588.0 207.0 570.0 255.0 542.0 244.0 560.0 196.0 Grasp 0
618.0 211.0 556.0 257.0 538.0 233.0 600.0 187.0 Grasp 0
465.0 234.0 450.0 155.0 479.0 150.0 493.0 229.0 Grasp 0
451.0 138.0 372.0 145.0 370.0 116.0 448.0 109.0 Grasp 0
