237.0 330.0 187.0 316.0 195.0 288.0 245.0 302.0 Grasp 0
235.0 315.0 182.0 289.0 195.0 263.0 248.0 289.0 Grasp 0
238.0 338.0 192.0 334.0 194.0 305.0 241.0 309.0 Grasp 0
235.0 307.0 178.0 264.0 195.0 241.0 252.0 284.0 Grasp 0
235.0 292.0 178.0 249.0 196.0 226.0 252.0 269.0 Grasp 0
236.0 355.0 197.0 358.0 195.0 329.0 233.0 326.0 Grasp 0
235.0 289.0 174.0 223.0 196.0 204.0 256.0 270.0 Grasp 0
237.0 298.0 187.0 284.0 194.0 256.0 245.0 271.0 Grasp 0
399.0 250.0 306.0 296.0 292.0 268.0 385.0 222.0 Grasp 0
237.0 351.0 183.0 324.0 196.0 298.0 250.0 325.0 Grasp 0
238.0 349.0 193.0 345.0 196.0 316.0 241.0 321.0 Grasp 0
236.0 309.0 193.0 305.0 195.0 276.0 238.0 280.0 Grasp 0
