545.0 267.0 470.0 261.0 473.0 233.0 547.0 239.0 Grasp 0
438.0 150.0 345.0 158.0 343.0 130.0 435.0 121.0 Grasp 0
323.0 213.0 288.0 303.0 261.0 293.0 296.0 202.0 Grasp 0
431.0 141.0 356.0 134.0 358.0 105.0 434.0 112.0 Grasp 0
400.0 206.0 341.0 161.0 358.0 138.0 418.0 183.0 Grasp 0
567.0 97.0 482.0 121.0 474.0 93.0 559.0 69.0 Grasp 0
405.0 209.0 344.0 192.0 352.0 164.0 412.0 181.0 Grasp 0
426.0 143.0 366.0 97.0 383.0 74.0 443.0 120.0 Grasp 0
606.0 191.0 535.0 244.0 518.0 221.0 589.0 167.0 Grasp 0
571.0 107.0 484.0 131.0 476.0 103.0 563.0 79.0 Grasp 0
282.0 203.0 265.0 290.0 236.0 284.0 253.0 198.0 Grasp 0
300.0 213.0 257.0 282.0 232.0 266.0 275.0 198.0 Grasp 0
383.0 251.0 334.0 214.0 352.0 191.0 401.0 227.0 Grasp 0
576.0 107.0 492.0 149.0 479.0 122.0 563.0 80.0 Grasp 0
426.0 151.0 358.0 117.0 371.0 91.0 439.0 125.0 Grasp 0
552.0 64.0 466.0 72.0 463.0 42.0 549.0 35.0 Grasp 0
586.0 144.0 486.0 154.0 483.0 124.0 583.0 115.0 Grasp 0
569.0 96.0 473.0 105.0 470.0 76.0 566.0 67.0 Grasp 0
400.0 277.0 334.0 350.0 312.0 330.0 378.0 257.0 Grasp 0
386.0 244.0 328.0 200.0 346.0 176.0 404.0 220.0 Grasp 0
406.0 200.0 342.0 151.0 359.0 128.0 424.0 177.0 Grasp 0
438.0 107.0 362.0 129.0 354.0 101.0 430.0 80.0 Grasp 0
563.0 84.0 461.0 75.0 464.0 46.0 566.0 55.0 Grasp 0
277.0 213.0 238.0 256.0 216.0 237.0 256.0 193.0 Grasp 0
429.0 134.0 363.0 115.0 371.0 88.0 437.0 106.0 Grasp 0
546.0 32.0 491.0 121.0 466.0 105.0 521.0 17.0 Grasp 0
556.0 76.0 478.0 98.0 470.0 70.0 548.0 48.0 Grasp 0
545.0 262.0 486.0 279.0 478.0 252.0 537.0 235.0 Grasp 0
319.0 217.0 256.0 285.0 235.0 265.0 297.0 197.0 Grasp 0
441.0 156.0 347.0 183.0 339.0 155.0 433.0 128.0 Grasp 0
569.0 94.0 463.0 85.0 466.0 55.0 571.0 65.0 Grasp 0
545.0 258.0 462.0 250.0 464.0 222.0 547.0 230.0 Grasp 0
425.0 157.0 354.0 136.0 362.0 108.0 433.0 129.0 Grasp 0
343.0 228.0 305.0 327.0 277.0 316.0 316.0 217.0 Grasp 0
547.0 52.0 475.0 88.0 462.0 62.0 534.0 26.0 Grasp 0
304.0 209.0 287.0 297.0 258.0 291.0 275.0 203.0 Grasp 0
271.0 206.0 248.0 264.0 221.0 253.0 243.0 196.0 Grasp 0
602.0 192.0 527.0 229.0 514.0 203.0 589.0 165.0 Grasp 0
415.0 193.0 343.0 173.0 351.0 145.0 423.0 165.0 Grasp 0
401.0 276.0 314.0 342.0 296.0 318.0 383.0 253.0 Grasp 0
