415.0 220.0 381.0 183.0 402.0 164.0 436.0 201.0 Grasp 0
389.0 285.0 368.0 338.0 341.0 328.0 362.0 274.0 Grasp 0
473.0 194.0 438.0 155.0 459.0 136.0 494.0 175.0 Grasp 0
389.0 231.0 357.0 195.0 378.0 176.0 410.0 212.0 Grasp 0
308.0 364.0 250.0 336.0 263.0 310.0 320.0 339.0 Grasp 0
485.0 183.0 455.0 151.0 476.0 132.0 506.0 164.0 Grasp 0
325.0 308.0 284.0 373.0 260.0 358.0 301.0 293.0 Grasp 0
377.0 242.0 335.0 210.0 352.0 188.0 394.0 219.0 Grasp 0
436.0 206.0 412.0 167.0 436.0 152.0 460.0 191.0 Grasp 0
376.0 245.0 321.0 218.0 334.0 193.0 389.0 220.0 Grasp 0
357.0 287.0 302.0 377.0 277.0 362.0 333.0 272.0 Grasp 0
300.0 280.0 241.0 235.0 258.0 212.0 317.0 257.0 Grasp 0
323.0 264.0 245.0 226.0 258.0 200.0 336.0 239.0 Grasp 0
333.0 296.0 321.0 361.0 293.0 356.0 305.0 290.0 Grasp 0
331.0 296.0 302.0 373.0 275.0 363.0 305.0 286.0 Grasp 0
333.0 359.0 251.0 335.0 259.0 308.0 341.0 331.0 Grasp 0
451.0 204.0 417.0 166.0 437.0 147.0 472.0 185.0 Grasp 0
352.0 333.0 337.0 295.0 364.0 284.0 379.0 322.0 Grasp 0
369.0 334.0 343.0 291.0 367.0 276.0 394.0 319.0 Grasp 0
303.0 285.0 226.0 247.0 239.0 221.0 315.0 259.0 Grasp 0
279.0 218.0 263.0 302.0 235.0 297.0 251.0 213.0 Grasp 0
489.0 135.0 489.0 185.0 461.0 185.0 461.0 135.0 Grasp 0
359.0 286.0 347.0 352.0 319.0 347.0 331.0 280.0 Grasp 0
381.0 280.0 353.0 352.0 326.0 342.0 355.0 269.0 Grasp 0
393.0 225.0 369.0 188.0 393.0 173.0 417.0 210.0 Grasp 0
462.0 199.0 427.0 160.0 448.0 141.0 483.0 180.0 Grasp 0
334.0 342.0 324.0 292.0 352.0 287.0 362.0 337.0 Grasp 0
421.0 212.0 397.0 174.0 421.0 159.0 445.0 198.0 Grasp 0
343.0 291.0 331.0 358.0 303.0 353.0 315.0 286.0 Grasp 0
370.0 232.0 351.0 200.0 375.0 185.0 394.0 217.0 Grasp 0
311.0 223.0 256.0 313.0 231.0 297.0 287.0 208.0 Grasp 0
386.0 237.0 344.0 205.0 361.0 183.0 403.0 215.0 Grasp 0
323.0 268.0 213.0 278.0 210.0 250.0 320.0 239.0 Grasp 0
411.0 231.0 350.0 201.0 362.0 175.0 423.0 206.0 Grasp 0
382.0 329.0 344.0 300.0 361.0 277.0 399.0 306.0 Grasp 0
356.0 233.0 341.0 209.0 365.0 194.0 380.0 218.0 Grasp 0
452.0 213.0 389.0 181.0 402.0 156.0 465.0 187.0 Grasp 0
332.0 267.0 216.0 257.0 218.0 228.0 334.0 239.0 Grasp 0
356.0 246.0 327.0 213.0 348.0 194.0 377.0 227.0 Grasp 0
474.0 202.0 410.0 170.0 422.0 145.0 487.0 177.0 Grasp 0
292.0 281.0 258.0 226.0 282.0 211.0 316.0 266.0 Grasp 0
373.0 188.0 363.0 245.0 335.0 240.0 345.0 183.0 Grasp 0
340.0 254.0 293.0 219.0 310.0 196.0 357.0 231.0 Grasp 0
440.0 217.0 378.0 186.0 390.0 161.0 453.0 192.0 Grasp 0
