493.0 101.0 493.0 168.0 464.0 168.0 464.0 101.0 Grasp 0
232.0 381.0 204.0 310.0 232.0 299.0 260.0 370.0 Grasp 0
544.0 99.0 531.0 167.0 502.0 162.0 515.0 94.0 Grasp 0
538.0 167.0 463.0 110.0 480.0 87.0 556.0 144.0 Grasp 0
460.0 342.0 414.0 268.0 439.0 252.0 485.0 327.0 Grasp 0
511.0 99.0 498.0 172.0 469.0 167.0 483.0 94.0 Grasp 0
473.0 336.0 427.0 261.0 452.0 245.0 499.0 321.0 Grasp 0
580.0 282.0 534.0 207.0 559.0 191.0 606.0 266.0 Grasp 0
253.0 211.0 184.0 159.0 201.0 136.0 271.0 188.0 Grasp 0
267.0 225.0 207.0 255.0 195.0 230.0 254.0 200.0 Grasp 0
530.0 99.0 516.0 170.0 488.0 165.0 501.0 93.0 Grasp 0
446.0 349.0 400.0 276.0 426.0 260.0 471.0 333.0 Grasp 0
506.0 100.0 475.0 180.0 447.0 169.0 478.0 90.0 Grasp 0
535.0 100.0 484.0 182.0 460.0 167.0 510.0 85.0 Grasp 0
505.0 162.0 493.0 100.0 522.0 94.0 534.0 157.0 Grasp 0
275.0 237.0 216.0 301.0 195.0 282.0 254.0 218.0 Grasp 0
268.0 235.0 207.0 265.0 195.0 240.0 255.0 210.0 Grasp 0
492.0 327.0 445.0 251.0 470.0 236.0 517.0 311.0 Grasp 0
555.0 297.0 507.0 219.0 533.0 203.0 581.0 281.0 Grasp 0
552.0 106.0 511.0 172.0 486.0 157.0 527.0 91.0 Grasp 0
533.0 308.0 485.0 230.0 510.0 214.0 558.0 292.0 Grasp 0
487.0 105.0 474.0 175.0 445.0 170.0 458.0 99.0 Grasp 0
255.0 214.0 191.0 182.0 203.0 156.0 267.0 188.0 Grasp 0
272.0 237.0 209.0 284.0 192.0 262.0 255.0 214.0 Grasp 0
