265.0 269.0 223.0 337.0 196.0 320.0 238.0 252.0 Grasp 0
620.0 463.0 573.0 427.0 591.0 404.0 638.0 439.0 Grasp 0
262.0 287.0 195.0 337.0 177.0 312.0 243.0 262.0 Grasp 0
186.0 214.0 154.0 264.0 130.0 249.0 161.0 199.0 Grasp 0
217.0 231.0 179.0 291.0 154.0 276.0 192.0 215.0 Grasp 0
478.0 19.0 467.0 78.0 437.0 72.0 448.0 13.0 Grasp 0
634.0 472.0 572.0 478.0 569.0 448.0 631.0 442.0 Grasp 0
482.0 33.0 471.0 90.0 441.0 84.0 452.0 27.0 Grasp 0
259.0 267.0 202.0 330.0 179.0 309.0 236.0 246.0 Grasp 0
215.0 271.0 207.0 312.0 176.0 306.0 184.0 265.0 Grasp 0
205.0 231.0 156.0 285.0 134.0 265.0 183.0 211.0 Grasp 0
193.0 230.0 167.0 298.0 140.0 287.0 166.0 219.0 Grasp 0
258.0 316.0 177.0 339.0 168.0 309.0 249.0 286.0 Grasp 0
424.0 335.0 363.0 268.0 385.0 248.0 446.0 315.0 Grasp 0
199.0 231.0 185.0 302.0 157.0 297.0 170.0 226.0 Grasp 0
455.0 19.0 443.0 80.0 414.0 74.0 425.0 13.0 Grasp 0
168.0 235.0 146.0 292.0 120.0 281.0 142.0 224.0 Grasp 0
239.0 255.0 195.0 325.0 170.0 309.0 213.0 239.0 Grasp 0
389.0 320.0 373.0 303.0 395.0 283.0 410.0 300.0 Grasp 0
615.0 484.0 560.0 469.0 568.0 440.0 623.0 456.0 Grasp 0
252.0 253.0 188.0 301.0 170.0 277.0 234.0 229.0 Grasp 0
183.0 229.0 156.0 298.0 129.0 288.0 156.0 218.0 Grasp 0
627.0 453.0 578.0 416.0 596.0 392.0 645.0 429.0 Grasp 0
604.0 485.0 556.0 448.0 573.0 425.0 622.0 462.0 Grasp 0
223.0 330.0 206.0 242.0 237.0 237.0 253.0 324.0 Grasp 0
439.0 324.0 377.0 255.0 398.0 236.0 461.0 304.0 Grasp 0
253.0 263.0 184.0 315.0 165.0 290.0 234.0 238.0 Grasp 0
621.0 473.0 565.0 445.0 578.0 418.0 634.0 446.0 Grasp 0
257.0 324.0 196.0 278.0 214.0 253.0 276.0 299.0 Grasp 0
250.0 339.0 174.0 318.0 183.0 287.0 259.0 309.0 Grasp 0
283.0 290.0 207.0 328.0 193.0 299.0 269.0 262.0 Grasp 0
221.0 250.0 205.0 331.0 175.0 326.0 190.0 244.0 Grasp 0
218.0 236.0 192.0 302.0 165.0 292.0 191.0 226.0 Grasp 0
453.0 305.0 435.0 207.0 464.0 202.0 482.0 299.0 Grasp 0
632.0 482.0 580.0 456.0 593.0 430.0 645.0 456.0 Grasp 0
367.0 325.0 357.0 299.0 384.0 288.0 394.0 314.0 Grasp 0
