369.0 305.0 347.0 322.0 329.0 299.0 352.0 281.0 Grasp 0
354.0 288.0 326.0 301.0 313.0 275.0 340.0 261.0 Grasp 0
372.0 219.0 356.0 194.0 381.0 179.0 396.0 203.0 Grasp 0
562.0 345.0 527.0 335.0 535.0 308.0 570.0 318.0 Grasp 0
350.0 221.0 335.0 196.0 359.0 181.0 374.0 206.0 Grasp 0
359.0 294.0 336.0 311.0 318.0 288.0 341.0 271.0 Grasp 0
300.0 266.0 271.0 269.0 269.0 240.0 297.0 237.0 Grasp 0
573.0 363.0 536.0 353.0 544.0 325.0 581.0 336.0 Grasp 0
579.0 324.0 543.0 314.0 551.0 287.0 587.0 297.0 Grasp 0
331.0 270.0 305.0 283.0 292.0 257.0 318.0 244.0 Grasp 0
586.0 263.0 551.0 260.0 554.0 232.0 588.0 235.0 Grasp 0
342.0 276.0 316.0 289.0 303.0 263.0 329.0 250.0 Grasp 0
322.0 229.0 308.0 206.0 333.0 191.0 347.0 213.0 Grasp 0
594.0 255.0 559.0 246.0 567.0 218.0 601.0 228.0 Grasp 0
573.0 353.0 536.0 342.0 544.0 314.0 580.0 325.0 Grasp 0
574.0 314.0 539.0 304.0 547.0 276.0 582.0 286.0 Grasp 0
318.0 178.0 301.0 268.0 272.0 263.0 289.0 173.0 Grasp 0
300.0 226.0 274.0 207.0 292.0 184.0 317.0 203.0 Grasp 0
584.0 292.0 548.0 282.0 556.0 255.0 592.0 265.0 Grasp 0
569.0 330.0 533.0 319.0 541.0 292.0 577.0 302.0 Grasp 0
581.0 279.0 545.0 276.0 548.0 247.0 584.0 251.0 Grasp 0
328.0 185.0 312.0 272.0 283.0 267.0 300.0 180.0 Grasp 0
293.0 213.0 274.0 192.0 296.0 172.0 315.0 193.0 Grasp 0
590.0 282.0 556.0 272.0 564.0 245.0 598.0 255.0 Grasp 0
567.0 319.0 532.0 309.0 540.0 281.0 575.0 291.0 Grasp 0
252.0 283.0 220.0 201.0 248.0 190.0 280.0 272.0 Grasp 0
559.0 362.0 523.0 351.0 530.0 324.0 567.0 334.0 Grasp 0
573.0 303.0 538.0 293.0 546.0 266.0 581.0 276.0 Grasp 0
313.0 268.0 285.0 276.0 277.0 248.0 305.0 240.0 Grasp 0
305.0 225.0 286.0 204.0 307.0 185.0 326.0 206.0 Grasp 0
377.0 308.0 357.0 330.0 335.0 310.0 354.0 288.0 Grasp 0
339.0 230.0 324.0 205.0 348.0 190.0 364.0 215.0 Grasp 0
584.0 303.0 548.0 293.0 556.0 266.0 592.0 276.0 Grasp 0
604.0 256.0 569.0 246.0 577.0 218.0 612.0 228.0 Grasp 0
581.0 334.0 544.0 330.0 547.0 301.0 584.0 305.0 Grasp 0
309.0 204.0 276.0 291.0 248.0 281.0 282.0 193.0 Grasp 0
377.0 212.0 367.0 187.0 394.0 177.0 404.0 202.0 Grasp 0
360.0 219.0 345.0 195.0 370.0 180.0 384.0 204.0 Grasp 0
309.0 184.0 276.0 268.0 250.0 258.0 282.0 173.0 Grasp 0
309.0 187.0 250.0 252.0 229.0 233.0 288.0 168.0 Grasp 0
