293.0 374.0 277.0 284.0 305.0 279.0 322.0 368.0 Grasp 0
315.0 384.0 278.0 288.0 305.0 278.0 342.0 373.0 Grasp 0
410.0 187.0 344.0 181.0 347.0 150.0 413.0 156.0 Grasp 0
425.0 138.0 352.0 131.0 355.0 99.0 428.0 105.0 Grasp 0
257.0 273.0 257.0 365.0 228.0 365.0 228.0 273.0 Grasp 0
407.0 315.0 407.0 378.0 377.0 378.0 377.0 315.0 Grasp 0
408.0 208.0 334.0 202.0 337.0 171.0 411.0 178.0 Grasp 0
243.0 276.0 228.0 359.0 200.0 354.0 215.0 270.0 Grasp 0
413.0 316.0 369.0 387.0 344.0 371.0 388.0 300.0 Grasp 0
437.0 110.0 357.0 118.0 354.0 84.0 434.0 77.0 Grasp 0
253.0 279.0 237.0 361.0 209.0 356.0 225.0 274.0 Grasp 0
272.0 283.0 258.0 361.0 229.0 356.0 244.0 278.0 Grasp 0
421.0 152.0 350.0 145.0 353.0 112.0 424.0 119.0 Grasp 0
436.0 89.0 365.0 82.0 368.0 48.0 440.0 54.0 Grasp 0
404.0 313.0 359.0 386.0 334.0 370.0 379.0 298.0 Grasp 0
423.0 169.0 342.0 177.0 339.0 145.0 421.0 137.0 Grasp 0
299.0 284.0 299.0 368.0 270.0 368.0 270.0 284.0 Grasp 0
295.0 289.0 281.0 363.0 253.0 358.0 266.0 283.0 Grasp 0
419.0 164.0 346.0 157.0 349.0 125.0 422.0 132.0 Grasp 0
334.0 383.0 299.0 292.0 327.0 281.0 362.0 372.0 Grasp 0
426.0 114.0 359.0 95.0 368.0 63.0 435.0 82.0 Grasp 0
228.0 271.0 212.0 358.0 184.0 353.0 200.0 266.0 Grasp 0
282.0 285.0 267.0 362.0 239.0 357.0 253.0 280.0 Grasp 0
387.0 294.0 312.0 237.0 330.0 214.0 405.0 270.0 Grasp 0
414.0 191.0 338.0 199.0 335.0 167.0 411.0 160.0 Grasp 0
440.0 95.0 360.0 103.0 357.0 69.0 437.0 61.0 Grasp 0
385.0 286.0 315.0 210.0 337.0 189.0 407.0 266.0 Grasp 0
314.0 376.0 298.0 293.0 327.0 287.0 343.0 371.0 Grasp 0
418.0 318.0 394.0 380.0 366.0 369.0 390.0 308.0 Grasp 0
398.0 315.0 331.0 388.0 309.0 368.0 376.0 295.0 Grasp 0
