573.0 169.0 508.0 163.0 510.0 134.0 576.0 140.0 Grasp 0
564.0 179.0 527.0 118.0 551.0 103.0 589.0 164.0 Grasp 0
561.0 283.0 525.0 293.0 517.0 265.0 553.0 255.0 Grasp 0
556.0 178.0 515.0 132.0 536.0 113.0 578.0 159.0 Grasp 0
390.0 115.0 312.0 56.0 330.0 32.0 409.0 91.0 Grasp 0
554.0 194.0 510.0 172.0 523.0 147.0 567.0 168.0 Grasp 0
372.0 195.0 242.0 207.0 239.0 176.0 369.0 164.0 Grasp 0
496.0 366.0 478.0 337.0 503.0 321.0 521.0 350.0 Grasp 0
385.0 158.0 348.0 63.0 376.0 52.0 413.0 147.0 Grasp 0
535.0 204.0 505.0 126.0 532.0 116.0 562.0 193.0 Grasp 0
399.0 103.0 367.0 51.0 393.0 35.0 425.0 87.0 Grasp 0
511.0 359.0 490.0 326.0 515.0 310.0 536.0 344.0 Grasp 0
540.0 212.0 500.0 181.0 517.0 158.0 558.0 189.0 Grasp 0
516.0 362.0 476.0 332.0 494.0 309.0 533.0 338.0 Grasp 0
421.0 99.0 386.0 43.0 412.0 27.0 447.0 83.0 Grasp 0
364.0 351.0 299.0 370.0 290.0 340.0 356.0 322.0 Grasp 0
562.0 290.0 528.0 287.0 531.0 257.0 564.0 260.0 Grasp 0
475.0 332.0 461.0 368.0 435.0 358.0 449.0 322.0 Grasp 0
391.0 111.0 342.0 57.0 365.0 37.0 413.0 90.0 Grasp 0
545.0 325.0 512.0 316.0 520.0 288.0 553.0 297.0 Grasp 0
527.0 349.0 496.0 325.0 514.0 302.0 544.0 325.0 Grasp 0
493.0 326.0 484.0 372.0 455.0 367.0 464.0 321.0 Grasp 0
557.0 254.0 523.0 271.0 510.0 245.0 544.0 228.0 Grasp 0
546.0 239.0 518.0 253.0 505.0 227.0 533.0 213.0 Grasp 0
450.0 89.0 429.0 36.0 458.0 24.0 479.0 78.0 Grasp 0
439.0 298.0 411.0 342.0 386.0 327.0 414.0 282.0 Grasp 0
443.0 310.0 419.0 350.0 394.0 335.0 419.0 295.0 Grasp 0
560.0 276.0 523.0 279.0 521.0 250.0 557.0 246.0 Grasp 0
477.0 369.0 462.0 330.0 489.0 319.0 504.0 359.0 Grasp 0
287.0 77.0 203.0 101.0 195.0 72.0 279.0 48.0 Grasp 0
600.0 134.0 511.0 178.0 498.0 153.0 587.0 108.0 Grasp 0
570.0 171.0 533.0 111.0 557.0 96.0 594.0 156.0 Grasp 0
570.0 163.0 531.0 133.0 548.0 110.0 587.0 140.0 Grasp 0
455.0 328.0 443.0 359.0 416.0 349.0 428.0 317.0 Grasp 0
586.0 173.0 506.0 181.0 504.0 152.0 584.0 144.0 Grasp 0
361.0 370.0 292.0 363.0 295.0 333.0 364.0 340.0 Grasp 0
590.0 119.0 506.0 161.0 493.0 135.0 577.0 93.0 Grasp 0
540.0 337.0 508.0 321.0 521.0 295.0 553.0 310.0 Grasp 0
448.0 94.0 414.0 39.0 441.0 22.0 475.0 78.0 Grasp 0
470.0 376.0 451.0 328.0 479.0 317.0 497.0 365.0 Grasp 0
489.0 30.0 478.0 88.0 448.0 82.0 458.0 24.0 Grasp 0
212.0 153.0 212.0 37.0 241.0 37.0 241.0 153.0 Grasp 0
559.0 244.0 510.0 258.0 502.0 230.0 551.0 215.0 Grasp 0
434.0 96.0 399.0 39.0 425.0 23.0 460.0 80.0 Grasp 0
449.0 327.0 431.0 355.0 406.0 340.0 424.0 311.0 Grasp 0
