311.0 156.0 267.0 189.0 254.0 171.0 297.0 138.0 Grasp 0
406.0 287.0 384.0 230.0 405.0 221.0 427.0 279.0 Grasp 0
327.0 165.0 270.0 208.0 256.0 190.0 313.0 147.0 Grasp 0
329.0 167.0 282.0 218.0 266.0 203.0 312.0 152.0 Grasp 0
310.0 143.0 252.0 172.0 242.0 152.0 300.0 123.0 Grasp 0
337.0 182.0 298.0 225.0 281.0 210.0 321.0 167.0 Grasp 0
423.0 263.0 397.0 221.0 415.0 209.0 442.0 251.0 Grasp 0
381.0 231.0 337.0 264.0 324.0 246.0 368.0 213.0 Grasp 0
379.0 299.0 368.0 238.0 390.0 234.0 401.0 295.0 Grasp 0
350.0 192.0 308.0 238.0 291.0 223.0 333.0 177.0 Grasp 0
410.0 294.0 341.0 274.0 347.0 253.0 416.0 273.0 Grasp 0
362.0 198.0 327.0 255.0 308.0 243.0 343.0 186.0 Grasp 0
366.0 213.0 329.0 254.0 313.0 239.0 350.0 198.0 Grasp 0
308.0 158.0 253.0 174.0 247.0 152.0 302.0 136.0 Grasp 0
348.0 328.0 317.0 293.0 334.0 278.0 365.0 313.0 Grasp 0
380.0 317.0 334.0 294.0 344.0 274.0 390.0 297.0 Grasp 0
388.0 222.0 388.0 311.0 365.0 311.0 365.0 222.0 Grasp 0
395.0 301.0 381.0 226.0 403.0 222.0 417.0 297.0 Grasp 0
301.0 146.0 252.0 160.0 246.0 138.0 295.0 124.0 Grasp 0
353.0 200.0 317.0 240.0 300.0 225.0 337.0 185.0 Grasp 0
416.0 298.0 342.0 291.0 344.0 269.0 418.0 276.0 Grasp 0
380.0 221.0 328.0 260.0 314.0 242.0 366.0 203.0 Grasp 0
395.0 310.0 335.0 293.0 341.0 271.0 401.0 289.0 Grasp 0
331.0 176.0 290.0 221.0 274.0 206.0 315.0 161.0 Grasp 0
404.0 232.0 404.0 302.0 381.0 302.0 381.0 232.0 Grasp 0
386.0 230.0 371.0 312.0 349.0 308.0 365.0 226.0 Grasp 0
416.0 273.0 390.0 232.0 409.0 221.0 435.0 262.0 Grasp 0
373.0 207.0 335.0 269.0 316.0 258.0 354.0 196.0 Grasp 0
326.0 164.0 258.0 198.0 248.0 178.0 316.0 144.0 Grasp 0
