249.0 297.0 236.0 227.0 259.0 222.0 272.0 292.0 Grasp 0
297.0 296.0 281.0 213.0 304.0 209.0 320.0 292.0 Grasp 0
277.0 298.0 262.0 218.0 285.0 214.0 300.0 294.0 Grasp 0
343.0 271.0 321.0 214.0 342.0 206.0 364.0 263.0 Grasp 0
257.0 224.0 257.0 298.0 234.0 298.0 234.0 224.0 Grasp 0
277.0 223.0 277.0 293.0 254.0 293.0 254.0 223.0 Grasp 0
346.0 262.0 335.0 232.0 356.0 224.0 367.0 254.0 Grasp 0
269.0 301.0 253.0 218.0 276.0 214.0 291.0 296.0 Grasp 0
289.0 293.0 275.0 218.0 297.0 214.0 311.0 289.0 Grasp 0
308.0 283.0 297.0 221.0 319.0 217.0 331.0 279.0 Grasp 0
304.0 292.0 290.0 214.0 312.0 210.0 327.0 288.0 Grasp 0
329.0 272.0 310.0 223.0 332.0 215.0 350.0 263.0 Grasp 0
332.0 266.0 325.0 231.0 348.0 227.0 354.0 261.0 Grasp 0
245.0 299.0 219.0 232.0 240.0 224.0 266.0 291.0 Grasp 0
