322.0 285.0 273.0 231.0 289.0 216.0 339.0 270.0 Grasp 0
333.0 254.0 304.0 223.0 320.0 208.0 349.0 239.0 Grasp 0
305.0 310.0 251.0 251.0 268.0 236.0 322.0 295.0 Grasp 0
336.0 277.0 266.0 243.0 276.0 223.0 346.0 257.0 Grasp 0
314.0 289.0 266.0 252.0 279.0 235.0 328.0 271.0 Grasp 0
339.0 241.0 309.0 218.0 323.0 201.0 352.0 223.0 Grasp 0
311.0 304.0 246.0 271.0 256.0 251.0 321.0 283.0 Grasp 0
316.0 296.0 252.0 264.0 262.0 244.0 326.0 276.0 Grasp 0
324.0 270.0 286.0 229.0 302.0 214.0 340.0 255.0 Grasp 0
357.0 206.0 338.0 196.0 348.0 176.0 367.0 186.0 Grasp 0
350.0 223.0 320.0 208.0 330.0 189.0 360.0 204.0 Grasp 0
337.0 246.0 296.0 226.0 306.0 206.0 347.0 227.0 Grasp 0
323.0 287.0 266.0 244.0 279.0 226.0 336.0 269.0 Grasp 0
285.0 311.0 261.0 249.0 282.0 241.0 306.0 303.0 Grasp 0
308.0 302.0 257.0 245.0 273.0 230.0 325.0 287.0 Grasp 0
293.0 309.0 250.0 263.0 267.0 248.0 309.0 294.0 Grasp 0
330.0 264.0 284.0 241.0 294.0 221.0 340.0 244.0 Grasp 0
349.0 219.0 328.0 203.0 341.0 186.0 362.0 201.0 Grasp 0
340.0 231.0 318.0 214.0 332.0 197.0 354.0 213.0 Grasp 0
327.0 255.0 296.0 231.0 309.0 213.0 341.0 237.0 Grasp 0
