291.0 149.0 259.0 165.0 249.0 144.0 281.0 129.0 Grasp 0
418.0 147.0 385.0 122.0 399.0 104.0 431.0 129.0 Grasp 0
379.0 188.0 341.0 158.0 354.0 140.0 393.0 170.0 Grasp 0
321.0 318.0 295.0 251.0 316.0 242.0 342.0 310.0 Grasp 0
305.0 268.0 272.0 320.0 253.0 308.0 285.0 256.0 Grasp 0
305.0 162.0 260.0 184.0 250.0 164.0 294.0 141.0 Grasp 0
303.0 338.0 287.0 254.0 310.0 250.0 326.0 333.0 Grasp 0
287.0 134.0 251.0 153.0 241.0 132.0 277.0 114.0 Grasp 0
333.0 311.0 295.0 250.0 315.0 237.0 353.0 299.0 Grasp 0
365.0 216.0 325.0 172.0 342.0 156.0 382.0 200.0 Grasp 0
308.0 255.0 257.0 311.0 240.0 296.0 291.0 240.0 Grasp 0
264.0 82.0 228.0 100.0 218.0 80.0 254.0 62.0 Grasp 0
269.0 95.0 234.0 112.0 224.0 91.0 258.0 74.0 Grasp 0
282.0 238.0 242.0 194.0 259.0 179.0 299.0 223.0 Grasp 0
293.0 254.0 229.0 205.0 243.0 187.0 307.0 235.0 Grasp 0
359.0 216.0 322.0 187.0 335.0 169.0 373.0 197.0 Grasp 0
273.0 106.0 239.0 123.0 229.0 102.0 263.0 85.0 Grasp 0
277.0 118.0 243.0 135.0 233.0 114.0 267.0 97.0 Grasp 0
297.0 258.0 248.0 282.0 238.0 262.0 287.0 237.0 Grasp 0
301.0 158.0 253.0 172.0 247.0 149.0 295.0 136.0 Grasp 0
376.0 218.0 309.0 237.0 303.0 214.0 369.0 195.0 Grasp 0
313.0 175.0 248.0 207.0 238.0 187.0 302.0 155.0 Grasp 0
400.0 160.0 371.0 138.0 385.0 120.0 414.0 142.0 Grasp 0
424.0 139.0 394.0 116.0 408.0 98.0 437.0 120.0 Grasp 0
287.0 119.0 243.0 142.0 232.0 121.0 277.0 99.0 Grasp 0
314.0 184.0 243.0 219.0 233.0 198.0 304.0 163.0 Grasp 0
301.0 259.0 254.0 294.0 240.0 276.0 287.0 241.0 Grasp 0
301.0 233.0 245.0 191.0 258.0 172.0 315.0 215.0 Grasp 0
373.0 203.0 314.0 232.0 304.0 212.0 363.0 182.0 Grasp 0
310.0 257.0 310.0 338.0 287.0 338.0 287.0 257.0 Grasp 0
369.0 262.0 313.0 257.0 315.0 234.0 371.0 239.0 Grasp 0
368.0 201.0 328.0 171.0 342.0 153.0 382.0 183.0 Grasp 0
288.0 251.0 243.0 264.0 236.0 241.0 281.0 229.0 Grasp 0
393.0 176.0 354.0 147.0 368.0 128.0 407.0 158.0 Grasp 0
355.0 289.0 306.0 252.0 319.0 233.0 369.0 271.0 Grasp 0
369.0 197.0 337.0 162.0 353.0 147.0 385.0 182.0 Grasp 0
293.0 242.0 235.0 248.0 233.0 225.0 291.0 220.0 Grasp 0
416.0 168.0 348.0 149.0 355.0 127.0 422.0 146.0 Grasp 0
364.0 263.0 283.0 240.0 290.0 218.0 370.0 241.0 Grasp 0
362.0 157.0 330.0 238.0 309.0 230.0 340.0 148.0 Grasp 0
409.0 155.0 376.0 130.0 390.0 112.0 423.0 137.0 Grasp 0
367.0 282.0 300.0 263.0 306.0 241.0 373.0 260.0 Grasp 0
294.0 320.0 277.0 231.0 300.0 227.0 317.0 316.0 Grasp 0
423.0 133.0 403.0 111.0 419.0 95.0 440.0 118.0 Grasp 0
341.0 174.0 330.0 233.0 307.0 229.0 318.0 170.0 Grasp 0
313.0 250.0 251.0 204.0 265.0 186.0 326.0 232.0 Grasp 0
327.0 170.0 316.0 233.0 293.0 229.0 304.0 166.0 Grasp 0
306.0 172.0 257.0 197.0 247.0 176.0 295.0 152.0 Grasp 0
346.0 300.0 297.0 247.0 314.0 231.0 363.0 285.0 Grasp 0
282.0 128.0 250.0 144.0 240.0 123.0 272.0 108.0 Grasp 0
429.0 155.0 362.0 136.0 368.0 114.0 435.0 133.0 Grasp 0
293.0 140.0 253.0 160.0 242.0 140.0 283.0 119.0 Grasp 0
313.0 313.0 271.0 246.0 291.0 234.0 333.0 301.0 Grasp 0
