342.0 287.0 292.0 292.0 290.0 269.0 340.0 264.0 Grasp 0
358.0 207.0 275.0 215.0 273.0 192.0 356.0 184.0 Grasp 0
353.0 241.0 289.0 259.0 283.0 237.0 347.0 219.0 Grasp 0
342.0 182.0 301.0 249.0 281.0 237.0 322.0 170.0 Grasp 0
347.0 239.0 286.0 244.0 284.0 221.0 345.0 216.0 Grasp 0
353.0 235.0 269.0 211.0 275.0 189.0 359.0 213.0 Grasp 0
343.0 258.0 289.0 263.0 287.0 240.0 341.0 235.0 Grasp 0
357.0 266.0 283.0 287.0 276.0 265.0 350.0 244.0 Grasp 0
330.0 255.0 275.0 195.0 293.0 180.0 347.0 239.0 Grasp 0
344.0 298.0 287.0 303.0 285.0 280.0 342.0 275.0 Grasp 0
345.0 253.0 264.0 212.0 274.0 191.0 355.0 232.0 Grasp 0
339.0 230.0 290.0 193.0 304.0 174.0 353.0 211.0 Grasp 0
334.0 244.0 293.0 178.0 313.0 165.0 354.0 231.0 Grasp 0
355.0 259.0 283.0 279.0 277.0 257.0 349.0 237.0 Grasp 0
339.0 287.0 277.0 270.0 284.0 247.0 346.0 265.0 Grasp 0
340.0 260.0 271.0 240.0 277.0 218.0 347.0 238.0 Grasp 0
364.0 197.0 288.0 254.0 274.0 235.0 350.0 178.0 Grasp 0
330.0 244.0 284.0 194.0 302.0 178.0 347.0 228.0 Grasp 0
350.0 183.0 303.0 259.0 283.0 247.0 330.0 170.0 Grasp 0
351.0 190.0 287.0 238.0 273.0 220.0 337.0 171.0 Grasp 0
