519.0 174.0 489.0 189.0 479.0 169.0 509.0 154.0 Grasp 0
526.0 196.0 501.0 209.0 491.0 189.0 517.0 177.0 Grasp 0
539.0 223.0 511.0 237.0 501.0 217.0 529.0 203.0 Grasp 0
530.0 202.0 502.0 217.0 492.0 197.0 521.0 183.0 Grasp 0
518.0 164.0 485.0 180.0 475.0 160.0 508.0 144.0 Grasp 0
506.0 143.0 480.0 156.0 470.0 137.0 496.0 124.0 Grasp 0
502.0 133.0 470.0 142.0 464.0 121.0 496.0 112.0 Grasp 0
510.0 151.0 482.0 166.0 472.0 146.0 501.0 132.0 Grasp 0
522.0 184.0 496.0 197.0 486.0 177.0 512.0 165.0 Grasp 0
543.0 230.0 514.0 244.0 504.0 225.0 533.0 210.0 Grasp 0
495.0 114.0 468.0 127.0 459.0 108.0 485.0 95.0 Grasp 0
500.0 120.0 469.0 136.0 459.0 116.0 490.0 100.0 Grasp 0
512.0 158.0 485.0 172.0 475.0 152.0 502.0 139.0 Grasp 0
536.0 213.0 506.0 228.0 496.0 208.0 526.0 193.0 Grasp 0
485.0 88.0 457.0 101.0 447.0 82.0 475.0 68.0 Grasp 0
489.0 100.0 457.0 109.0 451.0 88.0 483.0 79.0 Grasp 0
492.0 105.0 465.0 119.0 455.0 100.0 482.0 86.0 Grasp 0
