348.0 237.0 300.0 273.0 286.0 255.0 334.0 219.0 Grasp 0
377.0 269.0 324.0 308.0 311.0 290.0 364.0 251.0 Grasp 0
331.0 207.0 275.0 249.0 261.0 231.0 317.0 189.0 Grasp 0
366.0 268.0 326.0 298.0 313.0 280.0 352.0 250.0 Grasp 0
317.0 204.0 275.0 236.0 262.0 218.0 304.0 186.0 Grasp 0
355.0 251.0 309.0 286.0 295.0 268.0 342.0 233.0 Grasp 0
332.0 216.0 284.0 253.0 270.0 235.0 319.0 198.0 Grasp 0
336.0 223.0 290.0 258.0 276.0 240.0 322.0 205.0 Grasp 0
367.0 260.0 317.0 298.0 304.0 280.0 354.0 242.0 Grasp 0
345.0 220.0 296.0 274.0 279.0 259.0 328.0 205.0 Grasp 0
348.0 246.0 309.0 276.0 295.0 258.0 335.0 228.0 Grasp 0
374.0 282.0 318.0 298.0 311.0 277.0 368.0 261.0 Grasp 0
348.0 227.0 312.0 285.0 292.0 273.0 329.0 215.0 Grasp 0
326.0 216.0 264.0 234.0 258.0 212.0 320.0 195.0 Grasp 0
