411.0 269.0 397.0 234.0 418.0 226.0 432.0 261.0 Grasp 0
270.0 333.0 244.0 265.0 265.0 257.0 291.0 324.0 Grasp 0
319.0 323.0 302.0 234.0 324.0 230.0 341.0 319.0 Grasp 0
354.0 310.0 312.0 241.0 331.0 229.0 374.0 298.0 Grasp 0
352.0 310.0 337.0 229.0 359.0 225.0 374.0 306.0 Grasp 0
275.0 330.0 261.0 254.0 283.0 250.0 297.0 326.0 Grasp 0
316.0 333.0 265.0 250.0 284.0 238.0 336.0 321.0 Grasp 0
382.0 277.0 369.0 244.0 390.0 236.0 403.0 269.0 Grasp 0
374.0 281.0 359.0 242.0 380.0 234.0 395.0 273.0 Grasp 0
367.0 296.0 344.0 236.0 365.0 228.0 388.0 288.0 Grasp 0
311.0 323.0 283.0 249.0 304.0 241.0 332.0 315.0 Grasp 0
317.0 319.0 290.0 249.0 311.0 241.0 338.0 311.0 Grasp 0
278.0 332.0 230.0 280.0 247.0 265.0 295.0 317.0 Grasp 0
299.0 329.0 258.0 263.0 277.0 251.0 318.0 317.0 Grasp 0
333.0 317.0 304.0 242.0 325.0 234.0 354.0 309.0 Grasp 0
395.0 276.0 380.0 240.0 401.0 232.0 416.0 268.0 Grasp 0
361.0 306.0 320.0 240.0 339.0 228.0 380.0 294.0 Grasp 0
410.0 275.0 385.0 235.0 404.0 224.0 429.0 263.0 Grasp 0
376.0 233.0 361.0 315.0 339.0 311.0 354.0 228.0 Grasp 0
387.0 234.0 371.0 318.0 349.0 314.0 365.0 230.0 Grasp 0
288.0 323.0 274.0 252.0 296.0 248.0 310.0 319.0 Grasp 0
272.0 254.0 272.0 333.0 250.0 333.0 250.0 254.0 Grasp 0
397.0 286.0 327.0 234.0 341.0 216.0 410.0 268.0 Grasp 0
369.0 229.0 352.0 319.0 330.0 314.0 347.0 225.0 Grasp 0
385.0 285.0 350.0 228.0 369.0 216.0 404.0 273.0 Grasp 0
394.0 293.0 315.0 233.0 328.0 215.0 408.0 275.0 Grasp 0
262.0 329.0 240.0 272.0 261.0 263.0 283.0 321.0 Grasp 0
