290.0 324.0 237.0 284.0 251.0 266.0 304.0 306.0 Grasp 0
314.0 306.0 269.0 234.0 289.0 222.0 333.0 293.0 Grasp 0
323.0 220.0 323.0 301.0 300.0 301.0 300.0 220.0 Grasp 0
307.0 316.0 243.0 268.0 257.0 250.0 320.0 298.0 Grasp 0
337.0 279.0 264.0 259.0 271.0 236.0 344.0 257.0 Grasp 0
267.0 338.0 231.0 280.0 250.0 268.0 286.0 326.0 Grasp 0
298.0 327.0 227.0 307.0 233.0 285.0 304.0 305.0 Grasp 0
317.0 298.0 263.0 257.0 277.0 238.0 331.0 279.0 Grasp 0
261.0 339.0 247.0 264.0 269.0 259.0 283.0 335.0 Grasp 0
320.0 290.0 276.0 241.0 293.0 226.0 338.0 274.0 Grasp 0
282.0 338.0 228.0 297.0 241.0 279.0 296.0 320.0 Grasp 0
279.0 333.0 242.0 272.0 261.0 260.0 298.0 321.0 Grasp 0
331.0 297.0 263.0 246.0 277.0 228.0 345.0 279.0 Grasp 0
340.0 266.0 268.0 273.0 266.0 250.0 338.0 243.0 Grasp 0
