358.0 226.0 304.0 266.0 290.0 248.0 344.0 208.0 Grasp 0
377.0 252.0 327.0 290.0 313.0 272.0 364.0 234.0 Grasp 0
364.0 238.0 317.0 274.0 303.0 256.0 351.0 220.0 Grasp 0
382.0 257.0 342.0 301.0 325.0 286.0 366.0 241.0 Grasp 0
336.0 196.0 294.0 243.0 277.0 228.0 319.0 181.0 Grasp 0
349.0 216.0 308.0 261.0 291.0 245.0 332.0 200.0 Grasp 0
369.0 249.0 326.0 282.0 312.0 264.0 356.0 231.0 Grasp 0
338.0 202.0 307.0 253.0 288.0 241.0 319.0 190.0 Grasp 0
343.0 217.0 300.0 249.0 286.0 231.0 329.0 199.0 Grasp 0
344.0 207.0 278.0 240.0 268.0 220.0 333.0 187.0 Grasp 0
336.0 195.0 280.0 237.0 267.0 219.0 322.0 177.0 Grasp 0
386.0 269.0 353.0 307.0 336.0 291.0 370.0 254.0 Grasp 0
380.0 240.0 340.0 304.0 320.0 293.0 360.0 228.0 Grasp 0
331.0 188.0 306.0 251.0 285.0 243.0 309.0 180.0 Grasp 0
357.0 235.0 316.0 266.0 302.0 248.0 343.0 217.0 Grasp 0
373.0 240.0 360.0 306.0 338.0 302.0 350.0 236.0 Grasp 0
380.0 265.0 331.0 289.0 320.0 269.0 370.0 244.0 Grasp 0
