380.0 294.0 319.0 288.0 321.0 265.0 382.0 271.0 Grasp 0
384.0 276.0 323.0 258.0 329.0 237.0 390.0 254.0 Grasp 0
365.0 327.0 311.0 300.0 321.0 280.0 375.0 307.0 Grasp 0
386.0 250.0 335.0 236.0 341.0 214.0 392.0 229.0 Grasp 0
374.0 318.0 313.0 313.0 315.0 290.0 376.0 296.0 Grasp 0
398.0 230.0 336.0 212.0 342.0 190.0 404.0 208.0 Grasp 0
382.0 283.0 320.0 266.0 326.0 244.0 388.0 261.0 Grasp 0
384.0 286.0 317.0 280.0 319.0 258.0 386.0 264.0 Grasp 0
400.0 236.0 332.0 230.0 334.0 207.0 402.0 214.0 Grasp 0
377.0 303.0 315.0 272.0 325.0 252.0 387.0 282.0 Grasp 0
360.0 333.0 314.0 320.0 320.0 298.0 366.0 312.0 Grasp 0
383.0 270.0 327.0 242.0 337.0 222.0 394.0 250.0 Grasp 0
394.0 243.0 331.0 211.0 341.0 191.0 404.0 223.0 Grasp 0
395.0 253.0 327.0 247.0 329.0 224.0 397.0 231.0 Grasp 0
396.0 269.0 323.0 305.0 313.0 285.0 386.0 248.0 Grasp 0
368.0 307.0 319.0 293.0 325.0 272.0 374.0 286.0 Grasp 0
