357.0 144.0 279.0 183.0 268.0 163.0 347.0 123.0 Grasp 0
400.0 303.0 331.0 323.0 325.0 301.0 394.0 281.0 Grasp 0
399.0 264.0 314.0 288.0 308.0 266.0 393.0 242.0 Grasp 0
350.0 132.0 274.0 171.0 264.0 150.0 340.0 112.0 Grasp 0
388.0 226.0 303.0 250.0 296.0 228.0 382.0 204.0 Grasp 0
362.0 157.0 286.0 195.0 276.0 175.0 352.0 137.0 Grasp 0
394.0 254.0 314.0 277.0 308.0 255.0 388.0 232.0 Grasp 0
371.0 174.0 292.0 213.0 282.0 192.0 361.0 153.0 Grasp 0
395.0 239.0 305.0 265.0 298.0 243.0 389.0 217.0 Grasp 0
384.0 216.0 300.0 240.0 294.0 218.0 378.0 194.0 Grasp 0
382.0 198.0 299.0 239.0 289.0 218.0 371.0 177.0 Grasp 0
399.0 290.0 325.0 311.0 319.0 289.0 392.0 268.0 Grasp 0
405.0 318.0 310.0 309.0 312.0 286.0 407.0 295.0 Grasp 0
