290.0 307.0 257.0 253.0 276.0 241.0 309.0 295.0 Grasp 0
329.0 278.0 310.0 247.0 329.0 235.0 348.0 266.0 Grasp 0
284.0 312.0 248.0 253.0 267.0 241.0 303.0 300.0 Grasp 0
249.0 313.0 230.0 264.0 250.0 256.0 269.0 305.0 Grasp 0
296.0 300.0 275.0 245.0 295.0 237.0 317.0 292.0 Grasp 0
309.0 288.0 284.0 248.0 303.0 236.0 328.0 276.0 Grasp 0
267.0 250.0 254.0 322.0 232.0 317.0 245.0 246.0 Grasp 0
265.0 313.0 233.0 262.0 252.0 250.0 284.0 301.0 Grasp 0
283.0 303.0 272.0 245.0 294.0 241.0 305.0 299.0 Grasp 0
344.0 267.0 330.0 245.0 349.0 234.0 363.0 256.0 Grasp 0
310.0 284.0 297.0 251.0 318.0 243.0 331.0 276.0 Grasp 0
269.0 310.0 248.0 255.0 268.0 247.0 290.0 302.0 Grasp 0
336.0 271.0 321.0 247.0 340.0 236.0 355.0 260.0 Grasp 0
270.0 315.0 217.0 275.0 231.0 257.0 283.0 297.0 Grasp 0
257.0 324.0 229.0 251.0 250.0 243.0 278.0 316.0 Grasp 0
