291.0 191.0 282.0 239.0 260.0 235.0 269.0 187.0 Grasp 0
307.0 195.0 289.0 242.0 269.0 233.0 287.0 187.0 Grasp 0
274.0 188.0 254.0 239.0 233.0 231.0 253.0 180.0 Grasp 0
255.0 189.0 247.0 234.0 225.0 230.0 233.0 185.0 Grasp 0
328.0 194.0 319.0 244.0 297.0 240.0 307.0 190.0 Grasp 0
282.0 189.0 262.0 242.0 241.0 234.0 261.0 181.0 Grasp 0
336.0 189.0 326.0 247.0 304.0 243.0 314.0 185.0 Grasp 0
281.0 195.0 274.0 235.0 252.0 230.0 259.0 191.0 Grasp 0
351.0 183.0 337.0 259.0 315.0 254.0 329.0 179.0 Grasp 0
317.0 196.0 308.0 241.0 286.0 237.0 295.0 192.0 Grasp 0
295.0 192.0 263.0 244.0 244.0 232.0 276.0 181.0 Grasp 0
328.0 259.0 315.0 184.0 336.0 180.0 350.0 255.0 Grasp 0
363.0 188.0 318.0 260.0 299.0 248.0 344.0 176.0 Grasp 0
344.0 198.0 334.0 247.0 313.0 243.0 322.0 194.0 Grasp 0
354.0 193.0 354.0 250.0 332.0 250.0 332.0 193.0 Grasp 0
324.0 185.0 312.0 252.0 290.0 248.0 303.0 181.0 Grasp 0
295.0 183.0 295.0 247.0 273.0 247.0 273.0 183.0 Grasp 0
322.0 260.0 293.0 186.0 314.0 178.0 343.0 252.0 Grasp 0
316.0 190.0 294.0 246.0 273.0 238.0 295.0 182.0 Grasp 0
251.0 245.0 229.0 187.0 249.0 179.0 272.0 237.0 Grasp 0
259.0 186.0 259.0 237.0 236.0 237.0 236.0 186.0 Grasp 0
303.0 187.0 279.0 248.0 259.0 240.0 282.0 179.0 Grasp 0
