327.0 282.0 278.0 245.0 291.0 227.0 341.0 264.0 Grasp 0
352.0 219.0 299.0 204.0 305.0 182.0 358.0 197.0 Grasp 0
368.0 193.0 302.0 175.0 308.0 153.0 374.0 172.0 Grasp 0
338.0 275.0 277.0 257.0 283.0 236.0 344.0 253.0 Grasp 0
353.0 239.0 286.0 220.0 292.0 198.0 359.0 217.0 Grasp 0
358.0 204.0 302.0 176.0 312.0 156.0 368.0 184.0 Grasp 0
346.0 250.0 285.0 233.0 291.0 211.0 352.0 228.0 Grasp 0
337.0 261.0 283.0 245.0 289.0 223.0 343.0 239.0 Grasp 0
360.0 220.0 292.0 226.0 290.0 203.0 358.0 197.0 Grasp 0
356.0 228.0 290.0 209.0 296.0 187.0 363.0 206.0 Grasp 0
357.0 216.0 296.0 186.0 306.0 166.0 367.0 196.0 Grasp 0
370.0 203.0 293.0 196.0 295.0 173.0 372.0 180.0 Grasp 0
333.0 267.0 284.0 253.0 291.0 232.0 340.0 245.0 Grasp 0
342.0 242.0 293.0 228.0 299.0 207.0 349.0 221.0 Grasp 0
