308.0 293.0 244.0 287.0 246.0 265.0 310.0 271.0 Grasp 0
326.0 229.0 253.0 222.0 255.0 200.0 328.0 207.0 Grasp 0
339.0 167.0 264.0 160.0 266.0 138.0 341.0 145.0 Grasp 0
316.0 264.0 251.0 258.0 253.0 235.0 318.0 241.0 Grasp 0
302.0 305.0 242.0 300.0 244.0 277.0 304.0 283.0 Grasp 0
321.0 239.0 254.0 233.0 257.0 210.0 323.0 216.0 Grasp 0
303.0 284.0 248.0 268.0 254.0 246.0 309.0 262.0 Grasp 0
325.0 247.0 249.0 240.0 251.0 218.0 328.0 225.0 Grasp 0
334.0 198.0 254.0 176.0 260.0 154.0 340.0 177.0 Grasp 0
328.0 204.0 262.0 198.0 264.0 176.0 330.0 182.0 Grasp 0
303.0 306.0 237.0 273.0 247.0 252.0 313.0 285.0 Grasp 0
322.0 221.0 255.0 201.0 261.0 180.0 329.0 199.0 Grasp 0
334.0 181.0 265.0 175.0 267.0 153.0 336.0 159.0 Grasp 0
334.0 217.0 247.0 193.0 253.0 171.0 340.0 196.0 Grasp 0
325.0 202.0 262.0 184.0 268.0 163.0 331.0 181.0 Grasp 0
302.0 278.0 248.0 251.0 259.0 230.0 313.0 257.0 Grasp 0
304.0 291.0 242.0 274.0 249.0 252.0 310.0 269.0 Grasp 0
297.0 312.0 239.0 283.0 249.0 263.0 308.0 292.0 Grasp 0
315.0 256.0 252.0 250.0 254.0 228.0 317.0 233.0 Grasp 0
318.0 280.0 243.0 287.0 241.0 264.0 315.0 257.0 Grasp 0
