318.0 76.0 287.0 109.0 271.0 95.0 301.0 62.0 Grasp 0
469.0 309.0 433.0 282.0 447.0 265.0 482.0 291.0 Grasp 0
364.0 119.0 328.0 158.0 312.0 143.0 347.0 104.0 Grasp 0
343.0 111.0 320.0 137.0 304.0 122.0 327.0 97.0 Grasp 0
479.0 288.0 453.0 246.0 472.0 235.0 498.0 277.0 Grasp 0
382.0 150.0 357.0 178.0 341.0 163.0 366.0 135.0 Grasp 0
323.0 82.0 293.0 115.0 277.0 100.0 307.0 67.0 Grasp 0
432.0 208.0 414.0 227.0 398.0 212.0 416.0 193.0 Grasp 0
309.0 62.0 275.0 100.0 258.0 85.0 292.0 47.0 Grasp 0
371.0 136.0 344.0 166.0 328.0 151.0 355.0 121.0 Grasp 0
330.0 91.0 302.0 123.0 285.0 108.0 314.0 76.0 Grasp 0
419.0 195.0 402.0 214.0 386.0 200.0 403.0 180.0 Grasp 0
426.0 205.0 404.0 221.0 391.0 203.0 413.0 187.0 Grasp 0
356.0 113.0 322.0 149.0 306.0 135.0 339.0 98.0 Grasp 0
312.0 75.0 276.0 102.0 263.0 84.0 299.0 57.0 Grasp 0
473.0 301.0 460.0 234.0 482.0 230.0 495.0 297.0 Grasp 0
490.0 281.0 466.0 242.0 485.0 231.0 509.0 269.0 Grasp 0
411.0 183.0 391.0 205.0 374.0 190.0 394.0 168.0 Grasp 0
493.0 297.0 434.0 280.0 440.0 258.0 499.0 275.0 Grasp 0
338.0 98.0 309.0 130.0 293.0 115.0 321.0 83.0 Grasp 0
518.0 265.0 438.0 288.0 432.0 267.0 512.0 244.0 Grasp 0
400.0 171.0 378.0 194.0 362.0 179.0 383.0 156.0 Grasp 0
455.0 305.0 442.0 231.0 463.0 227.0 477.0 301.0 Grasp 0
440.0 216.0 422.0 235.0 406.0 221.0 424.0 201.0 Grasp 0
390.0 145.0 365.0 186.0 346.0 174.0 371.0 133.0 Grasp 0
364.0 131.0 340.0 157.0 324.0 142.0 347.0 116.0 Grasp 0
393.0 161.0 369.0 188.0 353.0 173.0 377.0 146.0 Grasp 0
449.0 224.0 431.0 243.0 415.0 228.0 432.0 209.0 Grasp 0
494.0 274.0 473.0 240.0 492.0 229.0 512.0 262.0 Grasp 0
502.0 281.0 432.0 261.0 438.0 240.0 508.0 259.0 Grasp 0
506.0 285.0 437.0 278.0 439.0 256.0 508.0 262.0 Grasp 0
457.0 236.0 441.0 254.0 425.0 239.0 441.0 221.0 Grasp 0
471.0 299.0 447.0 237.0 468.0 229.0 492.0 291.0 Grasp 0
343.0 104.0 313.0 137.0 297.0 122.0 327.0 89.0 Grasp 0
380.0 140.0 349.0 174.0 333.0 159.0 364.0 125.0 Grasp 0
