348.0 310.0 269.0 318.0 267.0 295.0 346.0 288.0 Grasp 0
348.0 273.0 267.0 280.0 265.0 258.0 346.0 250.0 Grasp 0
348.0 299.0 268.0 306.0 266.0 284.0 346.0 276.0 Grasp 0
341.0 259.0 266.0 238.0 272.0 216.0 347.0 237.0 Grasp 0
350.0 233.0 269.0 273.0 259.0 253.0 340.0 213.0 Grasp 0
345.0 245.0 269.0 252.0 267.0 229.0 343.0 222.0 Grasp 0
344.0 262.0 270.0 269.0 268.0 246.0 342.0 239.0 Grasp 0
347.0 281.0 267.0 289.0 265.0 266.0 345.0 259.0 Grasp 0
347.0 253.0 267.0 261.0 265.0 238.0 345.0 231.0 Grasp 0
344.0 290.0 272.0 297.0 270.0 274.0 342.0 268.0 Grasp 0
344.0 329.0 263.0 306.0 269.0 284.0 351.0 307.0 Grasp 0
