382.0 252.0 326.0 225.0 336.0 205.0 392.0 232.0 Grasp 0
392.0 242.0 327.0 210.0 337.0 190.0 402.0 222.0 Grasp 0
423.0 176.0 363.0 130.0 377.0 112.0 437.0 158.0 Grasp 0
401.0 240.0 324.0 201.0 334.0 181.0 411.0 220.0 Grasp 0
409.0 202.0 348.0 172.0 358.0 151.0 420.0 182.0 Grasp 0
379.0 263.0 330.0 249.0 336.0 227.0 385.0 241.0 Grasp 0
405.0 221.0 333.0 200.0 339.0 179.0 411.0 199.0 Grasp 0
396.0 251.0 331.0 245.0 333.0 223.0 398.0 229.0 Grasp 0
360.0 268.0 322.0 240.0 336.0 222.0 373.0 250.0 Grasp 0
425.0 179.0 355.0 144.0 365.0 124.0 435.0 159.0 Grasp 0
437.0 154.0 363.0 147.0 365.0 125.0 439.0 131.0 Grasp 0
384.0 245.0 334.0 190.0 351.0 175.0 401.0 230.0 Grasp 0
355.0 275.0 324.0 259.0 334.0 239.0 365.0 255.0 Grasp 0
356.0 288.0 316.0 277.0 322.0 255.0 363.0 266.0 Grasp 0
406.0 217.0 339.0 184.0 349.0 164.0 416.0 197.0 Grasp 0
365.0 265.0 327.0 254.0 334.0 233.0 371.0 244.0 Grasp 0
413.0 237.0 325.0 245.0 323.0 223.0 411.0 214.0 Grasp 0
427.0 193.0 345.0 152.0 355.0 132.0 437.0 172.0 Grasp 0
419.0 207.0 335.0 183.0 341.0 161.0 425.0 185.0 Grasp 0
402.0 234.0 330.0 227.0 332.0 204.0 404.0 211.0 Grasp 0
429.0 195.0 339.0 169.0 345.0 148.0 435.0 173.0 Grasp 0
410.0 191.0 367.0 121.0 386.0 109.0 429.0 179.0 Grasp 0
