353.0 240.0 337.0 156.0 361.0 152.0 376.0 236.0 Grasp 0
314.0 272.0 275.0 243.0 289.0 223.0 328.0 253.0 Grasp 0
334.0 250.0 303.0 200.0 323.0 187.0 355.0 238.0 Grasp 0
390.0 214.0 335.0 173.0 349.0 154.0 404.0 196.0 Grasp 0
330.0 264.0 285.0 215.0 303.0 198.0 348.0 248.0 Grasp 0
385.0 239.0 316.0 186.0 330.0 168.0 399.0 220.0 Grasp 0
401.0 175.0 342.0 170.0 344.0 147.0 404.0 153.0 Grasp 0
324.0 278.0 272.0 221.0 290.0 204.0 342.0 261.0 Grasp 0
423.0 189.0 329.0 180.0 331.0 157.0 425.0 166.0 Grasp 0
383.0 227.0 327.0 185.0 341.0 166.0 397.0 209.0 Grasp 0
327.0 255.0 297.0 208.0 318.0 195.0 347.0 242.0 Grasp 0
356.0 243.0 320.0 186.0 341.0 173.0 376.0 231.0 Grasp 0
341.0 257.0 308.0 174.0 331.0 165.0 363.0 248.0 Grasp 0
394.0 203.0 348.0 153.0 365.0 137.0 411.0 187.0 Grasp 0
377.0 245.0 310.0 195.0 324.0 176.0 391.0 226.0 Grasp 0
339.0 239.0 325.0 167.0 349.0 163.0 362.0 235.0 Grasp 0
358.0 252.0 304.0 192.0 322.0 176.0 376.0 236.0 Grasp 0
305.0 282.0 279.0 213.0 301.0 204.0 328.0 274.0 Grasp 0
402.0 217.0 329.0 161.0 342.0 143.0 416.0 198.0 Grasp 0
332.0 269.0 269.0 238.0 280.0 216.0 343.0 247.0 Grasp 0
323.0 262.0 283.0 232.0 297.0 213.0 337.0 243.0 Grasp 0
407.0 195.0 348.0 151.0 362.0 133.0 420.0 177.0 Grasp 0
368.0 246.0 324.0 175.0 344.0 162.0 388.0 233.0 Grasp 0
