388.0 275.0 316.0 311.0 306.0 291.0 378.0 255.0 Grasp 0
375.0 275.0 316.0 291.0 310.0 270.0 368.0 253.0 Grasp 0
353.0 199.0 293.0 216.0 287.0 195.0 347.0 178.0 Grasp 0
348.0 192.0 294.0 208.0 288.0 187.0 342.0 171.0 Grasp 0
374.0 242.0 298.0 263.0 292.0 242.0 368.0 220.0 Grasp 0
348.0 182.0 287.0 199.0 281.0 178.0 342.0 161.0 Grasp 0
365.0 228.0 299.0 247.0 293.0 226.0 359.0 207.0 Grasp 0
396.0 314.0 304.0 306.0 306.0 283.0 398.0 292.0 Grasp 0
367.0 254.0 312.0 270.0 305.0 248.0 361.0 233.0 Grasp 0
368.0 202.0 290.0 241.0 280.0 221.0 358.0 182.0 Grasp 0
373.0 266.0 313.0 283.0 307.0 261.0 367.0 244.0 Grasp 0
361.0 184.0 278.0 208.0 272.0 186.0 355.0 163.0 Grasp 0
378.0 258.0 305.0 279.0 299.0 257.0 372.0 236.0 Grasp 0
363.0 221.0 297.0 240.0 291.0 218.0 357.0 200.0 Grasp 0
357.0 179.0 294.0 226.0 281.0 208.0 344.0 161.0 Grasp 0
365.0 238.0 304.0 255.0 297.0 234.0 359.0 216.0 Grasp 0
394.0 295.0 313.0 318.0 306.0 296.0 388.0 273.0 Grasp 0
361.0 205.0 289.0 225.0 283.0 204.0 355.0 183.0 Grasp 0
355.0 204.0 278.0 197.0 280.0 175.0 357.0 182.0 Grasp 0
394.0 307.0 320.0 328.0 314.0 307.0 388.0 286.0 Grasp 0
