304.0 173.0 289.0 250.0 267.0 246.0 281.0 169.0 Grasp 0
255.0 169.0 255.0 246.0 232.0 246.0 232.0 169.0 Grasp 0
344.0 246.0 296.0 169.0 315.0 157.0 363.0 234.0 Grasp 0
321.0 178.0 308.0 248.0 286.0 244.0 299.0 174.0 Grasp 0
313.0 175.0 299.0 250.0 277.0 245.0 291.0 171.0 Grasp 0
346.0 173.0 330.0 256.0 308.0 251.0 323.0 168.0 Grasp 0
315.0 260.0 279.0 170.0 300.0 161.0 336.0 252.0 Grasp 0
348.0 238.0 324.0 174.0 345.0 166.0 369.0 230.0 Grasp 0
355.0 178.0 355.0 236.0 332.0 236.0 332.0 178.0 Grasp 0
266.0 170.0 266.0 246.0 244.0 246.0 244.0 170.0 Grasp 0
349.0 242.0 308.0 175.0 327.0 163.0 368.0 230.0 Grasp 0
289.0 173.0 289.0 244.0 266.0 244.0 266.0 173.0 Grasp 0
264.0 249.0 248.0 168.0 271.0 164.0 286.0 245.0 Grasp 0
331.0 176.0 317.0 247.0 295.0 243.0 309.0 172.0 Grasp 0
322.0 247.0 296.0 179.0 317.0 171.0 343.0 239.0 Grasp 0
281.0 172.0 267.0 250.0 244.0 246.0 259.0 168.0 Grasp 0
