372.0 153.0 309.0 148.0 311.0 126.0 374.0 132.0 Grasp 0
371.0 197.0 304.0 191.0 306.0 169.0 373.0 175.0 Grasp 0
369.0 246.0 303.0 253.0 301.0 230.0 367.0 224.0 Grasp 0
367.0 225.0 305.0 219.0 307.0 197.0 369.0 203.0 Grasp 0
369.0 263.0 301.0 269.0 299.0 247.0 367.0 240.0 Grasp 0
388.0 164.0 303.0 172.0 301.0 150.0 386.0 142.0 Grasp 0
368.0 217.0 305.0 211.0 307.0 189.0 370.0 195.0 Grasp 0
366.0 175.0 311.0 170.0 313.0 148.0 368.0 153.0 Grasp 0
374.0 237.0 296.0 229.0 298.0 207.0 376.0 214.0 Grasp 0
365.0 279.0 294.0 259.0 300.0 237.0 371.0 257.0 Grasp 0
369.0 201.0 310.0 206.0 308.0 184.0 367.0 179.0 Grasp 0
365.0 254.0 308.0 260.0 306.0 238.0 363.0 232.0 Grasp 0
379.0 154.0 302.0 162.0 300.0 140.0 377.0 133.0 Grasp 0
371.0 180.0 311.0 186.0 309.0 164.0 369.0 158.0 Grasp 0
364.0 269.0 294.0 249.0 300.0 228.0 371.0 247.0 Grasp 0
368.0 244.0 300.0 238.0 302.0 216.0 370.0 222.0 Grasp 0
373.0 173.0 299.0 152.0 305.0 130.0 379.0 151.0 Grasp 0
362.0 271.0 306.0 277.0 304.0 254.0 360.0 249.0 Grasp 0
355.0 286.0 296.0 242.0 310.0 224.0 368.0 268.0 Grasp 0
