326.0 238.0 272.0 297.0 255.0 282.0 309.0 223.0 Grasp 0
342.0 272.0 279.0 319.0 266.0 301.0 328.0 254.0 Grasp 0
349.0 298.0 291.0 327.0 281.0 307.0 339.0 278.0 Grasp 0
309.0 225.0 238.0 261.0 227.0 240.0 299.0 205.0 Grasp 0
352.0 277.0 317.0 335.0 297.0 324.0 333.0 266.0 Grasp 0
351.0 280.0 284.0 330.0 270.0 312.0 337.0 262.0 Grasp 0
337.0 257.0 293.0 327.0 274.0 315.0 317.0 245.0 Grasp 0
318.0 229.0 265.0 287.0 248.0 272.0 301.0 213.0 Grasp 0
304.0 209.0 236.0 261.0 223.0 243.0 291.0 191.0 Grasp 0
334.0 260.0 260.0 296.0 250.0 276.0 324.0 239.0 Grasp 0
344.0 254.0 314.0 332.0 292.0 324.0 323.0 246.0 Grasp 0
347.0 282.0 303.0 330.0 286.0 315.0 330.0 267.0 Grasp 0
312.0 223.0 260.0 281.0 243.0 266.0 296.0 208.0 Grasp 0
295.0 198.0 263.0 280.0 242.0 272.0 274.0 190.0 Grasp 0
340.0 259.0 272.0 311.0 258.0 292.0 326.0 241.0 Grasp 0
353.0 306.0 315.0 335.0 302.0 317.0 340.0 288.0 Grasp 0
308.0 208.0 246.0 276.0 230.0 260.0 291.0 193.0 Grasp 0
354.0 290.0 326.0 336.0 307.0 324.0 335.0 279.0 Grasp 0
329.0 249.0 251.0 288.0 241.0 268.0 319.0 229.0 Grasp 0
355.0 297.0 272.0 320.0 266.0 298.0 349.0 275.0 Grasp 0
