324.0 232.0 277.0 268.0 264.0 250.0 311.0 215.0 Grasp 0
327.0 239.0 283.0 272.0 270.0 255.0 314.0 222.0 Grasp 0
329.0 251.0 295.0 277.0 282.0 259.0 316.0 234.0 Grasp 0
299.0 183.0 253.0 233.0 237.0 218.0 283.0 168.0 Grasp 0
362.0 287.0 330.0 322.0 314.0 307.0 346.0 272.0 Grasp 0
352.0 275.0 310.0 307.0 297.0 289.0 339.0 258.0 Grasp 0
296.0 181.0 226.0 215.0 216.0 196.0 286.0 161.0 Grasp 0
306.0 197.0 249.0 240.0 236.0 222.0 292.0 179.0 Grasp 0
313.0 210.0 271.0 255.0 255.0 240.0 296.0 195.0 Grasp 0
281.0 176.0 232.0 200.0 222.0 180.0 271.0 156.0 Grasp 0
344.0 268.0 304.0 298.0 291.0 280.0 331.0 250.0 Grasp 0
357.0 277.0 323.0 314.0 307.0 299.0 341.0 262.0 Grasp 0
336.0 256.0 298.0 285.0 285.0 268.0 323.0 239.0 Grasp 0
306.0 207.0 258.0 243.0 245.0 225.0 293.0 189.0 Grasp 0
368.0 298.0 331.0 326.0 317.0 309.0 354.0 281.0 Grasp 0
337.0 241.0 284.0 280.0 271.0 263.0 324.0 223.0 Grasp 0
299.0 191.0 216.0 199.0 214.0 177.0 297.0 169.0 Grasp 0
319.0 226.0 273.0 261.0 260.0 243.0 306.0 209.0 Grasp 0
373.0 301.0 353.0 333.0 334.0 321.0 354.0 289.0 Grasp 0
364.0 277.0 322.0 324.0 306.0 309.0 348.0 262.0 Grasp 0
284.0 187.0 227.0 192.0 225.0 171.0 282.0 165.0 Grasp 0
267.0 149.0 254.0 218.0 232.0 214.0 245.0 145.0 Grasp 0
289.0 189.0 247.0 220.0 234.0 202.0 276.0 171.0 Grasp 0
303.0 192.0 233.0 227.0 223.0 207.0 293.0 172.0 Grasp 0
