352.0 255.0 284.0 249.0 287.0 226.0 355.0 232.0 Grasp 0
354.0 266.0 275.0 227.0 286.0 206.0 364.0 245.0 Grasp 0
364.0 241.0 285.0 263.0 278.0 241.0 357.0 218.0 Grasp 0
356.0 230.0 289.0 211.0 295.0 189.0 363.0 208.0 Grasp 0
364.0 210.0 292.0 190.0 299.0 168.0 371.0 188.0 Grasp 0
356.0 246.0 286.0 239.0 288.0 216.0 358.0 222.0 Grasp 0
316.0 278.0 291.0 214.0 312.0 205.0 337.0 270.0 Grasp 0
364.0 207.0 298.0 174.0 308.0 154.0 374.0 186.0 Grasp 0
371.0 184.0 294.0 192.0 292.0 169.0 369.0 162.0 Grasp 0
340.0 281.0 280.0 216.0 297.0 200.0 357.0 266.0 Grasp 0
373.0 209.0 291.0 216.0 288.0 194.0 371.0 186.0 Grasp 0
325.0 285.0 291.0 197.0 313.0 189.0 347.0 277.0 Grasp 0
373.0 186.0 294.0 209.0 288.0 187.0 367.0 164.0 Grasp 0
360.0 270.0 269.0 244.0 276.0 221.0 367.0 247.0 Grasp 0
355.0 229.0 301.0 270.0 287.0 251.0 341.0 210.0 Grasp 0
