463.0 197.0 431.0 279.0 411.0 271.0 443.0 189.0 Grasp 0
429.0 198.0 417.0 266.0 395.0 262.0 408.0 194.0 Grasp 0
292.0 138.0 276.0 156.0 259.0 141.0 276.0 123.0 Grasp 0
449.0 251.0 408.0 272.0 398.0 252.0 439.0 231.0 Grasp 0
384.0 269.0 346.0 241.0 360.0 223.0 397.0 251.0 Grasp 0
410.0 200.0 410.0 259.0 388.0 259.0 388.0 200.0 Grasp 0
333.0 282.0 312.0 259.0 328.0 244.0 349.0 267.0 Grasp 0
402.0 208.0 366.0 226.0 356.0 206.0 392.0 188.0 Grasp 0
343.0 280.0 321.0 256.0 337.0 241.0 359.0 265.0 Grasp 0
391.0 196.0 391.0 254.0 369.0 254.0 369.0 196.0 Grasp 0
388.0 205.0 363.0 217.0 353.0 198.0 378.0 185.0 Grasp 0
391.0 193.0 377.0 266.0 355.0 262.0 369.0 188.0 Grasp 0
315.0 292.0 291.0 266.0 307.0 251.0 331.0 277.0 Grasp 0
280.0 297.0 264.0 272.0 283.0 261.0 299.0 286.0 Grasp 0
378.0 195.0 359.0 210.0 346.0 192.0 365.0 178.0 Grasp 0
433.0 192.0 433.0 272.0 411.0 272.0 411.0 192.0 Grasp 0
356.0 272.0 332.0 254.0 345.0 236.0 370.0 255.0 Grasp 0
365.0 268.0 340.0 250.0 354.0 232.0 378.0 250.0 Grasp 0
449.0 251.0 429.0 273.0 412.0 258.0 432.0 236.0 Grasp 0
306.0 143.0 294.0 162.0 275.0 151.0 287.0 132.0 Grasp 0
334.0 156.0 322.0 176.0 303.0 164.0 316.0 144.0 Grasp 0
314.0 286.0 302.0 266.0 320.0 254.0 333.0 274.0 Grasp 0
433.0 226.0 426.0 209.0 446.0 201.0 453.0 218.0 Grasp 0
260.0 276.0 255.0 300.0 234.0 296.0 238.0 272.0 Grasp 0
274.0 300.0 256.0 272.0 275.0 261.0 292.0 289.0 Grasp 0
372.0 192.0 347.0 205.0 337.0 185.0 362.0 172.0 Grasp 0
300.0 292.0 285.0 269.0 304.0 257.0 318.0 281.0 Grasp 0
326.0 288.0 304.0 263.0 320.0 248.0 343.0 273.0 Grasp 0
318.0 149.0 300.0 168.0 284.0 153.0 301.0 135.0 Grasp 0
357.0 175.0 343.0 191.0 327.0 176.0 341.0 160.0 Grasp 0
429.0 203.0 365.0 235.0 355.0 215.0 419.0 183.0 Grasp 0
295.0 140.0 285.0 157.0 266.0 146.0 277.0 129.0 Grasp 0
364.0 180.0 349.0 196.0 333.0 181.0 348.0 165.0 Grasp 0
259.0 300.0 245.0 277.0 264.0 266.0 278.0 288.0 Grasp 0
433.0 208.0 424.0 259.0 402.0 255.0 412.0 204.0 Grasp 0
245.0 302.0 233.0 282.0 252.0 270.0 264.0 290.0 Grasp 0
345.0 162.0 327.0 182.0 311.0 168.0 329.0 148.0 Grasp 0
383.0 265.0 357.0 237.0 373.0 222.0 399.0 250.0 Grasp 0
326.0 153.0 309.0 172.0 293.0 157.0 310.0 138.0 Grasp 0
300.0 298.0 274.0 269.0 290.0 254.0 316.0 283.0 Grasp 0
438.0 238.0 399.0 209.0 412.0 191.0 451.0 221.0 Grasp 0
389.0 193.0 356.0 277.0 336.0 269.0 368.0 185.0 Grasp 0
410.0 200.0 381.0 274.0 361.0 266.0 389.0 192.0 Grasp 0
402.0 192.0 402.0 258.0 380.0 258.0 380.0 192.0 Grasp 0
345.0 275.0 328.0 256.0 345.0 241.0 362.0 260.0 Grasp 0
349.0 166.0 337.0 186.0 319.0 174.0 331.0 155.0 Grasp 0
