270.0 175.0 244.0 168.0 250.0 146.0 276.0 154.0 Grasp 0
257.0 222.0 227.0 213.0 233.0 192.0 263.0 201.0 Grasp 0
287.0 117.0 261.0 110.0 267.0 88.0 293.0 96.0 Grasp 0
287.0 129.0 256.0 121.0 262.0 99.0 293.0 108.0 Grasp 0
266.0 192.0 237.0 183.0 243.0 162.0 272.0 170.0 Grasp 0
274.0 167.0 244.0 158.0 250.0 137.0 280.0 145.0 Grasp 0
254.0 233.0 225.0 225.0 231.0 204.0 260.0 212.0 Grasp 0
262.0 208.0 231.0 200.0 237.0 178.0 268.0 187.0 Grasp 0
279.0 152.0 248.0 143.0 254.0 121.0 285.0 130.0 Grasp 0
293.0 96.0 268.0 89.0 274.0 68.0 299.0 75.0 Grasp 0
270.0 183.0 239.0 175.0 245.0 153.0 276.0 162.0 Grasp 0
292.0 105.0 264.0 97.0 270.0 76.0 298.0 84.0 Grasp 0
266.0 202.0 231.0 192.0 237.0 171.0 272.0 181.0 Grasp 0
283.0 142.0 253.0 133.0 259.0 112.0 289.0 121.0 Grasp 0
275.0 159.0 248.0 151.0 254.0 130.0 281.0 138.0 Grasp 0
292.0 112.0 260.0 103.0 266.0 82.0 298.0 91.0 Grasp 0
262.0 217.0 226.0 207.0 232.0 185.0 268.0 195.0 Grasp 0
