344.0 240.0 327.0 195.0 347.0 187.0 365.0 232.0 Grasp 0
397.0 249.0 381.0 163.0 403.0 159.0 419.0 244.0 Grasp 0
407.0 235.0 385.0 177.0 405.0 169.0 428.0 227.0 Grasp 0
407.0 244.0 366.0 177.0 385.0 165.0 426.0 232.0 Grasp 0
396.0 168.0 381.0 247.0 360.0 243.0 374.0 164.0 Grasp 0
390.0 251.0 359.0 173.0 380.0 165.0 410.0 243.0 Grasp 0
391.0 241.0 368.0 182.0 389.0 174.0 412.0 233.0 Grasp 0
366.0 178.0 354.0 242.0 332.0 238.0 344.0 174.0 Grasp 0
354.0 184.0 343.0 241.0 321.0 237.0 332.0 180.0 Grasp 0
426.0 175.0 415.0 237.0 393.0 233.0 404.0 171.0 Grasp 0
418.0 171.0 405.0 239.0 383.0 235.0 396.0 167.0 Grasp 0
385.0 174.0 371.0 248.0 350.0 243.0 363.0 170.0 Grasp 0
422.0 232.0 364.0 188.0 377.0 170.0 436.0 214.0 Grasp 0
340.0 246.0 317.0 208.0 335.0 196.0 359.0 234.0 Grasp 0
365.0 248.0 340.0 186.0 361.0 178.0 385.0 240.0 Grasp 0
376.0 244.0 353.0 183.0 373.0 175.0 397.0 236.0 Grasp 0
355.0 240.0 338.0 195.0 358.0 187.0 376.0 232.0 Grasp 0
430.0 177.0 386.0 248.0 367.0 236.0 411.0 165.0 Grasp 0
364.0 254.0 326.0 193.0 345.0 182.0 382.0 243.0 Grasp 0
368.0 182.0 368.0 240.0 346.0 240.0 346.0 182.0 Grasp 0
346.0 193.0 339.0 235.0 317.0 231.0 325.0 189.0 Grasp 0
