325.0 265.0 254.0 258.0 256.0 236.0 327.0 243.0 Grasp 0
330.0 271.0 249.0 295.0 243.0 273.0 324.0 250.0 Grasp 0
318.0 250.0 261.0 245.0 263.0 223.0 320.0 228.0 Grasp 0
320.0 225.0 258.0 219.0 260.0 197.0 322.0 202.0 Grasp 0
320.0 211.0 262.0 217.0 260.0 194.0 318.0 189.0 Grasp 0
321.0 242.0 256.0 236.0 258.0 214.0 323.0 220.0 Grasp 0
327.0 274.0 250.0 267.0 252.0 244.0 329.0 252.0 Grasp 0
330.0 259.0 250.0 282.0 244.0 261.0 324.0 238.0 Grasp 0
325.0 293.0 254.0 287.0 256.0 265.0 327.0 272.0 Grasp 0
330.0 311.0 248.0 303.0 250.0 281.0 332.0 289.0 Grasp 0
321.0 214.0 261.0 232.0 255.0 210.0 315.0 193.0 Grasp 0
327.0 257.0 250.0 250.0 252.0 227.0 329.0 234.0 Grasp 0
330.0 282.0 247.0 275.0 249.0 253.0 332.0 260.0 Grasp 0
330.0 295.0 249.0 302.0 247.0 280.0 328.0 273.0 Grasp 0
332.0 229.0 249.0 253.0 243.0 231.0 326.0 208.0 Grasp 0
