342.0 276.0 310.0 252.0 324.0 235.0 355.0 259.0 Grasp 0
336.0 170.0 328.0 192.0 307.0 184.0 315.0 162.0 Grasp 0
398.0 177.0 381.0 264.0 359.0 260.0 376.0 172.0 Grasp 0
324.0 285.0 301.0 259.0 318.0 244.0 340.0 270.0 Grasp 0
352.0 180.0 332.0 202.0 315.0 187.0 335.0 165.0 Grasp 0
412.0 267.0 343.0 233.0 353.0 213.0 422.0 247.0 Grasp 0
414.0 189.0 348.0 222.0 338.0 202.0 404.0 169.0 Grasp 0
435.0 202.0 349.0 227.0 343.0 205.0 429.0 181.0 Grasp 0
370.0 279.0 320.0 241.0 334.0 223.0 384.0 261.0 Grasp 0
382.0 178.0 346.0 218.0 329.0 203.0 366.0 163.0 Grasp 0
426.0 182.0 391.0 272.0 370.0 264.0 405.0 173.0 Grasp 0
355.0 273.0 322.0 248.0 335.0 230.0 368.0 255.0 Grasp 0
369.0 184.0 344.0 211.0 328.0 196.0 352.0 169.0 Grasp 0
419.0 255.0 339.0 216.0 349.0 195.0 429.0 235.0 Grasp 0
388.0 194.0 333.0 255.0 316.0 240.0 371.0 179.0 Grasp 0
360.0 184.0 339.0 208.0 322.0 193.0 344.0 169.0 Grasp 0
393.0 281.0 330.0 233.0 343.0 215.0 407.0 263.0 Grasp 0
343.0 176.0 325.0 196.0 308.0 181.0 326.0 161.0 Grasp 0
329.0 280.0 307.0 255.0 324.0 240.0 346.0 264.0 Grasp 0
397.0 181.0 397.0 259.0 374.0 259.0 374.0 181.0 Grasp 0
437.0 199.0 394.0 268.0 375.0 256.0 418.0 187.0 Grasp 0
407.0 262.0 375.0 178.0 396.0 170.0 428.0 254.0 Grasp 0
