347.0 262.0 314.0 226.0 331.0 210.0 364.0 247.0 Grasp 0
383.0 240.0 330.0 200.0 343.0 182.0 397.0 222.0 Grasp 0
311.0 305.0 271.0 275.0 286.0 256.0 325.0 286.0 Grasp 0
341.0 278.0 296.0 243.0 311.0 225.0 356.0 259.0 Grasp 0
298.0 325.0 256.0 278.0 274.0 262.0 316.0 308.0 Grasp 0
305.0 320.0 260.0 271.0 278.0 255.0 323.0 304.0 Grasp 0
360.0 257.0 318.0 225.0 332.0 207.0 374.0 239.0 Grasp 0
324.0 293.0 286.0 251.0 303.0 235.0 341.0 277.0 Grasp 0
373.0 251.0 320.0 211.0 334.0 193.0 387.0 233.0 Grasp 0
334.0 290.0 289.0 240.0 306.0 224.0 352.0 274.0 Grasp 0
344.0 269.0 306.0 229.0 324.0 213.0 361.0 253.0 Grasp 0
368.0 244.0 337.0 194.0 357.0 182.0 387.0 232.0 Grasp 0
321.0 297.0 278.0 264.0 293.0 246.0 335.0 278.0 Grasp 0
373.0 240.0 332.0 209.0 345.0 191.0 387.0 222.0 Grasp 0
315.0 308.0 271.0 260.0 289.0 244.0 333.0 292.0 Grasp 0
301.0 316.0 259.0 296.0 270.0 274.0 312.0 295.0 Grasp 0
317.0 313.0 258.0 283.0 269.0 262.0 328.0 291.0 Grasp 0
