372.0 220.0 323.0 244.0 313.0 225.0 362.0 200.0 Grasp 0
356.0 197.0 317.0 226.0 304.0 209.0 343.0 179.0 Grasp 0
361.0 206.0 324.0 234.0 310.0 216.0 348.0 188.0 Grasp 0
356.0 179.0 311.0 229.0 295.0 214.0 340.0 164.0 Grasp 0
369.0 208.0 335.0 246.0 318.0 231.0 353.0 193.0 Grasp 0
356.0 193.0 303.0 220.0 293.0 200.0 346.0 174.0 Grasp 0
354.0 179.0 301.0 219.0 288.0 202.0 341.0 161.0 Grasp 0
388.0 236.0 356.0 271.0 339.0 256.0 372.0 221.0 Grasp 0
378.0 234.0 333.0 256.0 323.0 236.0 368.0 214.0 Grasp 0
386.0 247.0 345.0 268.0 335.0 248.0 376.0 228.0 Grasp 0
369.0 202.0 306.0 233.0 296.0 214.0 359.0 182.0 Grasp 0
380.0 220.0 343.0 261.0 327.0 246.0 364.0 206.0 Grasp 0
357.0 183.0 325.0 234.0 306.0 223.0 338.0 171.0 Grasp 0
376.0 212.0 336.0 255.0 320.0 240.0 359.0 197.0 Grasp 0
379.0 240.0 350.0 261.0 337.0 244.0 365.0 222.0 Grasp 0
372.0 212.0 314.0 241.0 305.0 221.0 362.0 193.0 Grasp 0
