309.0 225.0 238.0 205.0 244.0 184.0 315.0 204.0 Grasp 0
286.0 280.0 229.0 263.0 235.0 242.0 292.0 258.0 Grasp 0
311.0 254.0 231.0 276.0 225.0 255.0 305.0 232.0 Grasp 0
248.0 316.0 224.0 309.0 230.0 287.0 254.0 294.0 Grasp 0
317.0 212.0 240.0 191.0 246.0 169.0 323.0 191.0 Grasp 0
292.0 269.0 221.0 248.0 227.0 227.0 298.0 247.0 Grasp 0
262.0 290.0 231.0 281.0 237.0 259.0 268.0 268.0 Grasp 0
253.0 307.0 227.0 300.0 233.0 279.0 259.0 286.0 Grasp 0
258.0 303.0 224.0 294.0 230.0 272.0 264.0 282.0 Grasp 0
321.0 206.0 241.0 183.0 247.0 161.0 327.0 184.0 Grasp 0
295.0 258.0 226.0 238.0 232.0 217.0 301.0 237.0 Grasp 0
297.0 253.0 229.0 219.0 239.0 199.0 307.0 233.0 Grasp 0
264.0 284.0 216.0 232.0 232.0 217.0 280.0 269.0 Grasp 0
306.0 234.0 234.0 213.0 240.0 192.0 312.0 212.0 Grasp 0
287.0 280.0 218.0 228.0 232.0 210.0 301.0 262.0 Grasp 0
320.0 221.0 231.0 196.0 237.0 174.0 326.0 199.0 Grasp 0
