359.0 215.0 350.0 260.0 328.0 256.0 337.0 211.0 Grasp 0
280.0 278.0 258.0 221.0 279.0 213.0 301.0 270.0 Grasp 0
283.0 219.0 272.0 279.0 250.0 275.0 262.0 215.0 Grasp 0
321.0 265.0 301.0 213.0 322.0 205.0 342.0 257.0 Grasp 0
347.0 211.0 336.0 273.0 314.0 269.0 326.0 207.0 Grasp 0
292.0 275.0 270.0 219.0 291.0 211.0 313.0 267.0 Grasp 0
296.0 222.0 262.0 276.0 243.0 265.0 277.0 210.0 Grasp 0
328.0 263.0 309.0 214.0 330.0 206.0 349.0 255.0 Grasp 0
334.0 214.0 323.0 276.0 301.0 272.0 313.0 210.0 Grasp 0
300.0 274.0 277.0 215.0 298.0 207.0 320.0 266.0 Grasp 0
318.0 280.0 272.0 206.0 291.0 194.0 336.0 268.0 Grasp 0
268.0 285.0 255.0 215.0 277.0 211.0 290.0 281.0 Grasp 0
316.0 203.0 316.0 278.0 293.0 278.0 293.0 203.0 Grasp 0
291.0 211.0 277.0 288.0 255.0 284.0 269.0 207.0 Grasp 0
291.0 286.0 262.0 211.0 283.0 203.0 312.0 278.0 Grasp 0
275.0 283.0 243.0 230.0 262.0 219.0 294.0 271.0 Grasp 0
322.0 274.0 281.0 207.0 300.0 196.0 341.0 263.0 Grasp 0
334.0 254.0 314.0 221.0 332.0 209.0 353.0 243.0 Grasp 0
346.0 247.0 330.0 221.0 349.0 209.0 365.0 235.0 Grasp 0
295.0 279.0 242.0 239.0 255.0 221.0 308.0 261.0 Grasp 0
307.0 206.0 307.0 281.0 284.0 281.0 284.0 206.0 Grasp 0
322.0 212.0 322.0 267.0 299.0 267.0 299.0 212.0 Grasp 0
