322.0 193.0 294.0 206.0 284.0 186.0 312.0 173.0 Grasp 0
313.0 171.0 288.0 190.0 275.0 173.0 300.0 154.0 Grasp 0
353.0 232.0 335.0 260.0 317.0 249.0 334.0 220.0 Grasp 0
322.0 186.0 290.0 201.0 280.0 182.0 312.0 166.0 Grasp 0
329.0 202.0 307.0 218.0 293.0 201.0 315.0 184.0 Grasp 0
339.0 233.0 320.0 242.0 310.0 223.0 329.0 213.0 Grasp 0
338.0 220.0 317.0 236.0 304.0 219.0 325.0 203.0 Grasp 0
336.0 201.0 310.0 229.0 294.0 214.0 320.0 186.0 Grasp 0
315.0 182.0 290.0 195.0 280.0 175.0 306.0 162.0 Grasp 0
331.0 212.0 307.0 224.0 297.0 204.0 321.0 192.0 Grasp 0
372.0 285.0 358.0 300.0 342.0 285.0 356.0 271.0 Grasp 0
359.0 251.0 344.0 275.0 325.0 264.0 340.0 240.0 Grasp 0
355.0 261.0 342.0 271.0 329.0 254.0 342.0 244.0 Grasp 0
353.0 266.0 334.0 271.0 328.0 250.0 347.0 245.0 Grasp 0
361.0 265.0 347.0 281.0 331.0 266.0 345.0 250.0 Grasp 0
328.0 192.0 299.0 215.0 285.0 197.0 315.0 174.0 Grasp 0
310.0 164.0 284.0 183.0 271.0 166.0 297.0 146.0 Grasp 0
350.0 215.0 340.0 269.0 318.0 264.0 328.0 211.0 Grasp 0
320.0 178.0 277.0 190.0 271.0 169.0 313.0 157.0 Grasp 0
370.0 296.0 345.0 298.0 343.0 276.0 368.0 274.0 Grasp 0
349.0 259.0 325.0 262.0 323.0 240.0 347.0 238.0 Grasp 0
351.0 252.0 336.0 263.0 323.0 246.0 338.0 235.0 Grasp 0
358.0 274.0 326.0 271.0 328.0 249.0 360.0 252.0 Grasp 0
358.0 230.0 348.0 284.0 326.0 280.0 336.0 226.0 Grasp 0
347.0 240.0 330.0 253.0 317.0 235.0 334.0 223.0 Grasp 0
