390.0 147.0 355.0 130.0 365.0 110.0 400.0 127.0 Grasp 0
340.0 208.0 314.0 189.0 327.0 171.0 353.0 191.0 Grasp 0
330.0 219.0 308.0 203.0 321.0 185.0 343.0 202.0 Grasp 0
304.0 283.0 245.0 266.0 251.0 245.0 310.0 262.0 Grasp 0
379.0 158.0 349.0 135.0 362.0 117.0 392.0 140.0 Grasp 0
317.0 231.0 301.0 219.0 314.0 201.0 330.0 213.0 Grasp 0
300.0 310.0 234.0 260.0 247.0 243.0 313.0 292.0 Grasp 0
356.0 181.0 334.0 164.0 347.0 146.0 370.0 163.0 Grasp 0
348.0 193.0 326.0 176.0 339.0 159.0 361.0 176.0 Grasp 0
293.0 305.0 238.0 278.0 248.0 258.0 302.0 285.0 Grasp 0
369.0 168.0 341.0 147.0 354.0 129.0 382.0 151.0 Grasp 0
288.0 322.0 226.0 275.0 240.0 257.0 302.0 304.0 Grasp 0
323.0 225.0 305.0 211.0 318.0 193.0 337.0 207.0 Grasp 0
367.0 177.0 337.0 162.0 347.0 142.0 377.0 157.0 Grasp 0
318.0 230.0 300.0 202.0 319.0 190.0 336.0 219.0 Grasp 0
316.0 291.0 234.0 315.0 228.0 293.0 310.0 270.0 Grasp 0
298.0 286.0 256.0 254.0 270.0 236.0 312.0 268.0 Grasp 0
273.0 319.0 236.0 260.0 255.0 248.0 292.0 307.0 Grasp 0
286.0 313.0 246.0 249.0 265.0 237.0 305.0 301.0 Grasp 0
333.0 213.0 313.0 198.0 326.0 180.0 346.0 195.0 Grasp 0
307.0 310.0 223.0 302.0 226.0 280.0 309.0 288.0 Grasp 0
355.0 188.0 329.0 168.0 342.0 151.0 368.0 170.0 Grasp 0
346.0 201.0 320.0 188.0 330.0 169.0 356.0 181.0 Grasp 0
304.0 293.0 235.0 274.0 241.0 253.0 310.0 272.0 Grasp 0
322.0 254.0 242.0 276.0 236.0 255.0 316.0 232.0 Grasp 0
372.0 160.0 349.0 143.0 363.0 126.0 385.0 143.0 Grasp 0
298.0 276.0 265.0 251.0 278.0 234.0 311.0 259.0 Grasp 0
306.0 263.0 250.0 258.0 252.0 236.0 308.0 241.0 Grasp 0
291.0 307.0 252.0 243.0 270.0 232.0 310.0 296.0 Grasp 0
297.0 269.0 272.0 251.0 285.0 233.0 310.0 252.0 Grasp 0
