393.0 251.0 357.0 309.0 338.0 297.0 374.0 240.0 Grasp 0
391.0 246.0 378.0 314.0 356.0 310.0 369.0 241.0 Grasp 0
361.0 235.0 322.0 298.0 303.0 286.0 342.0 223.0 Grasp 0
361.0 231.0 347.0 307.0 325.0 303.0 339.0 227.0 Grasp 0
374.0 240.0 349.0 305.0 328.0 297.0 354.0 232.0 Grasp 0
410.0 268.0 382.0 314.0 363.0 302.0 391.0 256.0 Grasp 0
347.0 238.0 328.0 288.0 307.0 280.0 326.0 230.0 Grasp 0
441.0 281.0 425.0 322.0 405.0 314.0 421.0 273.0 Grasp 0
385.0 237.0 355.0 314.0 334.0 306.0 364.0 229.0 Grasp 0
406.0 255.0 369.0 316.0 350.0 304.0 387.0 243.0 Grasp 0
374.0 235.0 330.0 306.0 311.0 294.0 355.0 223.0 Grasp 0
405.0 257.0 395.0 310.0 373.0 306.0 383.0 253.0 Grasp 0
398.0 251.0 386.0 312.0 365.0 308.0 376.0 247.0 Grasp 0
430.0 281.0 406.0 319.0 387.0 307.0 411.0 269.0 Grasp 0
340.0 230.0 340.0 299.0 318.0 299.0 318.0 230.0 Grasp 0
386.0 233.0 370.0 321.0 348.0 317.0 364.0 229.0 Grasp 0
422.0 266.0 414.0 312.0 392.0 307.0 400.0 262.0 Grasp 0
418.0 270.0 401.0 313.0 380.0 305.0 397.0 262.0 Grasp 0
437.0 284.0 416.0 317.0 397.0 305.0 418.0 272.0 Grasp 0
407.0 249.0 407.0 310.0 385.0 310.0 385.0 249.0 Grasp 0
354.0 233.0 342.0 300.0 320.0 296.0 332.0 229.0 Grasp 0
