334.0 213.0 322.0 278.0 300.0 274.0 312.0 209.0 Grasp 0
365.0 225.0 355.0 279.0 333.0 275.0 343.0 220.0 Grasp 0
309.0 210.0 283.0 277.0 262.0 269.0 288.0 202.0 Grasp 0
313.0 203.0 299.0 278.0 278.0 274.0 292.0 199.0 Grasp 0
329.0 205.0 297.0 287.0 276.0 279.0 308.0 197.0 Grasp 0
263.0 194.0 263.0 265.0 242.0 265.0 242.0 194.0 Grasp 0
362.0 227.0 341.0 280.0 320.0 272.0 341.0 219.0 Grasp 0
294.0 201.0 281.0 274.0 259.0 270.0 273.0 197.0 Grasp 0
284.0 202.0 271.0 269.0 250.0 264.0 262.0 198.0 Grasp 0
342.0 216.0 330.0 279.0 308.0 275.0 320.0 212.0 Grasp 0
351.0 218.0 339.0 280.0 317.0 276.0 328.0 214.0 Grasp 0
314.0 205.0 314.0 273.0 292.0 273.0 292.0 205.0 Grasp 0
347.0 286.0 334.0 219.0 357.0 215.0 369.0 282.0 Grasp 0
263.0 188.0 247.0 273.0 226.0 269.0 242.0 184.0 Grasp 0
299.0 199.0 299.0 275.0 277.0 275.0 277.0 199.0 Grasp 0
