348.0 276.0 336.0 341.0 314.0 337.0 326.0 272.0 Grasp 0
409.0 275.0 395.0 348.0 373.0 344.0 387.0 271.0 Grasp 0
382.0 276.0 369.0 345.0 347.0 341.0 360.0 272.0 Grasp 0
330.0 279.0 319.0 340.0 297.0 336.0 308.0 274.0 Grasp 0
384.0 339.0 374.0 285.0 396.0 281.0 406.0 335.0 Grasp 0
389.0 281.0 378.0 341.0 356.0 336.0 367.0 277.0 Grasp 0
331.0 343.0 306.0 278.0 327.0 270.0 352.0 334.0 Grasp 0
313.0 268.0 313.0 347.0 290.0 347.0 290.0 268.0 Grasp 0
366.0 273.0 353.0 345.0 331.0 341.0 344.0 269.0 Grasp 0
341.0 339.0 330.0 278.0 352.0 274.0 363.0 335.0 Grasp 0
345.0 281.0 322.0 342.0 301.0 334.0 324.0 273.0 Grasp 0
358.0 280.0 348.0 338.0 325.0 334.0 336.0 276.0 Grasp 0
360.0 343.0 336.0 281.0 357.0 273.0 381.0 335.0 Grasp 0
388.0 348.0 346.0 279.0 365.0 267.0 407.0 336.0 Grasp 0
316.0 344.0 290.0 276.0 311.0 268.0 337.0 336.0 Grasp 0
369.0 281.0 369.0 334.0 347.0 334.0 347.0 281.0 Grasp 0
403.0 286.0 367.0 345.0 347.0 333.0 384.0 274.0 Grasp 0
397.0 345.0 359.0 283.0 378.0 271.0 416.0 333.0 Grasp 0
391.0 275.0 391.0 343.0 368.0 343.0 368.0 275.0 Grasp 0
331.0 273.0 303.0 347.0 282.0 339.0 310.0 265.0 Grasp 0
362.0 353.0 347.0 270.0 369.0 265.0 384.0 349.0 Grasp 0
332.0 346.0 318.0 269.0 340.0 265.0 354.0 341.0 Grasp 0
332.0 270.0 332.0 342.0 310.0 342.0 310.0 270.0 Grasp 0
327.0 351.0 295.0 268.0 316.0 260.0 348.0 343.0 Grasp 0
317.0 278.0 317.0 334.0 295.0 334.0 295.0 278.0 Grasp 0
