328.0 168.0 312.0 257.0 283.0 251.0 299.0 162.0 Grasp 0
352.0 189.0 325.0 258.0 298.0 247.0 324.0 179.0 Grasp 0
341.0 246.0 270.0 211.0 283.0 185.0 354.0 220.0 Grasp 0
346.0 251.0 261.0 227.0 269.0 199.0 354.0 223.0 Grasp 0
355.0 225.0 272.0 233.0 269.0 204.0 353.0 196.0 Grasp 0
364.0 222.0 268.0 213.0 271.0 184.0 367.0 193.0 Grasp 0
330.0 261.0 267.0 213.0 284.0 190.0 348.0 237.0 Grasp 0
341.0 226.0 285.0 198.0 298.0 172.0 354.0 200.0 Grasp 0
338.0 174.0 287.0 256.0 262.0 241.0 313.0 159.0 Grasp 0
335.0 256.0 272.0 186.0 293.0 166.0 357.0 236.0 Grasp 0
363.0 204.0 275.0 248.0 262.0 222.0 350.0 178.0 Grasp 0
342.0 248.0 275.0 174.0 296.0 154.0 364.0 228.0 Grasp 0
362.0 188.0 333.0 264.0 305.0 254.0 335.0 177.0 Grasp 0
