383.0 291.0 317.0 309.0 311.0 288.0 377.0 269.0 Grasp 0
367.0 262.0 314.0 288.0 304.0 268.0 357.0 242.0 Grasp 0
359.0 207.0 291.0 258.0 277.0 241.0 345.0 190.0 Grasp 0
371.0 272.0 320.0 298.0 310.0 278.0 362.0 252.0 Grasp 0
384.0 295.0 331.0 321.0 321.0 302.0 374.0 275.0 Grasp 0
370.0 252.0 306.0 284.0 296.0 264.0 361.0 232.0 Grasp 0
364.0 241.0 302.0 271.0 292.0 252.0 354.0 221.0 Grasp 0
365.0 234.0 277.0 242.0 274.0 220.0 363.0 212.0 Grasp 0
350.0 227.0 300.0 252.0 290.0 232.0 340.0 207.0 Grasp 0
381.0 273.0 323.0 317.0 310.0 299.0 368.0 255.0 Grasp 0
361.0 232.0 298.0 264.0 288.0 244.0 351.0 212.0 Grasp 0
384.0 278.0 335.0 331.0 319.0 316.0 367.0 263.0 Grasp 0
359.0 208.0 300.0 272.0 284.0 257.0 343.0 193.0 Grasp 0
362.0 250.0 310.0 276.0 300.0 256.0 352.0 230.0 Grasp 0
346.0 218.0 297.0 243.0 287.0 223.0 336.0 199.0 Grasp 0
383.0 309.0 311.0 302.0 313.0 280.0 385.0 287.0 Grasp 0
