263.0 261.0 244.0 229.0 262.0 218.0 282.0 249.0 Grasp 0
297.0 269.0 287.0 218.0 309.0 214.0 319.0 265.0 Grasp 0
281.0 128.0 269.0 160.0 248.0 152.0 261.0 120.0 Grasp 0
331.0 274.0 299.0 221.0 317.0 210.0 350.0 262.0 Grasp 0
247.0 264.0 230.0 236.0 249.0 225.0 266.0 252.0 Grasp 0
394.0 158.0 330.0 206.0 316.0 188.0 380.0 140.0 Grasp 0
342.0 162.0 319.0 187.0 303.0 172.0 325.0 147.0 Grasp 0
451.0 283.0 369.0 306.0 362.0 284.0 444.0 261.0 Grasp 0
415.0 187.0 332.0 211.0 326.0 189.0 408.0 165.0 Grasp 0
436.0 257.0 366.0 292.0 356.0 272.0 426.0 237.0 Grasp 0
291.0 129.0 278.0 163.0 257.0 155.0 270.0 121.0 Grasp 0
306.0 141.0 289.0 168.0 271.0 156.0 287.0 129.0 Grasp 0
285.0 257.0 273.0 226.0 294.0 218.0 306.0 249.0 Grasp 0
358.0 167.0 340.0 197.0 321.0 185.0 339.0 155.0 Grasp 0
340.0 155.0 311.0 187.0 295.0 172.0 324.0 140.0 Grasp 0
356.0 160.0 327.0 192.0 310.0 177.0 339.0 145.0 Grasp 0
441.0 266.0 371.0 301.0 361.0 281.0 431.0 246.0 Grasp 0
305.0 274.0 295.0 218.0 317.0 214.0 327.0 270.0 Grasp 0
317.0 276.0 285.0 225.0 304.0 213.0 336.0 264.0 Grasp 0
279.0 261.0 264.0 221.0 285.0 213.0 300.0 253.0 Grasp 0
331.0 152.0 314.0 180.0 295.0 168.0 312.0 141.0 Grasp 0
317.0 145.0 299.0 173.0 280.0 162.0 298.0 133.0 Grasp 0
348.0 159.0 333.0 197.0 312.0 189.0 327.0 151.0 Grasp 0
384.0 154.0 324.0 200.0 310.0 182.0 371.0 136.0 Grasp 0
403.0 169.0 336.0 219.0 323.0 201.0 389.0 151.0 Grasp 0
327.0 153.0 294.0 177.0 281.0 160.0 313.0 135.0 Grasp 0
302.0 225.0 297.0 253.0 276.0 249.0 281.0 221.0 Grasp 0
266.0 256.0 255.0 227.0 276.0 219.0 287.0 248.0 Grasp 0
437.0 240.0 350.0 283.0 340.0 263.0 427.0 220.0 Grasp 0
