307.0 213.0 243.0 219.0 241.0 197.0 305.0 191.0 Grasp 0
312.0 172.0 241.0 178.0 239.0 156.0 310.0 150.0 Grasp 0
316.0 170.0 231.0 162.0 233.0 140.0 318.0 148.0 Grasp 0
313.0 202.0 231.0 194.0 233.0 172.0 315.0 179.0 Grasp 0
302.0 232.0 236.0 225.0 238.0 203.0 304.0 209.0 Grasp 0
304.0 191.0 241.0 186.0 243.0 164.0 306.0 169.0 Grasp 0
309.0 242.0 237.0 262.0 231.0 240.0 303.0 220.0 Grasp 0
296.0 239.0 241.0 234.0 243.0 212.0 298.0 217.0 Grasp 0
311.0 161.0 237.0 155.0 239.0 133.0 313.0 140.0 Grasp 0
312.0 203.0 238.0 210.0 236.0 188.0 310.0 181.0 Grasp 0
294.0 258.0 240.0 253.0 242.0 230.0 296.0 235.0 Grasp 0
299.0 244.0 244.0 249.0 242.0 226.0 296.0 221.0 Grasp 0
313.0 185.0 226.0 160.0 232.0 139.0 319.0 164.0 Grasp 0
323.0 176.0 229.0 185.0 227.0 163.0 321.0 154.0 Grasp 0
