295.0 297.0 288.0 258.0 310.0 254.0 318.0 293.0 Grasp 0
296.0 304.0 275.0 248.0 296.0 240.0 318.0 296.0 Grasp 0
495.0 224.0 495.0 320.0 472.0 320.0 472.0 224.0 Grasp 0
382.0 235.0 368.0 315.0 345.0 310.0 360.0 231.0 Grasp 0
370.0 239.0 356.0 315.0 333.0 311.0 348.0 235.0 Grasp 0
327.0 321.0 300.0 251.0 321.0 242.0 348.0 313.0 Grasp 0
343.0 241.0 332.0 301.0 310.0 297.0 321.0 236.0 Grasp 0
359.0 245.0 347.0 306.0 325.0 302.0 336.0 241.0 Grasp 0
384.0 329.0 334.0 247.0 353.0 235.0 404.0 316.0 Grasp 0
345.0 249.0 345.0 300.0 323.0 300.0 323.0 249.0 Grasp 0
