302.0 349.0 279.0 290.0 300.0 282.0 323.0 341.0 Grasp 0
309.0 348.0 287.0 290.0 308.0 282.0 330.0 340.0 Grasp 0
369.0 340.0 348.0 286.0 369.0 278.0 389.0 332.0 Grasp 0
377.0 333.0 360.0 290.0 381.0 282.0 397.0 325.0 Grasp 0
288.0 336.0 281.0 296.0 303.0 292.0 310.0 332.0 Grasp 0
337.0 343.0 306.0 294.0 325.0 282.0 355.0 331.0 Grasp 0
354.0 344.0 331.0 285.0 351.0 277.0 374.0 336.0 Grasp 0
334.0 291.0 313.0 344.0 293.0 336.0 313.0 283.0 Grasp 0
341.0 338.0 323.0 293.0 344.0 285.0 361.0 330.0 Grasp 0
309.0 293.0 300.0 342.0 278.0 338.0 288.0 289.0 Grasp 0
324.0 344.0 302.0 290.0 323.0 282.0 344.0 336.0 Grasp 0
345.0 291.0 325.0 343.0 304.0 335.0 325.0 283.0 Grasp 0
320.0 289.0 309.0 343.0 288.0 339.0 298.0 285.0 Grasp 0
393.0 331.0 377.0 292.0 398.0 284.0 413.0 323.0 Grasp 0
322.0 344.0 290.0 293.0 309.0 282.0 341.0 333.0 Grasp 0
360.0 340.0 339.0 286.0 360.0 278.0 381.0 332.0 Grasp 0
369.0 288.0 359.0 338.0 338.0 334.0 347.0 284.0 Grasp 0
385.0 291.0 377.0 334.0 356.0 330.0 364.0 287.0 Grasp 0
380.0 284.0 369.0 343.0 347.0 338.0 358.0 280.0 Grasp 0
354.0 289.0 344.0 339.0 323.0 335.0 332.0 285.0 Grasp 0
333.0 287.0 333.0 339.0 311.0 339.0 311.0 287.0 Grasp 0
323.0 337.0 314.0 292.0 336.0 288.0 344.0 333.0 Grasp 0
409.0 289.0 391.0 337.0 370.0 329.0 389.0 281.0 Grasp 0
330.0 344.0 319.0 284.0 341.0 280.0 352.0 340.0 Grasp 0
391.0 335.0 364.0 291.0 383.0 280.0 410.0 323.0 Grasp 0
