384.0 115.0 335.0 110.0 337.0 88.0 386.0 92.0 Grasp 0
373.0 145.0 331.0 133.0 337.0 112.0 379.0 124.0 Grasp 0
351.0 187.0 321.0 179.0 328.0 156.0 357.0 165.0 Grasp 0
384.0 133.0 330.0 128.0 332.0 105.0 386.0 110.0 Grasp 0
349.0 238.0 292.0 233.0 294.0 210.0 351.0 215.0 Grasp 0
380.0 145.0 327.0 118.0 337.0 98.0 390.0 124.0 Grasp 0
386.0 137.0 340.0 87.0 357.0 72.0 403.0 122.0 Grasp 0
359.0 166.0 326.0 157.0 332.0 134.0 365.0 143.0 Grasp 0
345.0 224.0 305.0 213.0 312.0 191.0 351.0 202.0 Grasp 0
369.0 148.0 329.0 152.0 327.0 128.0 367.0 125.0 Grasp 0
354.0 216.0 293.0 221.0 291.0 199.0 352.0 193.0 Grasp 0
348.0 203.0 315.0 193.0 321.0 171.0 355.0 181.0 Grasp 0
384.0 91.0 354.0 94.0 352.0 71.0 382.0 69.0 Grasp 0
347.0 232.0 298.0 219.0 304.0 197.0 353.0 210.0 Grasp 0
352.0 179.0 326.0 171.0 332.0 149.0 358.0 156.0 Grasp 0
355.0 196.0 316.0 185.0 322.0 163.0 361.0 174.0 Grasp 0
347.0 243.0 301.0 209.0 315.0 190.0 360.0 225.0 Grasp 0
378.0 166.0 315.0 184.0 308.0 161.0 371.0 143.0 Grasp 0
351.0 251.0 287.0 219.0 297.0 198.0 361.0 230.0 Grasp 0
367.0 180.0 316.0 176.0 318.0 153.0 369.0 157.0 Grasp 0
346.0 210.0 314.0 201.0 320.0 179.0 352.0 188.0 Grasp 0
351.0 217.0 306.0 205.0 312.0 183.0 357.0 195.0 Grasp 0
380.0 128.0 337.0 116.0 343.0 95.0 386.0 107.0 Grasp 0
357.0 159.0 330.0 151.0 337.0 128.0 364.0 136.0 Grasp 0
375.0 166.0 316.0 136.0 326.0 116.0 385.0 145.0 Grasp 0
356.0 196.0 314.0 164.0 328.0 145.0 370.0 177.0 Grasp 0
359.0 176.0 322.0 165.0 328.0 143.0 366.0 153.0 Grasp 0
