349.0 275.0 297.0 290.0 291.0 269.0 342.0 254.0 Grasp 0
332.0 254.0 297.0 264.0 291.0 243.0 326.0 232.0 Grasp 0
316.0 212.0 286.0 228.0 276.0 208.0 306.0 193.0 Grasp 0
323.0 232.0 288.0 241.0 282.0 220.0 316.0 210.0 Grasp 0
308.0 169.0 284.0 230.0 264.0 222.0 288.0 161.0 Grasp 0
338.0 264.0 303.0 282.0 293.0 262.0 328.0 244.0 Grasp 0
327.0 241.0 296.0 257.0 286.0 237.0 317.0 221.0 Grasp 0
319.0 223.0 283.0 234.0 277.0 212.0 313.0 202.0 Grasp 0
312.0 188.0 286.0 231.0 267.0 220.0 294.0 177.0 Grasp 0
347.0 278.0 307.0 298.0 297.0 278.0 338.0 258.0 Grasp 0
322.0 236.0 295.0 249.0 285.0 229.0 312.0 216.0 Grasp 0
321.0 214.0 291.0 236.0 278.0 219.0 308.0 196.0 Grasp 0
349.0 264.0 304.0 298.0 290.0 280.0 336.0 246.0 Grasp 0
