317.0 326.0 302.0 310.0 318.0 295.0 333.0 312.0 Grasp 0
307.0 335.0 291.0 318.0 307.0 303.0 323.0 320.0 Grasp 0
335.0 317.0 317.0 297.0 334.0 282.0 352.0 302.0 Grasp 0
423.0 254.0 412.0 237.0 431.0 225.0 442.0 243.0 Grasp 0
415.0 263.0 399.0 244.0 415.0 230.0 432.0 248.0 Grasp 0
355.0 304.0 338.0 285.0 354.0 270.0 372.0 289.0 Grasp 0
392.0 280.0 374.0 260.0 391.0 246.0 409.0 265.0 Grasp 0
409.0 269.0 391.0 248.0 407.0 234.0 426.0 254.0 Grasp 0
343.0 312.0 326.0 293.0 342.0 278.0 359.0 297.0 Grasp 0
373.0 294.0 354.0 273.0 370.0 258.0 390.0 279.0 Grasp 0
387.0 287.0 363.0 269.0 377.0 252.0 400.0 270.0 Grasp 0
403.0 275.0 383.0 252.0 399.0 238.0 419.0 260.0 Grasp 0
329.0 322.0 310.0 301.0 326.0 286.0 345.0 307.0 Grasp 0
362.0 298.0 346.0 281.0 362.0 266.0 378.0 283.0 Grasp 0
350.0 310.0 330.0 288.0 346.0 273.0 366.0 295.0 Grasp 0
