307.0 263.0 262.0 241.0 272.0 221.0 317.0 244.0 Grasp 0
321.0 211.0 293.0 197.0 303.0 177.0 331.0 191.0 Grasp 0
318.0 229.0 280.0 218.0 286.0 197.0 324.0 208.0 Grasp 0
361.0 117.0 339.0 106.0 349.0 86.0 371.0 97.0 Grasp 0
376.0 33.0 350.0 74.0 331.0 63.0 357.0 21.0 Grasp 0
347.0 158.0 318.0 150.0 324.0 129.0 353.0 137.0 Grasp 0
362.0 99.0 349.0 28.0 370.0 24.0 384.0 95.0 Grasp 0
283.0 307.0 244.0 288.0 254.0 268.0 293.0 288.0 Grasp 0
333.0 188.0 300.0 179.0 306.0 157.0 339.0 167.0 Grasp 0
316.0 254.0 264.0 239.0 270.0 218.0 322.0 232.0 Grasp 0
325.0 202.0 297.0 188.0 307.0 169.0 334.0 182.0 Grasp 0
276.0 324.0 234.0 304.0 244.0 284.0 286.0 304.0 Grasp 0
308.0 270.0 257.0 255.0 263.0 234.0 314.0 248.0 Grasp 0
312.0 241.0 276.0 224.0 286.0 204.0 322.0 221.0 Grasp 0
273.0 333.0 230.0 311.0 240.0 292.0 283.0 313.0 Grasp 0
295.0 288.0 251.0 276.0 257.0 254.0 301.0 267.0 Grasp 0
383.0 93.0 371.0 32.0 393.0 28.0 405.0 89.0 Grasp 0
308.0 250.0 272.0 231.0 282.0 212.0 318.0 230.0 Grasp 0
298.0 280.0 256.0 268.0 262.0 246.0 304.0 258.0 Grasp 0
398.0 43.0 349.0 81.0 335.0 63.0 385.0 25.0 Grasp 0
335.0 174.0 312.0 163.0 321.0 143.0 345.0 154.0 Grasp 0
321.0 221.0 285.0 210.0 291.0 189.0 327.0 199.0 Grasp 0
425.0 77.0 349.0 99.0 343.0 77.0 419.0 56.0 Grasp 0
386.0 39.0 352.0 76.0 336.0 61.0 369.0 24.0 Grasp 0
353.0 140.0 327.0 127.0 337.0 107.0 363.0 120.0 Grasp 0
287.0 299.0 247.0 279.0 257.0 259.0 297.0 279.0 Grasp 0
276.0 316.0 241.0 299.0 251.0 279.0 285.0 296.0 Grasp 0
369.0 105.0 344.0 92.0 354.0 73.0 379.0 85.0 Grasp 0
407.0 112.0 339.0 93.0 345.0 71.0 413.0 91.0 Grasp 0
360.0 133.0 331.0 125.0 337.0 103.0 366.0 111.0 Grasp 0
340.0 168.0 316.0 156.0 326.0 136.0 349.0 148.0 Grasp 0
415.0 45.0 406.0 90.0 384.0 86.0 393.0 41.0 Grasp 0
412.0 57.0 351.0 102.0 338.0 85.0 399.0 39.0 Grasp 0
400.0 98.0 329.0 62.0 339.0 42.0 410.0 78.0 Grasp 0
352.0 145.0 326.0 138.0 332.0 116.0 358.0 124.0 Grasp 0
375.0 103.0 327.0 79.0 337.0 59.0 385.0 83.0 Grasp 0
390.0 100.0 344.0 24.0 363.0 12.0 410.0 88.0 Grasp 0
358.0 126.0 335.0 115.0 345.0 95.0 368.0 106.0 Grasp 0
419.0 87.0 328.0 61.0 334.0 39.0 425.0 65.0 Grasp 0
401.0 44.0 355.0 94.0 338.0 79.0 384.0 29.0 Grasp 0
408.0 52.0 351.0 80.0 341.0 60.0 398.0 32.0 Grasp 0
