280.0 287.0 255.0 248.0 275.0 236.0 299.0 275.0 Grasp 0
334.0 285.0 287.0 210.0 307.0 197.0 354.0 273.0 Grasp 0
270.0 319.0 231.0 256.0 251.0 244.0 290.0 307.0 Grasp 0
326.0 279.0 310.0 193.0 333.0 188.0 349.0 275.0 Grasp 0
291.0 288.0 239.0 249.0 252.0 231.0 304.0 270.0 Grasp 0
317.0 279.0 303.0 205.0 326.0 201.0 340.0 275.0 Grasp 0
301.0 272.0 284.0 228.0 306.0 220.0 323.0 263.0 Grasp 0
350.0 279.0 291.0 215.0 308.0 199.0 367.0 264.0 Grasp 0
285.0 289.0 247.0 286.0 249.0 263.0 287.0 267.0 Grasp 0
294.0 282.0 270.0 243.0 289.0 231.0 313.0 270.0 Grasp 0
445.0 228.0 413.0 145.0 435.0 137.0 467.0 220.0 Grasp 0
314.0 280.0 289.0 217.0 310.0 208.0 335.0 272.0 Grasp 0
