421.0 225.0 346.0 218.0 348.0 196.0 423.0 203.0 Grasp 0
407.0 246.0 348.0 217.0 357.0 197.0 417.0 226.0 Grasp 0
399.0 248.0 364.0 192.0 383.0 180.0 418.0 237.0 Grasp 0
395.0 265.0 322.0 272.0 320.0 249.0 393.0 242.0 Grasp 0
384.0 291.0 320.0 258.0 330.0 238.0 395.0 270.0 Grasp 0
416.0 207.0 356.0 237.0 346.0 217.0 406.0 187.0 Grasp 0
396.0 251.0 330.0 284.0 320.0 264.0 386.0 231.0 Grasp 0
398.0 226.0 356.0 295.0 336.0 283.0 379.0 214.0 Grasp 0
379.0 304.0 318.0 237.0 335.0 221.0 396.0 288.0 Grasp 0
396.0 254.0 351.0 205.0 367.0 189.0 412.0 239.0 Grasp 0
386.0 224.0 373.0 295.0 350.0 291.0 364.0 220.0 Grasp 0
362.0 302.0 334.0 230.0 355.0 222.0 383.0 294.0 Grasp 0
402.0 249.0 319.0 272.0 312.0 250.0 395.0 226.0 Grasp 0
393.0 265.0 337.0 223.0 350.0 205.0 407.0 247.0 Grasp 0
387.0 231.0 349.0 293.0 329.0 281.0 368.0 219.0 Grasp 0
411.0 240.0 363.0 203.0 376.0 185.0 425.0 222.0 Grasp 0
415.0 243.0 346.0 208.0 356.0 188.0 425.0 223.0 Grasp 0
401.0 281.0 320.0 289.0 318.0 266.0 399.0 258.0 Grasp 0
400.0 272.0 321.0 280.0 319.0 257.0 398.0 250.0 Grasp 0
396.0 264.0 336.0 293.0 326.0 273.0 386.0 243.0 Grasp 0
