355.0 249.0 336.0 279.0 317.0 268.0 336.0 237.0 Grasp 0
345.0 244.0 319.0 273.0 303.0 258.0 329.0 229.0 Grasp 0
279.0 206.0 260.0 236.0 241.0 225.0 260.0 195.0 Grasp 0
299.0 212.0 275.0 251.0 256.0 239.0 280.0 201.0 Grasp 0
366.0 261.0 344.0 285.0 327.0 270.0 350.0 246.0 Grasp 0
274.0 201.0 253.0 235.0 234.0 224.0 256.0 189.0 Grasp 0
322.0 227.0 302.0 259.0 283.0 248.0 303.0 215.0 Grasp 0
268.0 202.0 245.0 227.0 229.0 212.0 252.0 187.0 Grasp 0
378.0 269.0 356.0 293.0 340.0 278.0 362.0 254.0 Grasp 0
290.0 208.0 266.0 246.0 248.0 234.0 271.0 196.0 Grasp 0
385.0 273.0 372.0 296.0 353.0 284.0 367.0 262.0 Grasp 0
310.0 221.0 289.0 255.0 270.0 243.0 291.0 209.0 Grasp 0
338.0 240.0 310.0 270.0 294.0 255.0 321.0 225.0 Grasp 0
327.0 232.0 309.0 262.0 290.0 250.0 308.0 220.0 Grasp 0
301.0 221.0 284.0 250.0 265.0 238.0 283.0 209.0 Grasp 0
370.0 262.0 354.0 288.0 335.0 276.0 351.0 250.0 Grasp 0
378.0 260.0 364.0 294.0 344.0 286.0 357.0 252.0 Grasp 0
349.0 250.0 327.0 274.0 310.0 259.0 332.0 235.0 Grasp 0
362.0 247.0 346.0 287.0 326.0 279.0 342.0 239.0 Grasp 0
