343.0 240.0 316.0 310.0 295.0 302.0 322.0 232.0 Grasp 0
285.0 216.0 259.0 283.0 238.0 275.0 264.0 208.0 Grasp 0
303.0 222.0 276.0 292.0 255.0 283.0 282.0 213.0 Grasp 0
355.0 239.0 325.0 317.0 304.0 309.0 334.0 231.0 Grasp 0
327.0 239.0 293.0 294.0 274.0 282.0 308.0 227.0 Grasp 0
311.0 232.0 288.0 290.0 267.0 282.0 290.0 224.0 Grasp 0
293.0 224.0 270.0 283.0 249.0 275.0 272.0 215.0 Grasp 0
329.0 228.0 313.0 312.0 291.0 308.0 307.0 224.0 Grasp 0
313.0 232.0 264.0 286.0 247.0 271.0 296.0 217.0 Grasp 0
313.0 228.0 300.0 299.0 278.0 294.0 291.0 224.0 Grasp 0
270.0 209.0 270.0 282.0 247.0 282.0 247.0 209.0 Grasp 0
279.0 220.0 246.0 273.0 227.0 261.0 259.0 208.0 Grasp 0
269.0 213.0 257.0 275.0 234.0 271.0 246.0 209.0 Grasp 0
337.0 238.0 299.0 300.0 280.0 288.0 318.0 227.0 Grasp 0
378.0 250.0 349.0 326.0 328.0 318.0 358.0 243.0 Grasp 0
