381.0 198.0 345.0 140.0 364.0 128.0 400.0 187.0 Grasp 0
302.0 202.0 285.0 174.0 304.0 163.0 321.0 190.0 Grasp 0
404.0 189.0 369.0 133.0 388.0 121.0 423.0 177.0 Grasp 0
358.0 195.0 338.0 144.0 359.0 136.0 378.0 187.0 Grasp 0
309.0 203.0 288.0 169.0 307.0 158.0 328.0 191.0 Grasp 0
382.0 196.0 357.0 132.0 378.0 124.0 403.0 188.0 Grasp 0
370.0 134.0 359.0 194.0 337.0 190.0 349.0 130.0 Grasp 0
413.0 190.0 374.0 127.0 393.0 115.0 432.0 178.0 Grasp 0
393.0 189.0 361.0 137.0 380.0 126.0 412.0 177.0 Grasp 0
366.0 191.0 348.0 144.0 368.0 136.0 386.0 183.0 Grasp 0
336.0 200.0 314.0 165.0 333.0 153.0 355.0 188.0 Grasp 0
412.0 122.0 398.0 195.0 376.0 191.0 390.0 118.0 Grasp 0
350.0 201.0 322.0 156.0 341.0 144.0 369.0 189.0 Grasp 0
331.0 193.0 323.0 150.0 345.0 146.0 353.0 189.0 Grasp 0
323.0 202.0 298.0 162.0 317.0 150.0 342.0 191.0 Grasp 0
399.0 187.0 387.0 123.0 409.0 119.0 421.0 183.0 Grasp 0
310.0 192.0 301.0 169.0 322.0 161.0 331.0 184.0 Grasp 0
383.0 131.0 371.0 199.0 349.0 195.0 362.0 127.0 Grasp 0
370.0 204.0 355.0 124.0 377.0 120.0 392.0 200.0 Grasp 0
324.0 197.0 308.0 157.0 329.0 149.0 344.0 189.0 Grasp 0
