363.0 211.0 307.0 239.0 297.0 219.0 353.0 192.0 Grasp 0
357.0 203.0 295.0 221.0 289.0 199.0 351.0 182.0 Grasp 0
391.0 260.0 339.0 299.0 326.0 281.0 378.0 242.0 Grasp 0
384.0 245.0 322.0 275.0 313.0 256.0 374.0 225.0 Grasp 0
371.0 231.0 319.0 257.0 309.0 238.0 361.0 211.0 Grasp 0
353.0 188.0 310.0 235.0 294.0 220.0 337.0 173.0 Grasp 0
370.0 216.0 307.0 248.0 297.0 228.0 361.0 197.0 Grasp 0
391.0 264.0 324.0 283.0 318.0 262.0 385.0 243.0 Grasp 0
366.0 195.0 301.0 244.0 288.0 226.0 353.0 177.0 Grasp 0
388.0 253.0 336.0 292.0 323.0 275.0 375.0 236.0 Grasp 0
374.0 239.0 323.0 265.0 313.0 245.0 364.0 220.0 Grasp 0
388.0 245.0 329.0 289.0 316.0 272.0 375.0 227.0 Grasp 0
398.0 270.0 324.0 291.0 318.0 270.0 392.0 249.0 Grasp 0
375.0 223.0 309.0 256.0 299.0 236.0 365.0 203.0 Grasp 0
387.0 244.0 349.0 304.0 330.0 292.0 368.0 232.0 Grasp 0
