358.0 219.0 338.0 270.0 317.0 262.0 337.0 211.0 Grasp 0
335.0 218.0 320.0 258.0 299.0 250.0 315.0 210.0 Grasp 0
302.0 205.0 284.0 251.0 263.0 243.0 281.0 197.0 Grasp 0
327.0 210.0 308.0 260.0 287.0 252.0 306.0 202.0 Grasp 0
347.0 215.0 326.0 268.0 306.0 260.0 327.0 207.0 Grasp 0
315.0 207.0 295.0 256.0 275.0 248.0 294.0 199.0 Grasp 0
257.0 191.0 248.0 239.0 227.0 235.0 236.0 187.0 Grasp 0
269.0 200.0 255.0 237.0 234.0 229.0 248.0 192.0 Grasp 0
291.0 196.0 280.0 254.0 259.0 250.0 269.0 192.0 Grasp 0
363.0 225.0 346.0 268.0 326.0 260.0 342.0 217.0 Grasp 0
306.0 210.0 292.0 249.0 271.0 241.0 286.0 203.0 Grasp 0
322.0 216.0 299.0 254.0 280.0 243.0 304.0 204.0 Grasp 0
338.0 267.0 329.0 218.0 351.0 213.0 360.0 263.0 Grasp 0
