350.0 213.0 282.0 220.0 280.0 198.0 348.0 192.0 Grasp 0
345.0 206.0 282.0 201.0 284.0 179.0 347.0 185.0 Grasp 0
347.0 181.0 285.0 199.0 279.0 178.0 341.0 160.0 Grasp 0
347.0 245.0 287.0 251.0 285.0 229.0 345.0 224.0 Grasp 0
362.0 250.0 278.0 274.0 272.0 253.0 356.0 229.0 Grasp 0
360.0 218.0 272.0 227.0 270.0 205.0 358.0 197.0 Grasp 0
354.0 193.0 276.0 201.0 274.0 179.0 352.0 172.0 Grasp 0
355.0 232.0 279.0 239.0 277.0 217.0 353.0 210.0 Grasp 0
348.0 192.0 278.0 185.0 280.0 163.0 350.0 170.0 Grasp 0
346.0 263.0 284.0 257.0 286.0 235.0 348.0 241.0 Grasp 0
345.0 225.0 287.0 231.0 285.0 209.0 343.0 203.0 Grasp 0
344.0 204.0 276.0 170.0 286.0 151.0 354.0 185.0 Grasp 0
347.0 277.0 274.0 241.0 284.0 221.0 357.0 257.0 Grasp 0
346.0 238.0 288.0 243.0 286.0 221.0 344.0 216.0 Grasp 0
354.0 257.0 276.0 250.0 278.0 228.0 356.0 235.0 Grasp 0
354.0 236.0 296.0 281.0 282.0 263.0 341.0 219.0 Grasp 0
353.0 247.0 286.0 266.0 280.0 245.0 347.0 226.0 Grasp 0
