290.0 210.0 262.0 180.0 279.0 166.0 306.0 195.0 Grasp 0
433.0 178.0 399.0 122.0 417.0 111.0 452.0 167.0 Grasp 0
341.0 188.0 325.0 163.0 344.0 151.0 360.0 177.0 Grasp 0
416.0 186.0 357.0 156.0 367.0 137.0 426.0 166.0 Grasp 0
445.0 157.0 438.0 121.0 460.0 117.0 467.0 153.0 Grasp 0
305.0 201.0 287.0 173.0 306.0 161.0 324.0 189.0 Grasp 0
437.0 166.0 420.0 123.0 441.0 115.0 457.0 158.0 Grasp 0
324.0 195.0 307.0 168.0 326.0 156.0 343.0 183.0 Grasp 0
412.0 128.0 392.0 179.0 372.0 171.0 392.0 120.0 Grasp 0
259.0 218.0 237.0 183.0 256.0 172.0 278.0 207.0 Grasp 0
292.0 208.0 272.0 176.0 291.0 164.0 311.0 197.0 Grasp 0
413.0 182.0 391.0 125.0 412.0 117.0 434.0 174.0 Grasp 0
268.0 213.0 250.0 184.0 269.0 173.0 287.0 201.0 Grasp 0
241.0 219.0 229.0 189.0 250.0 181.0 261.0 211.0 Grasp 0
252.0 219.0 231.0 187.0 250.0 175.0 270.0 208.0 Grasp 0
459.0 175.0 393.0 124.0 406.0 107.0 473.0 157.0 Grasp 0
275.0 213.0 254.0 179.0 273.0 168.0 294.0 202.0 Grasp 0
404.0 175.0 389.0 135.0 409.0 127.0 425.0 168.0 Grasp 0
422.0 176.0 411.0 117.0 433.0 113.0 444.0 172.0 Grasp 0
451.0 161.0 428.0 123.0 446.0 112.0 470.0 150.0 Grasp 0
405.0 128.0 383.0 185.0 363.0 177.0 385.0 120.0 Grasp 0
332.0 195.0 313.0 164.0 332.0 153.0 351.0 183.0 Grasp 0
359.0 180.0 347.0 161.0 365.0 149.0 378.0 169.0 Grasp 0
397.0 178.0 377.0 146.0 396.0 135.0 415.0 167.0 Grasp 0
316.0 200.0 298.0 171.0 317.0 159.0 335.0 188.0 Grasp 0
419.0 123.0 419.0 177.0 397.0 177.0 397.0 123.0 Grasp 0
456.0 168.0 413.0 122.0 430.0 107.0 472.0 153.0 Grasp 0
448.0 178.0 384.0 130.0 397.0 113.0 461.0 161.0 Grasp 0
455.0 119.0 445.0 171.0 423.0 167.0 433.0 115.0 Grasp 0
435.0 113.0 405.0 191.0 385.0 183.0 415.0 105.0 Grasp 0
414.0 131.0 405.0 175.0 384.0 171.0 392.0 127.0 Grasp 0
300.0 206.0 279.0 172.0 298.0 161.0 319.0 195.0 Grasp 0
381.0 178.0 370.0 149.0 390.0 141.0 401.0 170.0 Grasp 0
353.0 184.0 338.0 160.0 357.0 148.0 371.0 172.0 Grasp 0
438.0 109.0 423.0 191.0 401.0 187.0 417.0 105.0 Grasp 0
