355.0 240.0 298.0 246.0 296.0 223.0 353.0 218.0 Grasp 0
356.0 309.0 283.0 303.0 286.0 280.0 358.0 287.0 Grasp 0
357.0 328.0 286.0 334.0 284.0 312.0 355.0 305.0 Grasp 0
362.0 247.0 290.0 253.0 288.0 231.0 360.0 224.0 Grasp 0
357.0 262.0 287.0 242.0 293.0 220.0 363.0 240.0 Grasp 0
354.0 325.0 282.0 319.0 284.0 296.0 357.0 303.0 Grasp 0
354.0 289.0 288.0 283.0 290.0 260.0 356.0 266.0 Grasp 0
361.0 264.0 291.0 257.0 293.0 235.0 363.0 241.0 Grasp 0
354.0 317.0 284.0 310.0 286.0 288.0 356.0 294.0 Grasp 0
346.0 342.0 288.0 337.0 291.0 315.0 348.0 320.0 Grasp 0
346.0 297.0 295.0 293.0 297.0 270.0 348.0 275.0 Grasp 0
355.0 271.0 292.0 265.0 294.0 242.0 357.0 248.0 Grasp 0
358.0 269.0 294.0 288.0 287.0 266.0 351.0 248.0 Grasp 0
362.0 311.0 282.0 334.0 276.0 312.0 356.0 289.0 Grasp 0
355.0 279.0 290.0 273.0 292.0 250.0 357.0 256.0 Grasp 0
366.0 283.0 286.0 322.0 276.0 302.0 356.0 262.0 Grasp 0
366.0 282.0 288.0 341.0 274.0 323.0 352.0 264.0 Grasp 0
