354.0 290.0 287.0 271.0 293.0 249.0 360.0 268.0 Grasp 0
348.0 310.0 279.0 276.0 289.0 256.0 358.0 290.0 Grasp 0
347.0 331.0 263.0 307.0 269.0 286.0 353.0 310.0 Grasp 0
375.0 227.0 317.0 211.0 324.0 189.0 382.0 205.0 Grasp 0
377.0 247.0 310.0 214.0 320.0 193.0 387.0 227.0 Grasp 0
363.0 271.0 299.0 239.0 309.0 218.0 373.0 250.0 Grasp 0
362.0 261.0 306.0 234.0 316.0 214.0 372.0 241.0 Grasp 0
358.0 286.0 292.0 253.0 302.0 233.0 368.0 266.0 Grasp 0
373.0 257.0 301.0 221.0 311.0 201.0 384.0 237.0 Grasp 0
375.0 242.0 314.0 196.0 328.0 178.0 388.0 223.0 Grasp 0
383.0 231.0 306.0 224.0 308.0 201.0 385.0 208.0 Grasp 0
356.0 305.0 279.0 266.0 289.0 247.0 366.0 285.0 Grasp 0
349.0 322.0 271.0 283.0 281.0 263.0 359.0 302.0 Grasp 0
388.0 222.0 302.0 247.0 296.0 225.0 381.0 200.0 Grasp 0
356.0 278.0 298.0 249.0 308.0 229.0 366.0 258.0 Grasp 0
