371.0 201.0 350.0 168.0 369.0 156.0 389.0 190.0 Grasp 0
324.0 253.0 284.0 209.0 301.0 194.0 341.0 238.0 Grasp 0
277.0 296.0 226.0 257.0 239.0 239.0 291.0 278.0 Grasp 0
286.0 295.0 235.0 239.0 251.0 224.0 303.0 281.0 Grasp 0
292.0 297.0 212.0 275.0 218.0 253.0 298.0 276.0 Grasp 0
288.0 287.0 252.0 229.0 271.0 217.0 307.0 275.0 Grasp 0
368.0 222.0 323.0 172.0 339.0 157.0 385.0 207.0 Grasp 0
337.0 235.0 305.0 201.0 322.0 186.0 353.0 220.0 Grasp 0
260.0 323.0 213.0 247.0 232.0 235.0 279.0 311.0 Grasp 0
288.0 279.0 243.0 246.0 257.0 228.0 301.0 262.0 Grasp 0
329.0 243.0 295.0 206.0 311.0 192.0 345.0 228.0 Grasp 0
267.0 307.0 218.0 271.0 232.0 253.0 280.0 290.0 Grasp 0
345.0 235.0 307.0 193.0 323.0 178.0 361.0 220.0 Grasp 0
298.0 272.0 260.0 229.0 276.0 215.0 314.0 257.0 Grasp 0
316.0 256.0 280.0 216.0 296.0 201.0 332.0 241.0 Grasp 0
373.0 211.0 337.0 171.0 353.0 157.0 389.0 196.0 Grasp 0
241.0 313.0 229.0 248.0 250.0 244.0 262.0 309.0 Grasp 0
265.0 303.0 224.0 258.0 240.0 243.0 282.0 288.0 Grasp 0
360.0 222.0 321.0 180.0 338.0 165.0 376.0 207.0 Grasp 0
310.0 265.0 268.0 218.0 284.0 204.0 327.0 250.0 Grasp 0
273.0 301.0 237.0 242.0 256.0 231.0 292.0 289.0 Grasp 0
377.0 195.0 359.0 166.0 378.0 154.0 396.0 183.0 Grasp 0
339.0 245.0 295.0 196.0 311.0 182.0 355.0 230.0 Grasp 0
352.0 225.0 314.0 184.0 331.0 169.0 368.0 210.0 Grasp 0
263.0 242.0 250.0 313.0 228.0 309.0 241.0 238.0 Grasp 0
302.0 264.0 269.0 227.0 285.0 212.0 318.0 249.0 Grasp 0
280.0 288.0 250.0 239.0 269.0 227.0 299.0 276.0 Grasp 0
287.0 295.0 220.0 245.0 233.0 227.0 301.0 278.0 Grasp 0
289.0 272.0 258.0 238.0 274.0 224.0 305.0 258.0 Grasp 0
