344.0 254.0 285.0 209.0 299.0 191.0 358.0 235.0 Grasp 0
291.0 301.0 247.0 267.0 262.0 248.0 306.0 281.0 Grasp 0
332.0 270.0 280.0 231.0 294.0 212.0 346.0 251.0 Grasp 0
357.0 203.0 294.0 209.0 292.0 186.0 355.0 181.0 Grasp 0
304.0 293.0 261.0 224.0 281.0 211.0 324.0 281.0 Grasp 0
302.0 305.0 246.0 244.0 264.0 228.0 320.0 289.0 Grasp 0
317.0 284.0 266.0 228.0 283.0 212.0 335.0 268.0 Grasp 0
298.0 287.0 260.0 245.0 278.0 229.0 316.0 271.0 Grasp 0
295.0 315.0 229.0 282.0 240.0 260.0 306.0 293.0 Grasp 0
311.0 276.0 279.0 224.0 300.0 211.0 332.0 263.0 Grasp 0
373.0 214.0 289.0 221.0 287.0 198.0 371.0 191.0 Grasp 0
284.0 324.0 231.0 266.0 249.0 250.0 302.0 308.0 Grasp 0
359.0 246.0 281.0 207.0 291.0 187.0 369.0 225.0 Grasp 0
276.0 322.0 229.0 287.0 244.0 267.0 290.0 302.0 Grasp 0
353.0 237.0 296.0 194.0 310.0 175.0 367.0 219.0 Grasp 0
356.0 229.0 299.0 186.0 313.0 168.0 370.0 210.0 Grasp 0
288.0 310.0 239.0 273.0 254.0 254.0 303.0 291.0 Grasp 0
371.0 219.0 292.0 197.0 298.0 175.0 377.0 197.0 Grasp 0
325.0 286.0 278.0 209.0 298.0 197.0 346.0 273.0 Grasp 0
340.0 268.0 280.0 222.0 294.0 204.0 354.0 249.0 Grasp 0
299.0 282.0 273.0 215.0 296.0 206.0 322.0 274.0 Grasp 0
363.0 231.0 290.0 211.0 296.0 188.0 369.0 209.0 Grasp 0
318.0 288.0 266.0 249.0 280.0 230.0 332.0 269.0 Grasp 0
