298.0 277.0 272.0 235.0 291.0 223.0 317.0 265.0 Grasp 0
348.0 261.0 316.0 209.0 334.0 197.0 367.0 250.0 Grasp 0
315.0 270.0 288.0 226.0 307.0 214.0 334.0 258.0 Grasp 0
338.0 260.0 312.0 217.0 331.0 205.0 357.0 248.0 Grasp 0
308.0 277.0 276.0 225.0 295.0 214.0 327.0 265.0 Grasp 0
274.0 285.0 250.0 246.0 269.0 234.0 293.0 274.0 Grasp 0
324.0 265.0 298.0 223.0 316.0 211.0 343.0 254.0 Grasp 0
352.0 256.0 327.0 193.0 348.0 184.0 372.0 248.0 Grasp 0
289.0 277.0 267.0 240.0 286.0 229.0 308.0 265.0 Grasp 0
284.0 284.0 256.0 238.0 275.0 226.0 303.0 272.0 Grasp 0
372.0 250.0 339.0 198.0 358.0 186.0 391.0 239.0 Grasp 0
329.0 268.0 306.0 208.0 326.0 200.0 349.0 260.0 Grasp 0
377.0 255.0 315.0 208.0 328.0 190.0 390.0 237.0 Grasp 0
367.0 193.0 367.0 247.0 345.0 247.0 345.0 193.0 Grasp 0
311.0 275.0 298.0 209.0 320.0 205.0 332.0 270.0 Grasp 0
