314.0 305.0 255.0 260.0 269.0 242.0 327.0 286.0 Grasp 0
301.0 318.0 244.0 274.0 258.0 256.0 315.0 300.0 Grasp 0
334.0 272.0 282.0 233.0 296.0 215.0 348.0 254.0 Grasp 0
323.0 285.0 271.0 246.0 285.0 228.0 336.0 267.0 Grasp 0
293.0 329.0 236.0 286.0 250.0 268.0 307.0 311.0 Grasp 0
337.0 264.0 291.0 229.0 305.0 211.0 351.0 246.0 Grasp 0
310.0 290.0 274.0 250.0 291.0 235.0 327.0 274.0 Grasp 0
305.0 305.0 257.0 269.0 270.0 251.0 319.0 287.0 Grasp 0
293.0 320.0 244.0 284.0 258.0 265.0 307.0 302.0 Grasp 0
280.0 339.0 229.0 301.0 242.0 283.0 294.0 321.0 Grasp 0
289.0 328.0 227.0 297.0 237.0 277.0 299.0 308.0 Grasp 0
311.0 294.0 265.0 259.0 279.0 241.0 325.0 276.0 Grasp 0
303.0 314.0 234.0 308.0 236.0 285.0 305.0 292.0 Grasp 0
284.0 340.0 232.0 284.0 249.0 268.0 301.0 325.0 Grasp 0
326.0 275.0 281.0 241.0 295.0 223.0 340.0 257.0 Grasp 0
320.0 278.0 288.0 226.0 307.0 214.0 339.0 266.0 Grasp 0
290.0 315.0 257.0 263.0 277.0 251.0 309.0 303.0 Grasp 0
