347.0 324.0 333.0 249.0 355.0 245.0 369.0 320.0 Grasp 0
286.0 341.0 257.0 268.0 278.0 259.0 307.0 333.0 Grasp 0
334.0 330.0 306.0 259.0 327.0 251.0 355.0 321.0 Grasp 0
344.0 331.0 315.0 254.0 336.0 245.0 366.0 322.0 Grasp 0
311.0 331.0 298.0 260.0 320.0 256.0 333.0 327.0 Grasp 0
311.0 334.0 284.0 265.0 305.0 256.0 332.0 326.0 Grasp 0
358.0 250.0 342.0 331.0 320.0 327.0 335.0 245.0 Grasp 0
306.0 258.0 291.0 342.0 268.0 338.0 284.0 253.0 Grasp 0
295.0 336.0 281.0 261.0 304.0 257.0 318.0 332.0 Grasp 0
286.0 337.0 273.0 265.0 295.0 260.0 309.0 333.0 Grasp 0
365.0 326.0 303.0 258.0 320.0 243.0 382.0 311.0 Grasp 0
327.0 333.0 297.0 258.0 319.0 249.0 348.0 325.0 Grasp 0
368.0 252.0 354.0 327.0 331.0 322.0 345.0 247.0 Grasp 0
