350.0 295.0 329.0 301.0 323.0 280.0 344.0 274.0 Grasp 0
353.0 220.0 301.0 235.0 295.0 213.0 347.0 199.0 Grasp 0
354.0 248.0 304.0 252.0 302.0 230.0 352.0 226.0 Grasp 0
349.0 280.0 317.0 283.0 315.0 261.0 347.0 258.0 Grasp 0
358.0 189.0 293.0 221.0 283.0 201.0 348.0 169.0 Grasp 0
363.0 204.0 288.0 225.0 282.0 203.0 357.0 182.0 Grasp 0
355.0 202.0 290.0 208.0 288.0 186.0 353.0 180.0 Grasp 0
358.0 240.0 297.0 246.0 295.0 224.0 356.0 218.0 Grasp 0
359.0 212.0 294.0 230.0 288.0 209.0 353.0 191.0 Grasp 0
352.0 255.0 306.0 259.0 303.0 237.0 350.0 233.0 Grasp 0
352.0 285.0 324.0 293.0 318.0 271.0 346.0 264.0 Grasp 0
347.0 191.0 299.0 205.0 293.0 184.0 341.0 170.0 Grasp 0
363.0 224.0 295.0 243.0 289.0 222.0 357.0 202.0 Grasp 0
351.0 266.0 318.0 275.0 312.0 254.0 345.0 244.0 Grasp 0
360.0 250.0 318.0 271.0 308.0 251.0 350.0 230.0 Grasp 0
357.0 231.0 308.0 256.0 298.0 236.0 347.0 211.0 Grasp 0
351.0 178.0 305.0 229.0 288.0 214.0 335.0 163.0 Grasp 0
351.0 220.0 284.0 186.0 294.0 166.0 361.0 200.0 Grasp 0
347.0 271.0 302.0 267.0 305.0 245.0 349.0 249.0 Grasp 0
351.0 301.0 329.0 308.0 323.0 286.0 345.0 280.0 Grasp 0
