441.0 323.0 424.0 228.0 446.0 224.0 463.0 319.0 Grasp 0
429.0 317.0 414.0 238.0 436.0 234.0 451.0 313.0 Grasp 0
511.0 222.0 511.0 311.0 488.0 311.0 488.0 222.0 Grasp 0
388.0 320.0 374.0 246.0 396.0 241.0 410.0 315.0 Grasp 0
528.0 227.0 528.0 305.0 505.0 305.0 505.0 227.0 Grasp 0
502.0 308.0 473.0 233.0 494.0 225.0 523.0 300.0 Grasp 0
420.0 316.0 406.0 240.0 428.0 236.0 442.0 312.0 Grasp 0
484.0 309.0 470.0 232.0 492.0 228.0 506.0 304.0 Grasp 0
367.0 325.0 352.0 245.0 374.0 241.0 389.0 321.0 Grasp 0
355.0 329.0 339.0 245.0 361.0 241.0 377.0 325.0 Grasp 0
525.0 233.0 511.0 306.0 489.0 302.0 503.0 229.0 Grasp 0
310.0 334.0 280.0 257.0 301.0 249.0 331.0 326.0 Grasp 0
510.0 304.0 482.0 234.0 503.0 225.0 531.0 296.0 Grasp 0
408.0 316.0 394.0 243.0 416.0 239.0 430.0 312.0 Grasp 0
345.0 328.0 330.0 248.0 352.0 244.0 367.0 324.0 Grasp 0
475.0 313.0 459.0 230.0 481.0 226.0 497.0 309.0 Grasp 0
335.0 329.0 320.0 250.0 342.0 246.0 357.0 325.0 Grasp 0
317.0 328.0 304.0 255.0 325.0 251.0 339.0 324.0 Grasp 0
380.0 322.0 366.0 245.0 388.0 241.0 402.0 318.0 Grasp 0
325.0 328.0 311.0 253.0 333.0 249.0 347.0 324.0 Grasp 0
