343.0 279.0 277.0 260.0 283.0 239.0 349.0 258.0 Grasp 0
353.0 254.0 283.0 234.0 289.0 213.0 359.0 232.0 Grasp 0
362.0 211.0 301.0 205.0 303.0 183.0 365.0 189.0 Grasp 0
361.0 221.0 302.0 192.0 312.0 172.0 371.0 201.0 Grasp 0
353.0 270.0 278.0 233.0 288.0 213.0 363.0 250.0 Grasp 0
345.0 269.0 280.0 250.0 286.0 229.0 351.0 248.0 Grasp 0
353.0 226.0 301.0 211.0 307.0 189.0 360.0 204.0 Grasp 0
356.0 243.0 290.0 210.0 300.0 190.0 366.0 223.0 Grasp 0
355.0 257.0 275.0 249.0 277.0 227.0 357.0 235.0 Grasp 0
342.0 306.0 261.0 283.0 267.0 262.0 348.0 285.0 Grasp 0
361.0 206.0 307.0 191.0 313.0 169.0 367.0 184.0 Grasp 0
345.0 284.0 268.0 277.0 270.0 255.0 347.0 262.0 Grasp 0
362.0 234.0 286.0 227.0 289.0 204.0 364.0 211.0 Grasp 0
349.0 243.0 294.0 228.0 300.0 206.0 356.0 222.0 Grasp 0
346.0 294.0 268.0 256.0 278.0 236.0 356.0 275.0 Grasp 0
341.0 300.0 269.0 264.0 279.0 244.0 351.0 280.0 Grasp 0
