371.0 228.0 338.0 264.0 321.0 249.0 355.0 213.0 Grasp 0
355.0 207.0 325.0 256.0 306.0 244.0 336.0 195.0 Grasp 0
402.0 260.0 372.0 293.0 356.0 278.0 386.0 245.0 Grasp 0
335.0 197.0 303.0 233.0 286.0 218.0 319.0 182.0 Grasp 0
394.0 251.0 353.0 282.0 340.0 265.0 381.0 234.0 Grasp 0
374.0 240.0 349.0 268.0 333.0 254.0 358.0 225.0 Grasp 0
343.0 213.0 319.0 239.0 303.0 224.0 327.0 198.0 Grasp 0
392.0 246.0 366.0 288.0 347.0 276.0 373.0 234.0 Grasp 0
311.0 172.0 284.0 214.0 266.0 203.0 292.0 160.0 Grasp 0
324.0 183.0 288.0 223.0 272.0 208.0 308.0 168.0 Grasp 0
356.0 222.0 329.0 252.0 313.0 237.0 340.0 207.0 Grasp 0
365.0 223.0 331.0 260.0 315.0 245.0 349.0 208.0 Grasp 0
327.0 194.0 298.0 225.0 282.0 210.0 310.0 179.0 Grasp 0
398.0 260.0 363.0 286.0 350.0 269.0 385.0 242.0 Grasp 0
337.0 208.0 314.0 233.0 298.0 219.0 321.0 193.0 Grasp 0
396.0 241.0 375.0 296.0 354.0 288.0 376.0 233.0 Grasp 0
389.0 245.0 345.0 279.0 332.0 261.0 376.0 228.0 Grasp 0
386.0 239.0 359.0 282.0 340.0 271.0 367.0 227.0 Grasp 0
313.0 186.0 289.0 212.0 273.0 197.0 297.0 171.0 Grasp 0
304.0 173.0 284.0 205.0 266.0 193.0 285.0 162.0 Grasp 0
313.0 181.0 273.0 211.0 260.0 193.0 299.0 163.0 Grasp 0
