313.0 217.0 283.0 202.0 292.0 182.0 323.0 197.0 Grasp 0
280.0 289.0 251.0 281.0 257.0 259.0 286.0 268.0 Grasp 0
331.0 189.0 292.0 178.0 298.0 156.0 337.0 167.0 Grasp 0
288.0 277.0 254.0 267.0 260.0 246.0 294.0 255.0 Grasp 0
273.0 298.0 246.0 285.0 256.0 265.0 283.0 278.0 Grasp 0
334.0 173.0 303.0 164.0 309.0 143.0 340.0 152.0 Grasp 0
322.0 203.0 289.0 186.0 299.0 167.0 332.0 183.0 Grasp 0
296.0 257.0 263.0 248.0 269.0 227.0 302.0 236.0 Grasp 0
293.0 271.0 255.0 260.0 261.0 239.0 299.0 250.0 Grasp 0
304.0 237.0 271.0 220.0 281.0 201.0 314.0 217.0 Grasp 0
323.0 210.0 281.0 189.0 291.0 169.0 333.0 190.0 Grasp 0
316.0 224.0 278.0 214.0 284.0 192.0 322.0 203.0 Grasp 0
301.0 252.0 263.0 241.0 269.0 220.0 307.0 231.0 Grasp 0
301.0 246.0 267.0 228.0 276.0 209.0 311.0 226.0 Grasp 0
332.0 181.0 299.0 171.0 305.0 150.0 338.0 160.0 Grasp 0
292.0 265.0 261.0 256.0 267.0 234.0 299.0 243.0 Grasp 0
267.0 306.0 245.0 295.0 254.0 275.0 277.0 286.0 Grasp 0
279.0 283.0 254.0 270.0 263.0 251.0 289.0 263.0 Grasp 0
338.0 193.0 290.0 157.0 304.0 139.0 351.0 175.0 Grasp 0
