310.0 125.0 283.0 133.0 277.0 112.0 304.0 104.0 Grasp 0
343.0 274.0 310.0 283.0 304.0 262.0 337.0 252.0 Grasp 0
322.0 169.0 292.0 178.0 286.0 157.0 316.0 148.0 Grasp 0
326.0 222.0 303.0 228.0 297.0 207.0 320.0 200.0 Grasp 0
335.0 251.0 309.0 259.0 303.0 237.0 329.0 230.0 Grasp 0
317.0 172.0 285.0 169.0 288.0 147.0 319.0 150.0 Grasp 0
351.0 283.0 311.0 295.0 305.0 274.0 345.0 262.0 Grasp 0
318.0 164.0 282.0 160.0 284.0 138.0 320.0 142.0 Grasp 0
300.0 90.0 273.0 98.0 267.0 76.0 294.0 68.0 Grasp 0
314.0 119.0 277.0 130.0 271.0 109.0 308.0 98.0 Grasp 0
313.0 145.0 283.0 148.0 281.0 126.0 311.0 123.0 Grasp 0
309.0 88.0 271.0 107.0 262.0 87.0 299.0 69.0 Grasp 0
318.0 150.0 287.0 159.0 281.0 138.0 312.0 129.0 Grasp 0
322.0 158.0 291.0 173.0 281.0 153.0 312.0 138.0 Grasp 0
296.0 75.0 270.0 82.0 264.0 61.0 290.0 54.0 Grasp 0
322.0 127.0 278.0 149.0 268.0 129.0 312.0 107.0 Grasp 0
308.0 100.0 273.0 110.0 267.0 89.0 302.0 79.0 Grasp 0
325.0 197.0 290.0 201.0 288.0 179.0 322.0 175.0 Grasp 0
328.0 214.0 297.0 222.0 291.0 201.0 322.0 193.0 Grasp 0
339.0 258.0 308.0 267.0 302.0 246.0 333.0 237.0 Grasp 0
347.0 290.0 318.0 298.0 312.0 277.0 341.0 269.0 Grasp 0
322.0 207.0 299.0 213.0 293.0 192.0 316.0 186.0 Grasp 0
307.0 79.0 267.0 99.0 257.0 79.0 297.0 59.0 Grasp 0
318.0 135.0 274.0 140.0 272.0 118.0 316.0 113.0 Grasp 0
334.0 240.0 305.0 248.0 299.0 227.0 328.0 218.0 Grasp 0
309.0 113.0 277.0 122.0 271.0 101.0 303.0 92.0 Grasp 0
331.0 226.0 301.0 235.0 295.0 213.0 325.0 205.0 Grasp 0
299.0 81.0 270.0 89.0 264.0 68.0 293.0 59.0 Grasp 0
293.0 64.0 270.0 75.0 260.0 55.0 283.0 44.0 Grasp 0
344.0 266.0 308.0 276.0 302.0 255.0 338.0 245.0 Grasp 0
339.0 228.0 301.0 247.0 291.0 227.0 329.0 208.0 Grasp 0
338.0 179.0 291.0 214.0 278.0 196.0 324.0 161.0 Grasp 0
339.0 241.0 304.0 259.0 294.0 239.0 329.0 222.0 Grasp 0
319.0 157.0 278.0 153.0 280.0 131.0 321.0 135.0 Grasp 0
319.0 133.0 265.0 128.0 267.0 106.0 321.0 111.0 Grasp 0
