385.0 211.0 339.0 234.0 329.0 213.0 375.0 191.0 Grasp 0
405.0 258.0 343.0 253.0 345.0 230.0 407.0 236.0 Grasp 0
392.0 245.0 353.0 256.0 346.0 234.0 386.0 223.0 Grasp 0
416.0 253.0 333.0 294.0 322.0 274.0 406.0 232.0 Grasp 0
392.0 183.0 314.0 222.0 303.0 201.0 381.0 162.0 Grasp 0
385.0 224.0 348.0 243.0 338.0 222.0 375.0 204.0 Grasp 0
410.0 244.0 345.0 262.0 338.0 240.0 404.0 222.0 Grasp 0
374.0 166.0 312.0 196.0 301.0 175.0 363.0 145.0 Grasp 0
411.0 266.0 342.0 273.0 340.0 250.0 409.0 243.0 Grasp 0
388.0 200.0 327.0 230.0 317.0 209.0 378.0 179.0 Grasp 0
