445.0 157.0 394.0 213.0 377.0 198.0 429.0 142.0 Grasp 0
457.0 169.0 407.0 225.0 391.0 209.0 441.0 154.0 Grasp 0
412.0 117.0 351.0 183.0 335.0 168.0 395.0 102.0 Grasp 0
375.0 89.0 320.0 149.0 304.0 134.0 358.0 74.0 Grasp 0
383.0 101.0 331.0 158.0 315.0 143.0 367.0 86.0 Grasp 0
437.0 149.0 385.0 205.0 368.0 190.0 420.0 133.0 Grasp 0
315.0 39.0 267.0 92.0 250.0 77.0 299.0 24.0 Grasp 0
335.0 52.0 281.0 112.0 265.0 97.0 319.0 37.0 Grasp 0
425.0 140.0 376.0 194.0 360.0 179.0 408.0 125.0 Grasp 0
400.0 110.0 342.0 173.0 326.0 159.0 384.0 95.0 Grasp 0
416.0 132.0 366.0 186.0 350.0 171.0 400.0 117.0 Grasp 0
325.0 43.0 271.0 102.0 255.0 87.0 308.0 29.0 Grasp 0
465.0 184.0 408.0 227.0 395.0 209.0 452.0 166.0 Grasp 0
362.0 85.0 315.0 137.0 298.0 122.0 346.0 70.0 Grasp 0
358.0 77.0 306.0 133.0 290.0 118.0 341.0 62.0 Grasp 0
457.0 157.0 394.0 225.0 378.0 210.0 441.0 142.0 Grasp 0
388.0 109.0 340.0 162.0 324.0 147.0 372.0 94.0 Grasp 0
344.0 65.0 294.0 120.0 277.0 105.0 328.0 50.0 Grasp 0
464.0 170.0 422.0 238.0 403.0 227.0 445.0 159.0 Grasp 0
