341.0 236.0 283.0 241.0 281.0 218.0 339.0 213.0 Grasp 0
339.0 143.0 266.0 163.0 260.0 142.0 333.0 121.0 Grasp 0
348.0 239.0 286.0 256.0 280.0 234.0 341.0 217.0 Grasp 0
345.0 203.0 278.0 222.0 272.0 201.0 339.0 182.0 Grasp 0
337.0 161.0 265.0 167.0 263.0 145.0 335.0 139.0 Grasp 0
343.0 223.0 278.0 230.0 276.0 207.0 341.0 201.0 Grasp 0
346.0 265.0 296.0 279.0 290.0 257.0 339.0 243.0 Grasp 0
336.0 175.0 271.0 181.0 269.0 159.0 334.0 153.0 Grasp 0
342.0 253.0 289.0 258.0 287.0 236.0 340.0 231.0 Grasp 0
347.0 269.0 279.0 263.0 281.0 240.0 349.0 247.0 Grasp 0
340.0 131.0 263.0 153.0 257.0 132.0 334.0 110.0 Grasp 0
347.0 187.0 263.0 195.0 261.0 172.0 345.0 165.0 Grasp 0
353.0 244.0 291.0 275.0 281.0 254.0 343.0 223.0 Grasp 0
337.0 131.0 257.0 138.0 255.0 116.0 335.0 109.0 Grasp 0
340.0 211.0 285.0 227.0 279.0 205.0 334.0 190.0 Grasp 0
336.0 195.0 276.0 201.0 274.0 179.0 334.0 173.0 Grasp 0
354.0 191.0 268.0 215.0 261.0 194.0 348.0 169.0 Grasp 0
346.0 278.0 291.0 283.0 288.0 261.0 344.0 255.0 Grasp 0
349.0 154.0 252.0 163.0 250.0 141.0 347.0 132.0 Grasp 0
