395.0 280.0 346.0 317.0 332.0 298.0 381.0 261.0 Grasp 0
347.0 203.0 296.0 241.0 283.0 224.0 333.0 186.0 Grasp 0
337.0 184.0 282.0 225.0 269.0 207.0 323.0 166.0 Grasp 0
389.0 259.0 339.0 313.0 322.0 297.0 372.0 243.0 Grasp 0
405.0 288.0 326.0 310.0 319.0 288.0 399.0 265.0 Grasp 0
372.0 254.0 331.0 286.0 317.0 267.0 358.0 236.0 Grasp 0
325.0 178.0 270.0 205.0 260.0 185.0 315.0 157.0 Grasp 0
352.0 219.0 309.0 252.0 295.0 234.0 339.0 201.0 Grasp 0
364.0 228.0 312.0 267.0 298.0 249.0 350.0 209.0 Grasp 0
385.0 272.0 333.0 298.0 322.0 278.0 374.0 252.0 Grasp 0
348.0 212.0 304.0 246.0 290.0 228.0 335.0 194.0 Grasp 0
336.0 194.0 291.0 228.0 278.0 210.0 323.0 176.0 Grasp 0
326.0 180.0 283.0 213.0 269.0 195.0 312.0 162.0 Grasp 0
372.0 231.0 312.0 276.0 298.0 258.0 358.0 213.0 Grasp 0
381.0 240.0 316.0 290.0 301.0 271.0 367.0 222.0 Grasp 0
389.0 254.0 325.0 303.0 311.0 284.0 375.0 236.0 Grasp 0
318.0 164.0 269.0 201.0 255.0 183.0 305.0 146.0 Grasp 0
391.0 279.0 337.0 306.0 326.0 286.0 380.0 259.0 Grasp 0
327.0 163.0 278.0 217.0 261.0 202.0 311.0 148.0 Grasp 0
366.0 245.0 324.0 277.0 310.0 258.0 352.0 226.0 Grasp 0
393.0 257.0 349.0 327.0 329.0 315.0 373.0 244.0 Grasp 0
