336.0 312.0 274.0 294.0 280.0 272.0 342.0 290.0 Grasp 0
373.0 188.0 309.0 194.0 307.0 171.0 371.0 165.0 Grasp 0
335.0 290.0 286.0 276.0 292.0 254.0 342.0 268.0 Grasp 0
335.0 320.0 272.0 314.0 275.0 291.0 337.0 297.0 Grasp 0
350.0 236.0 301.0 222.0 308.0 200.0 357.0 214.0 Grasp 0
328.0 317.0 278.0 303.0 284.0 281.0 334.0 295.0 Grasp 0
361.0 213.0 305.0 197.0 311.0 175.0 367.0 191.0 Grasp 0
356.0 258.0 285.0 238.0 291.0 216.0 363.0 236.0 Grasp 0
348.0 266.0 288.0 249.0 295.0 227.0 354.0 244.0 Grasp 0
368.0 201.0 305.0 183.0 311.0 161.0 375.0 179.0 Grasp 0
346.0 305.0 270.0 283.0 276.0 261.0 352.0 283.0 Grasp 0
356.0 227.0 302.0 211.0 308.0 189.0 363.0 204.0 Grasp 0
352.0 282.0 277.0 261.0 283.0 239.0 358.0 260.0 Grasp 0
371.0 217.0 294.0 179.0 305.0 158.0 382.0 196.0 Grasp 0
333.0 298.0 284.0 284.0 290.0 262.0 339.0 276.0 Grasp 0
374.0 196.0 304.0 176.0 311.0 153.0 381.0 173.0 Grasp 0
372.0 217.0 294.0 210.0 296.0 187.0 374.0 194.0 Grasp 0
359.0 245.0 287.0 225.0 294.0 203.0 365.0 223.0 Grasp 0
335.0 333.0 264.0 297.0 274.0 277.0 345.0 312.0 Grasp 0
354.0 274.0 279.0 253.0 286.0 231.0 360.0 252.0 Grasp 0
359.0 204.0 311.0 191.0 318.0 168.0 365.0 182.0 Grasp 0
346.0 251.0 298.0 237.0 304.0 215.0 353.0 229.0 Grasp 0
364.0 208.0 306.0 164.0 320.0 145.0 378.0 189.0 Grasp 0
353.0 303.0 264.0 311.0 262.0 288.0 350.0 280.0 Grasp 0
