287.0 137.0 259.0 92.0 278.0 80.0 306.0 125.0 Grasp 0
411.0 205.0 358.0 190.0 364.0 168.0 417.0 183.0 Grasp 0
331.0 132.0 321.0 79.0 344.0 75.0 354.0 127.0 Grasp 0
444.0 155.0 420.0 95.0 442.0 87.0 465.0 147.0 Grasp 0
417.0 175.0 371.0 162.0 377.0 140.0 423.0 153.0 Grasp 0
451.0 173.0 365.0 165.0 367.0 142.0 453.0 150.0 Grasp 0
315.0 131.0 298.0 88.0 319.0 79.0 336.0 122.0 Grasp 0
435.0 103.0 435.0 168.0 412.0 168.0 412.0 103.0 Grasp 0
400.0 234.0 350.0 209.0 360.0 189.0 410.0 213.0 Grasp 0
410.0 185.0 367.0 173.0 374.0 151.0 416.0 163.0 Grasp 0
305.0 137.0 274.0 88.0 294.0 76.0 324.0 125.0 Grasp 0
412.0 87.0 368.0 39.0 385.0 23.0 429.0 72.0 Grasp 0
401.0 217.0 360.0 205.0 366.0 183.0 408.0 195.0 Grasp 0
261.0 139.0 245.0 98.0 266.0 90.0 281.0 131.0 Grasp 0
391.0 248.0 352.0 237.0 359.0 215.0 398.0 226.0 Grasp 0
307.0 85.0 288.0 134.0 267.0 125.0 286.0 77.0 Grasp 0
355.0 75.0 355.0 121.0 332.0 121.0 332.0 75.0 Grasp 0
404.0 197.0 368.0 186.0 374.0 164.0 410.0 175.0 Grasp 0
247.0 130.0 236.0 101.0 257.0 93.0 268.0 122.0 Grasp 0
350.0 123.0 341.0 77.0 364.0 73.0 372.0 118.0 Grasp 0
462.0 157.0 409.0 99.0 426.0 84.0 479.0 142.0 Grasp 0
422.0 103.0 377.0 137.0 363.0 119.0 408.0 85.0 Grasp 0
414.0 85.0 379.0 28.0 398.0 16.0 434.0 73.0 Grasp 0
476.0 136.0 423.0 110.0 433.0 90.0 486.0 116.0 Grasp 0
506.0 75.0 440.0 94.0 433.0 72.0 500.0 53.0 Grasp 0
281.0 91.0 265.0 133.0 243.0 125.0 260.0 83.0 Grasp 0
433.0 167.0 373.0 150.0 380.0 128.0 439.0 145.0 Grasp 0
325.0 130.0 308.0 86.0 329.0 78.0 346.0 121.0 Grasp 0
392.0 259.0 350.0 255.0 352.0 232.0 394.0 236.0 Grasp 0
288.0 134.0 270.0 88.0 292.0 80.0 310.0 126.0 Grasp 0
403.0 221.0 360.0 217.0 362.0 194.0 405.0 198.0 Grasp 0
306.0 130.0 290.0 89.0 312.0 81.0 327.0 122.0 Grasp 0
399.0 234.0 358.0 230.0 360.0 207.0 401.0 211.0 Grasp 0
471.0 14.0 447.0 77.0 425.0 69.0 449.0 6.0 Grasp 0
337.0 83.0 329.0 127.0 306.0 123.0 314.0 79.0 Grasp 0
435.0 109.0 383.0 166.0 365.0 150.0 418.0 93.0 Grasp 0
290.0 90.0 273.0 133.0 252.0 124.0 268.0 82.0 Grasp 0
363.0 52.0 363.0 133.0 340.0 133.0 340.0 52.0 Grasp 0
449.0 18.0 438.0 76.0 415.0 72.0 426.0 14.0 Grasp 0
412.0 92.0 364.0 129.0 350.0 111.0 399.0 74.0 Grasp 0
418.0 86.0 360.0 58.0 370.0 37.0 428.0 66.0 Grasp 0
430.0 165.0 417.0 92.0 439.0 88.0 453.0 161.0 Grasp 0
497.0 90.0 441.0 95.0 439.0 72.0 495.0 67.0 Grasp 0
485.0 20.0 451.0 75.0 431.0 63.0 465.0 7.0 Grasp 0
462.0 155.0 421.0 89.0 441.0 76.0 481.0 143.0 Grasp 0
402.0 85.0 390.0 20.0 413.0 16.0 425.0 80.0 Grasp 0
278.0 143.0 248.0 94.0 267.0 82.0 297.0 131.0 Grasp 0
401.0 93.0 362.0 50.0 379.0 35.0 417.0 77.0 Grasp 0
