376.0 228.0 304.0 235.0 302.0 212.0 374.0 206.0 Grasp 0
387.0 206.0 338.0 285.0 319.0 273.0 368.0 194.0 Grasp 0
366.0 163.0 298.0 215.0 284.0 197.0 353.0 145.0 Grasp 0
346.0 154.0 299.0 205.0 283.0 190.0 329.0 139.0 Grasp 0
372.0 177.0 300.0 213.0 291.0 193.0 362.0 157.0 Grasp 0
295.0 129.0 295.0 209.0 272.0 209.0 272.0 129.0 Grasp 0
370.0 194.0 309.0 224.0 299.0 204.0 360.0 174.0 Grasp 0
406.0 223.0 340.0 296.0 323.0 281.0 390.0 208.0 Grasp 0
297.0 278.0 286.0 221.0 308.0 217.0 318.0 273.0 Grasp 0
309.0 276.0 282.0 231.0 301.0 219.0 328.0 264.0 Grasp 0
315.0 131.0 315.0 199.0 293.0 199.0 293.0 131.0 Grasp 0
330.0 138.0 290.0 202.0 271.0 190.0 311.0 126.0 Grasp 0
414.0 243.0 347.0 294.0 333.0 276.0 401.0 225.0 Grasp 0
268.0 224.0 225.0 176.0 242.0 161.0 285.0 209.0 Grasp 0
276.0 146.0 276.0 215.0 254.0 215.0 254.0 146.0 Grasp 0
415.0 254.0 332.0 277.0 326.0 256.0 409.0 232.0 Grasp 0
276.0 209.0 252.0 147.0 273.0 139.0 297.0 200.0 Grasp 0
283.0 212.0 240.0 165.0 257.0 150.0 300.0 197.0 Grasp 0
388.0 220.0 345.0 289.0 326.0 278.0 369.0 208.0 Grasp 0
313.0 265.0 298.0 226.0 318.0 218.0 333.0 257.0 Grasp 0
329.0 131.0 315.0 204.0 293.0 200.0 307.0 126.0 Grasp 0
378.0 279.0 366.0 214.0 387.0 210.0 400.0 275.0 Grasp 0
315.0 119.0 298.0 211.0 276.0 207.0 293.0 115.0 Grasp 0
278.0 211.0 229.0 187.0 239.0 166.0 288.0 191.0 Grasp 0
377.0 207.0 293.0 230.0 287.0 209.0 371.0 185.0 Grasp 0
