385.0 259.0 372.0 224.0 392.0 217.0 406.0 251.0 Grasp 0
322.0 223.0 309.0 258.0 289.0 250.0 302.0 216.0 Grasp 0
518.0 220.0 505.0 255.0 484.0 247.0 498.0 212.0 Grasp 0
500.0 263.0 473.0 219.0 491.0 207.0 519.0 251.0 Grasp 0
366.0 224.0 352.0 260.0 332.0 252.0 346.0 216.0 Grasp 0
315.0 224.0 303.0 254.0 283.0 246.0 295.0 216.0 Grasp 0
399.0 259.0 375.0 220.0 394.0 208.0 418.0 247.0 Grasp 0
491.0 218.0 477.0 256.0 456.0 248.0 471.0 210.0 Grasp 0
344.0 258.0 336.0 219.0 358.0 215.0 365.0 254.0 Grasp 0
388.0 266.0 360.0 220.0 379.0 209.0 407.0 255.0 Grasp 0
498.0 221.0 484.0 255.0 464.0 247.0 477.0 213.0 Grasp 0
436.0 219.0 419.0 262.0 399.0 254.0 416.0 211.0 Grasp 0
530.0 221.0 516.0 258.0 495.0 250.0 510.0 213.0 Grasp 0
402.0 220.0 386.0 263.0 365.0 255.0 382.0 212.0 Grasp 0
367.0 260.0 353.0 224.0 374.0 216.0 388.0 252.0 Grasp 0
306.0 221.0 306.0 252.0 284.0 252.0 284.0 221.0 Grasp 0
510.0 216.0 494.0 258.0 473.0 250.0 489.0 208.0 Grasp 0
305.0 263.0 281.0 225.0 300.0 214.0 323.0 251.0 Grasp 0
375.0 220.0 358.0 264.0 337.0 256.0 355.0 212.0 Grasp 0
355.0 220.0 339.0 263.0 318.0 255.0 335.0 212.0 Grasp 0
334.0 221.0 319.0 259.0 299.0 251.0 314.0 213.0 Grasp 0
380.0 220.0 372.0 260.0 351.0 256.0 358.0 216.0 Grasp 0
404.0 253.0 392.0 223.0 413.0 215.0 424.0 245.0 Grasp 0
469.0 217.0 453.0 256.0 433.0 248.0 448.0 209.0 Grasp 0
412.0 219.0 395.0 262.0 375.0 255.0 391.0 211.0 Grasp 0
481.0 217.0 465.0 258.0 444.0 250.0 460.0 209.0 Grasp 0
416.0 254.0 403.0 223.0 424.0 215.0 436.0 246.0 Grasp 0
370.0 266.0 341.0 219.0 359.0 208.0 388.0 255.0 Grasp 0
430.0 259.0 408.0 223.0 426.0 211.0 449.0 247.0 Grasp 0
275.0 248.0 275.0 223.0 297.0 223.0 297.0 248.0 Grasp 0
461.0 220.0 448.0 253.0 427.0 245.0 440.0 212.0 Grasp 0
314.0 262.0 298.0 222.0 319.0 214.0 334.0 254.0 Grasp 0
338.0 259.0 325.0 224.0 345.0 216.0 359.0 251.0 Grasp 0
515.0 258.0 499.0 218.0 520.0 210.0 535.0 250.0 Grasp 0
332.0 267.0 304.0 220.0 322.0 209.0 351.0 255.0 Grasp 0
413.0 223.0 406.0 256.0 385.0 252.0 391.0 219.0 Grasp 0
391.0 224.0 377.0 260.0 357.0 252.0 371.0 216.0 Grasp 0
435.0 259.0 419.0 217.0 440.0 209.0 456.0 251.0 Grasp 0
353.0 265.0 327.0 223.0 345.0 211.0 371.0 253.0 Grasp 0
453.0 220.0 440.0 253.0 419.0 245.0 432.0 212.0 Grasp 0
381.0 267.0 353.0 221.0 371.0 210.0 400.0 255.0 Grasp 0
370.0 219.0 370.0 255.0 348.0 255.0 348.0 219.0 Grasp 0
