332.0 300.0 282.0 246.0 299.0 231.0 348.0 285.0 Grasp 0
307.0 300.0 280.0 256.0 299.0 245.0 326.0 289.0 Grasp 0
285.0 305.0 265.0 274.0 284.0 262.0 304.0 294.0 Grasp 0
358.0 283.0 300.0 239.0 314.0 221.0 372.0 265.0 Grasp 0
330.0 289.0 302.0 243.0 321.0 231.0 349.0 277.0 Grasp 0
296.0 307.0 269.0 263.0 288.0 251.0 315.0 295.0 Grasp 0
336.0 288.0 313.0 228.0 334.0 220.0 357.0 280.0 Grasp 0
315.0 304.0 278.0 245.0 297.0 233.0 334.0 292.0 Grasp 0
239.0 319.0 231.0 299.0 252.0 291.0 260.0 311.0 Grasp 0
345.0 291.0 298.0 239.0 314.0 224.0 362.0 275.0 Grasp 0
269.0 312.0 251.0 283.0 270.0 272.0 288.0 300.0 Grasp 0
246.0 326.0 228.0 306.0 244.0 291.0 262.0 311.0 Grasp 0
261.0 321.0 239.0 296.0 255.0 281.0 278.0 306.0 Grasp 0
278.0 308.0 259.0 278.0 278.0 266.0 296.0 296.0 Grasp 0
349.0 283.0 313.0 225.0 332.0 213.0 368.0 271.0 Grasp 0
