297.0 283.0 276.0 250.0 295.0 239.0 315.0 272.0 Grasp 0
304.0 282.0 283.0 246.0 301.0 235.0 323.0 270.0 Grasp 0
378.0 255.0 351.0 226.0 368.0 211.0 394.0 240.0 Grasp 0
441.0 242.0 420.0 188.0 441.0 180.0 462.0 234.0 Grasp 0
317.0 277.0 295.0 243.0 314.0 231.0 335.0 266.0 Grasp 0
271.0 286.0 261.0 259.0 281.0 251.0 291.0 278.0 Grasp 0
457.0 234.0 437.0 182.0 458.0 174.0 478.0 226.0 Grasp 0
461.0 174.0 448.0 241.0 426.0 237.0 439.0 170.0 Grasp 0
462.0 244.0 423.0 180.0 442.0 169.0 481.0 232.0 Grasp 0
341.0 268.0 321.0 235.0 339.0 223.0 360.0 256.0 Grasp 0
378.0 247.0 364.0 225.0 383.0 213.0 397.0 236.0 Grasp 0
471.0 230.0 440.0 181.0 459.0 170.0 490.0 218.0 Grasp 0
360.0 264.0 331.0 232.0 347.0 217.0 376.0 249.0 Grasp 0
328.0 273.0 301.0 243.0 317.0 228.0 344.0 258.0 Grasp 0
477.0 237.0 425.0 181.0 442.0 166.0 493.0 222.0 Grasp 0
369.0 257.0 344.0 229.0 360.0 214.0 386.0 242.0 Grasp 0
437.0 248.0 407.0 199.0 426.0 187.0 457.0 236.0 Grasp 0
427.0 237.0 418.0 189.0 440.0 185.0 449.0 233.0 Grasp 0
285.0 285.0 266.0 255.0 285.0 243.0 304.0 274.0 Grasp 0
472.0 246.0 406.0 196.0 420.0 178.0 486.0 228.0 Grasp 0
384.0 245.0 371.0 223.0 389.0 211.0 403.0 233.0 Grasp 0
391.0 239.0 381.0 222.0 400.0 211.0 410.0 228.0 Grasp 0
328.0 269.0 312.0 242.0 331.0 230.0 347.0 257.0 Grasp 0
446.0 241.0 434.0 177.0 456.0 172.0 468.0 237.0 Grasp 0
415.0 235.0 406.0 210.0 427.0 202.0 436.0 227.0 Grasp 0
452.0 243.0 414.0 201.0 430.0 186.0 468.0 228.0 Grasp 0
481.0 163.0 465.0 253.0 443.0 249.0 460.0 159.0 Grasp 0
