316.0 236.0 275.0 171.0 295.0 159.0 335.0 224.0 Grasp 0
262.0 244.0 245.0 216.0 264.0 204.0 281.0 232.0 Grasp 0
311.0 159.0 311.0 238.0 288.0 238.0 288.0 159.0 Grasp 0
307.0 241.0 265.0 174.0 284.0 162.0 326.0 229.0 Grasp 0
320.0 233.0 264.0 191.0 277.0 173.0 334.0 215.0 Grasp 0
368.0 203.0 338.0 126.0 359.0 118.0 389.0 195.0 Grasp 0
388.0 189.0 329.0 144.0 342.0 126.0 402.0 171.0 Grasp 0
295.0 243.0 260.0 187.0 279.0 175.0 314.0 231.0 Grasp 0
375.0 209.0 314.0 142.0 330.0 126.0 392.0 194.0 Grasp 0
250.0 257.0 228.0 233.0 245.0 218.0 266.0 242.0 Grasp 0
347.0 219.0 302.0 147.0 322.0 135.0 366.0 207.0 Grasp 0
272.0 244.0 250.0 208.0 269.0 196.0 291.0 232.0 Grasp 0
332.0 223.0 294.0 161.0 313.0 149.0 351.0 211.0 Grasp 0
287.0 237.0 275.0 169.0 297.0 165.0 309.0 233.0 Grasp 0
320.0 244.0 252.0 210.0 262.0 190.0 330.0 224.0 Grasp 0
332.0 229.0 276.0 168.0 293.0 153.0 349.0 214.0 Grasp 0
294.0 243.0 259.0 205.0 276.0 190.0 310.0 228.0 Grasp 0
340.0 223.0 297.0 153.0 316.0 141.0 359.0 211.0 Grasp 0
368.0 213.0 308.0 147.0 325.0 132.0 385.0 198.0 Grasp 0
255.0 250.0 237.0 221.0 256.0 209.0 274.0 238.0 Grasp 0
