290.0 306.0 250.0 263.0 267.0 247.0 306.0 291.0 Grasp 0
296.0 308.0 259.0 248.0 278.0 236.0 315.0 296.0 Grasp 0
275.0 312.0 252.0 252.0 273.0 243.0 297.0 304.0 Grasp 0
344.0 276.0 320.0 214.0 340.0 206.0 364.0 268.0 Grasp 0
332.0 285.0 298.0 230.0 317.0 218.0 351.0 274.0 Grasp 0
366.0 275.0 327.0 210.0 345.0 199.0 385.0 263.0 Grasp 0
342.0 282.0 306.0 225.0 325.0 213.0 361.0 271.0 Grasp 0
317.0 294.0 291.0 228.0 312.0 220.0 338.0 286.0 Grasp 0
308.0 295.0 276.0 244.0 296.0 233.0 327.0 283.0 Grasp 0
360.0 279.0 318.0 212.0 337.0 200.0 378.0 267.0 Grasp 0
335.0 294.0 283.0 237.0 299.0 222.0 352.0 279.0 Grasp 0
317.0 300.0 277.0 235.0 296.0 223.0 336.0 288.0 Grasp 0
378.0 273.0 333.0 200.0 352.0 189.0 397.0 262.0 Grasp 0
382.0 265.0 343.0 201.0 361.0 189.0 401.0 253.0 Grasp 0
300.0 295.0 287.0 224.0 309.0 220.0 323.0 291.0 Grasp 0
299.0 296.0 272.0 251.0 291.0 240.0 318.0 284.0 Grasp 0
