373.0 245.0 333.0 309.0 314.0 297.0 354.0 233.0 Grasp 0
344.0 231.0 303.0 276.0 286.0 261.0 327.0 215.0 Grasp 0
323.0 214.0 293.0 263.0 274.0 251.0 304.0 202.0 Grasp 0
354.0 234.0 307.0 285.0 290.0 270.0 337.0 219.0 Grasp 0
247.0 251.0 238.0 201.0 260.0 197.0 269.0 247.0 Grasp 0
402.0 263.0 361.0 330.0 342.0 318.0 383.0 251.0 Grasp 0
312.0 204.0 292.0 256.0 271.0 248.0 291.0 196.0 Grasp 0
365.0 238.0 312.0 296.0 295.0 281.0 348.0 223.0 Grasp 0
276.0 194.0 265.0 252.0 243.0 248.0 254.0 189.0 Grasp 0
415.0 266.0 369.0 340.0 350.0 328.0 396.0 254.0 Grasp 0
336.0 216.0 298.0 276.0 279.0 265.0 316.0 204.0 Grasp 0
295.0 195.0 271.0 256.0 250.0 248.0 274.0 186.0 Grasp 0
389.0 250.0 373.0 332.0 351.0 328.0 367.0 245.0 Grasp 0
395.0 262.0 357.0 323.0 337.0 312.0 375.0 250.0 Grasp 0
302.0 197.0 280.0 254.0 259.0 246.0 281.0 189.0 Grasp 0
267.0 194.0 256.0 252.0 234.0 248.0 245.0 190.0 Grasp 0
339.0 228.0 291.0 265.0 277.0 247.0 326.0 210.0 Grasp 0
288.0 194.0 288.0 250.0 266.0 250.0 266.0 194.0 Grasp 0
254.0 249.0 246.0 202.0 268.0 198.0 276.0 244.0 Grasp 0
393.0 258.0 338.0 318.0 322.0 303.0 377.0 243.0 Grasp 0
375.0 249.0 312.0 296.0 299.0 278.0 361.0 231.0 Grasp 0
335.0 217.0 309.0 286.0 288.0 278.0 314.0 209.0 Grasp 0
