349.0 74.0 317.0 22.0 336.0 10.0 368.0 62.0 Grasp 0
355.0 149.0 323.0 97.0 342.0 85.0 374.0 137.0 Grasp 0
317.0 95.0 251.0 62.0 261.0 42.0 327.0 75.0 Grasp 0
328.0 77.0 252.0 55.0 258.0 33.0 335.0 55.0 Grasp 0
324.0 85.0 253.0 79.0 255.0 56.0 326.0 63.0 Grasp 0
350.0 77.0 305.0 27.0 321.0 12.0 366.0 62.0 Grasp 0
329.0 84.0 267.0 37.0 281.0 20.0 343.0 66.0 Grasp 0
325.0 81.0 290.0 24.0 308.0 12.0 344.0 69.0 Grasp 0
321.0 92.0 261.0 109.0 255.0 87.0 315.0 70.0 Grasp 0
335.0 100.0 255.0 123.0 249.0 102.0 329.0 79.0 Grasp 0
355.0 192.0 267.0 167.0 273.0 145.0 361.0 171.0 Grasp 0
338.0 102.0 272.0 135.0 262.0 115.0 328.0 82.0 Grasp 0
315.0 98.0 260.0 37.0 276.0 22.0 331.0 83.0 Grasp 0
338.0 144.0 322.0 104.0 343.0 96.0 358.0 136.0 Grasp 0
340.0 91.0 263.0 70.0 270.0 48.0 346.0 70.0 Grasp 0
354.0 162.0 280.0 199.0 270.0 179.0 344.0 142.0 Grasp 0
343.0 76.0 332.0 13.0 354.0 9.0 365.0 72.0 Grasp 0
371.0 28.0 341.0 77.0 322.0 65.0 352.0 17.0 Grasp 0
332.0 81.0 319.0 13.0 341.0 9.0 354.0 77.0 Grasp 0
347.0 96.0 321.0 29.0 342.0 21.0 367.0 88.0 Grasp 0
337.0 105.0 283.0 146.0 270.0 128.0 323.0 87.0 Grasp 0
355.0 16.0 343.0 79.0 321.0 75.0 333.0 12.0 Grasp 0
