299.0 218.0 245.0 223.0 243.0 200.0 297.0 195.0 Grasp 0
290.0 269.0 227.0 263.0 229.0 241.0 293.0 246.0 Grasp 0
295.0 230.0 242.0 225.0 244.0 203.0 297.0 208.0 Grasp 0
281.0 300.0 223.0 283.0 229.0 262.0 287.0 278.0 Grasp 0
306.0 215.0 240.0 247.0 230.0 227.0 295.0 194.0 Grasp 0
277.0 314.0 220.0 297.0 226.0 276.0 284.0 292.0 Grasp 0
302.0 237.0 232.0 230.0 234.0 208.0 304.0 214.0 Grasp 0
291.0 247.0 238.0 242.0 240.0 219.0 293.0 224.0 Grasp 0
301.0 220.0 241.0 203.0 247.0 182.0 307.0 199.0 Grasp 0
292.0 268.0 227.0 250.0 233.0 228.0 298.0 246.0 Grasp 0
307.0 234.0 228.0 274.0 218.0 253.0 297.0 214.0 Grasp 0
290.0 282.0 224.0 276.0 226.0 253.0 292.0 259.0 Grasp 0
286.0 302.0 220.0 296.0 222.0 274.0 288.0 280.0 Grasp 0
282.0 286.0 227.0 258.0 237.0 238.0 292.0 266.0 Grasp 0
293.0 238.0 240.0 211.0 250.0 191.0 303.0 217.0 Grasp 0
290.0 247.0 236.0 221.0 247.0 200.0 300.0 227.0 Grasp 0
295.0 259.0 230.0 241.0 236.0 219.0 301.0 238.0 Grasp 0
303.0 253.0 225.0 275.0 219.0 253.0 296.0 231.0 Grasp 0
300.0 253.0 228.0 259.0 226.0 237.0 298.0 230.0 Grasp 0
293.0 225.0 245.0 211.0 251.0 189.0 300.0 203.0 Grasp 0
