364.0 259.0 348.0 343.0 326.0 339.0 341.0 255.0 Grasp 0
376.0 346.0 316.0 281.0 333.0 266.0 392.0 331.0 Grasp 0
398.0 327.0 356.0 260.0 375.0 248.0 417.0 316.0 Grasp 0
349.0 337.0 337.0 273.0 359.0 269.0 371.0 332.0 Grasp 0
430.0 313.0 388.0 245.0 407.0 233.0 449.0 301.0 Grasp 0
435.0 308.0 406.0 235.0 428.0 227.0 456.0 300.0 Grasp 0
369.0 344.0 311.0 300.0 324.0 282.0 382.0 326.0 Grasp 0
339.0 335.0 319.0 284.0 341.0 276.0 360.0 327.0 Grasp 0
374.0 262.0 374.0 336.0 351.0 336.0 351.0 262.0 Grasp 0
385.0 331.0 347.0 269.0 366.0 257.0 404.0 319.0 Grasp 0
411.0 323.0 369.0 254.0 388.0 242.0 430.0 311.0 Grasp 0
420.0 318.0 379.0 251.0 398.0 239.0 440.0 306.0 Grasp 0
372.0 339.0 344.0 266.0 365.0 258.0 394.0 330.0 Grasp 0
356.0 341.0 322.0 285.0 341.0 273.0 376.0 329.0 Grasp 0
374.0 253.0 358.0 338.0 336.0 334.0 352.0 249.0 Grasp 0
383.0 336.0 328.0 276.0 345.0 261.0 399.0 320.0 Grasp 0
440.0 230.0 423.0 321.0 401.0 317.0 418.0 226.0 Grasp 0
400.0 334.0 364.0 243.0 385.0 235.0 421.0 326.0 Grasp 0
