444.0 61.0 387.0 123.0 370.0 108.0 427.0 46.0 Grasp 0
412.0 33.0 368.0 104.0 348.0 92.0 392.0 21.0 Grasp 0
481.0 194.0 440.0 205.0 434.0 184.0 475.0 172.0 Grasp 0
368.0 26.0 348.0 78.0 327.0 70.0 347.0 17.0 Grasp 0
452.0 86.0 397.0 127.0 384.0 109.0 439.0 67.0 Grasp 0
480.0 157.0 420.0 174.0 414.0 152.0 473.0 135.0 Grasp 0
485.0 167.0 425.0 184.0 419.0 162.0 479.0 145.0 Grasp 0
348.0 23.0 339.0 72.0 317.0 68.0 326.0 19.0 Grasp 0
387.0 31.0 366.0 87.0 345.0 78.0 366.0 23.0 Grasp 0
447.0 77.0 391.0 119.0 377.0 101.0 433.0 59.0 Grasp 0
429.0 42.0 383.0 117.0 363.0 105.0 410.0 30.0 Grasp 0
476.0 145.0 426.0 169.0 416.0 149.0 466.0 124.0 Grasp 0
486.0 156.0 435.0 195.0 421.0 177.0 472.0 138.0 Grasp 0
478.0 184.0 431.0 188.0 429.0 166.0 476.0 161.0 Grasp 0
470.0 130.0 417.0 157.0 407.0 136.0 460.0 110.0 Grasp 0
287.0 70.0 279.0 49.0 299.0 41.0 308.0 62.0 Grasp 0
455.0 94.0 405.0 132.0 391.0 113.0 441.0 76.0 Grasp 0
377.0 27.0 355.0 83.0 334.0 74.0 355.0 18.0 Grasp 0
355.0 21.0 355.0 79.0 332.0 79.0 332.0 21.0 Grasp 0
483.0 172.0 437.0 195.0 427.0 175.0 473.0 152.0 Grasp 0
425.0 46.0 370.0 106.0 353.0 91.0 408.0 30.0 Grasp 0
472.0 114.0 405.0 148.0 394.0 127.0 462.0 94.0 Grasp 0
396.0 24.0 367.0 99.0 345.0 91.0 375.0 15.0 Grasp 0
485.0 146.0 430.0 187.0 417.0 169.0 471.0 128.0 Grasp 0
482.0 142.0 409.0 162.0 403.0 140.0 475.0 120.0 Grasp 0
462.0 100.0 408.0 141.0 394.0 123.0 449.0 81.0 Grasp 0
474.0 121.0 410.0 153.0 400.0 133.0 464.0 101.0 Grasp 0
303.0 80.0 288.0 41.0 309.0 33.0 324.0 72.0 Grasp 0
416.0 29.0 383.0 116.0 362.0 108.0 395.0 21.0 Grasp 0
