357.0 164.0 345.0 230.0 323.0 226.0 336.0 160.0 Grasp 0
406.0 185.0 385.0 238.0 364.0 230.0 385.0 177.0 Grasp 0
382.0 183.0 364.0 230.0 344.0 222.0 362.0 175.0 Grasp 0
453.0 202.0 437.0 244.0 416.0 236.0 432.0 194.0 Grasp 0
377.0 178.0 357.0 231.0 336.0 223.0 356.0 170.0 Grasp 0
412.0 190.0 394.0 237.0 373.0 229.0 391.0 182.0 Grasp 0
397.0 188.0 381.0 231.0 360.0 223.0 377.0 180.0 Grasp 0
425.0 193.0 407.0 240.0 386.0 232.0 404.0 185.0 Grasp 0
368.0 178.0 349.0 229.0 328.0 221.0 348.0 170.0 Grasp 0
442.0 197.0 424.0 243.0 403.0 235.0 421.0 189.0 Grasp 0
430.0 198.0 415.0 238.0 394.0 230.0 409.0 190.0 Grasp 0
389.0 175.0 378.0 234.0 356.0 230.0 367.0 171.0 Grasp 0
378.0 163.0 378.0 238.0 355.0 238.0 355.0 163.0 Grasp 0
365.0 157.0 365.0 237.0 343.0 237.0 343.0 157.0 Grasp 0
350.0 168.0 340.0 224.0 318.0 220.0 328.0 164.0 Grasp 0
358.0 153.0 358.0 237.0 335.0 237.0 335.0 153.0 Grasp 0
