373.0 215.0 311.0 184.0 321.0 163.0 384.0 194.0 Grasp 0
345.0 252.0 293.0 212.0 307.0 194.0 359.0 233.0 Grasp 0
366.0 227.0 303.0 196.0 313.0 175.0 376.0 207.0 Grasp 0
385.0 198.0 319.0 166.0 329.0 145.0 395.0 178.0 Grasp 0
386.0 198.0 323.0 150.0 337.0 132.0 400.0 179.0 Grasp 0
380.0 207.0 314.0 174.0 324.0 153.0 390.0 186.0 Grasp 0
361.0 244.0 289.0 208.0 299.0 188.0 372.0 224.0 Grasp 0
342.0 262.0 284.0 233.0 294.0 213.0 353.0 242.0 Grasp 0
352.0 239.0 301.0 201.0 315.0 182.0 366.0 221.0 Grasp 0
375.0 224.0 301.0 187.0 312.0 166.0 386.0 203.0 Grasp 0
319.0 267.0 291.0 253.0 301.0 233.0 330.0 247.0 Grasp 0
309.0 278.0 284.0 259.0 297.0 241.0 322.0 260.0 Grasp 0
345.0 260.0 285.0 215.0 299.0 197.0 359.0 241.0 Grasp 0
333.0 267.0 288.0 245.0 298.0 225.0 343.0 247.0 Grasp 0
