314.0 221.0 289.0 261.0 270.0 249.0 295.0 209.0 Grasp 0
384.0 233.0 356.0 279.0 337.0 267.0 365.0 222.0 Grasp 0
359.0 232.0 345.0 268.0 325.0 260.0 339.0 224.0 Grasp 0
276.0 212.0 261.0 251.0 240.0 243.0 255.0 204.0 Grasp 0
322.0 224.0 308.0 260.0 288.0 252.0 302.0 216.0 Grasp 0
355.0 223.0 336.0 274.0 315.0 266.0 335.0 216.0 Grasp 0
395.0 241.0 371.0 280.0 352.0 268.0 376.0 229.0 Grasp 0
341.0 219.0 331.0 271.0 310.0 267.0 319.0 215.0 Grasp 0
371.0 228.0 352.0 277.0 332.0 269.0 351.0 220.0 Grasp 0
291.0 211.0 272.0 259.0 251.0 251.0 270.0 203.0 Grasp 0
306.0 217.0 278.0 261.0 260.0 249.0 287.0 205.0 Grasp 0
327.0 218.0 319.0 265.0 297.0 261.0 306.0 214.0 Grasp 0
282.0 216.0 268.0 250.0 248.0 242.0 261.0 208.0 Grasp 0
381.0 230.0 372.0 277.0 351.0 273.0 359.0 226.0 Grasp 0
342.0 229.0 319.0 266.0 301.0 254.0 324.0 217.0 Grasp 0
318.0 216.0 299.0 266.0 278.0 258.0 298.0 208.0 Grasp 0
373.0 285.0 350.0 225.0 370.0 217.0 394.0 277.0 Grasp 0
389.0 233.0 381.0 277.0 360.0 273.0 368.0 229.0 Grasp 0
306.0 211.0 296.0 262.0 274.0 258.0 284.0 207.0 Grasp 0
