350.0 193.0 309.0 238.0 293.0 223.0 333.0 178.0 Grasp 0
375.0 207.0 337.0 270.0 318.0 258.0 356.0 196.0 Grasp 0
325.0 184.0 301.0 210.0 284.0 195.0 308.0 169.0 Grasp 0
355.0 194.0 298.0 222.0 288.0 202.0 345.0 174.0 Grasp 0
362.0 192.0 323.0 255.0 304.0 244.0 343.0 180.0 Grasp 0
383.0 222.0 340.0 269.0 323.0 254.0 366.0 207.0 Grasp 0
395.0 220.0 338.0 282.0 322.0 267.0 379.0 205.0 Grasp 0
375.0 205.0 322.0 263.0 306.0 248.0 359.0 190.0 Grasp 0
336.0 174.0 310.0 243.0 289.0 235.0 316.0 166.0 Grasp 0
394.0 238.0 316.0 260.0 310.0 238.0 388.0 216.0 Grasp 0
354.0 189.0 319.0 246.0 300.0 235.0 335.0 178.0 Grasp 0
366.0 211.0 320.0 247.0 306.0 229.0 353.0 194.0 Grasp 0
308.0 176.0 292.0 189.0 279.0 171.0 295.0 159.0 Grasp 0
393.0 242.0 333.0 272.0 323.0 252.0 383.0 222.0 Grasp 0
330.0 185.0 306.0 224.0 287.0 213.0 312.0 173.0 Grasp 0
386.0 206.0 355.0 284.0 335.0 276.0 365.0 198.0 Grasp 0
385.0 219.0 325.0 265.0 312.0 247.0 372.0 201.0 Grasp 0
341.0 195.0 312.0 227.0 296.0 212.0 324.0 181.0 Grasp 0
359.0 203.0 313.0 238.0 300.0 220.0 346.0 185.0 Grasp 0
337.0 191.0 301.0 218.0 288.0 200.0 324.0 173.0 Grasp 0
323.0 173.0 303.0 223.0 283.0 215.0 302.0 165.0 Grasp 0
371.0 205.0 371.0 269.0 348.0 269.0 348.0 205.0 Grasp 0
325.0 189.0 294.0 204.0 284.0 185.0 315.0 170.0 Grasp 0
367.0 194.0 294.0 231.0 285.0 211.0 357.0 174.0 Grasp 0
389.0 254.0 308.0 247.0 310.0 224.0 391.0 232.0 Grasp 0
