291.0 208.0 272.0 256.0 250.0 248.0 269.0 199.0 Grasp 0
251.0 258.0 229.0 201.0 250.0 193.0 272.0 250.0 Grasp 0
273.0 200.0 249.0 261.0 227.0 253.0 251.0 191.0 Grasp 0
257.0 195.0 246.0 257.0 223.0 253.0 234.0 191.0 Grasp 0
313.0 205.0 302.0 259.0 280.0 255.0 290.0 201.0 Grasp 0
297.0 200.0 286.0 261.0 263.0 257.0 275.0 196.0 Grasp 0
282.0 197.0 282.0 258.0 259.0 258.0 259.0 197.0 Grasp 0
290.0 260.0 270.0 207.0 291.0 198.0 312.0 252.0 Grasp 0
307.0 210.0 289.0 257.0 268.0 249.0 286.0 201.0 Grasp 0
283.0 205.0 263.0 257.0 241.0 248.0 261.0 197.0 Grasp 0
286.0 267.0 260.0 198.0 281.0 190.0 308.0 259.0 Grasp 0
238.0 262.0 225.0 192.0 248.0 187.0 261.0 258.0 Grasp 0
296.0 264.0 225.0 210.0 239.0 192.0 310.0 246.0 Grasp 0
306.0 209.0 239.0 260.0 225.0 242.0 292.0 191.0 Grasp 0
299.0 194.0 299.0 265.0 276.0 265.0 276.0 194.0 Grasp 0
311.0 201.0 269.0 268.0 249.0 256.0 291.0 189.0 Grasp 0
269.0 193.0 269.0 260.0 245.0 260.0 245.0 193.0 Grasp 0
261.0 265.0 235.0 197.0 256.0 188.0 283.0 256.0 Grasp 0
320.0 208.0 243.0 266.0 229.0 248.0 306.0 190.0 Grasp 0
