373.0 160.0 296.0 122.0 306.0 102.0 383.0 140.0 Grasp 0
339.0 199.0 280.0 169.0 290.0 149.0 349.0 179.0 Grasp 0
334.0 219.0 265.0 184.0 275.0 164.0 344.0 199.0 Grasp 0
326.0 236.0 253.0 199.0 263.0 179.0 336.0 215.0 Grasp 0
362.0 141.0 314.0 117.0 324.0 97.0 372.0 121.0 Grasp 0
339.0 211.0 269.0 176.0 279.0 156.0 349.0 191.0 Grasp 0
355.0 170.0 296.0 141.0 306.0 121.0 365.0 150.0 Grasp 0
347.0 186.0 286.0 156.0 296.0 136.0 357.0 167.0 Grasp 0
351.0 199.0 274.0 160.0 284.0 140.0 361.0 179.0 Grasp 0
319.0 257.0 240.0 218.0 250.0 198.0 329.0 237.0 Grasp 0
366.0 151.0 308.0 122.0 318.0 102.0 376.0 131.0 Grasp 0
326.0 223.0 265.0 192.0 275.0 172.0 336.0 203.0 Grasp 0
365.0 156.0 299.0 137.0 306.0 115.0 372.0 134.0 Grasp 0
355.0 182.0 286.0 148.0 296.0 128.0 365.0 162.0 Grasp 0
302.0 255.0 250.0 229.0 260.0 209.0 312.0 235.0 Grasp 0
351.0 171.0 310.0 105.0 329.0 93.0 370.0 159.0 Grasp 0
