380.0 237.0 299.0 197.0 309.0 176.0 390.0 216.0 Grasp 0
386.0 215.0 319.0 165.0 333.0 147.0 400.0 197.0 Grasp 0
362.0 273.0 287.0 235.0 298.0 215.0 373.0 252.0 Grasp 0
288.0 288.0 268.0 237.0 289.0 229.0 309.0 280.0 Grasp 0
370.0 265.0 285.0 223.0 295.0 203.0 380.0 245.0 Grasp 0
289.0 287.0 277.0 218.0 299.0 214.0 311.0 283.0 Grasp 0
389.0 198.0 325.0 166.0 335.0 146.0 399.0 178.0 Grasp 0
344.0 297.0 297.0 284.0 303.0 261.0 350.0 275.0 Grasp 0
356.0 279.0 284.0 259.0 290.0 236.0 362.0 257.0 Grasp 0
375.0 211.0 336.0 148.0 355.0 136.0 394.0 199.0 Grasp 0
381.0 218.0 309.0 197.0 315.0 175.0 387.0 196.0 Grasp 0
402.0 201.0 311.0 175.0 317.0 153.0 408.0 179.0 Grasp 0
304.0 302.0 278.0 234.0 299.0 225.0 326.0 294.0 Grasp 0
365.0 280.0 308.0 296.0 302.0 273.0 358.0 257.0 Grasp 0
379.0 241.0 296.0 217.0 302.0 196.0 385.0 219.0 Grasp 0
372.0 256.0 288.0 214.0 298.0 194.0 382.0 236.0 Grasp 0
305.0 303.0 290.0 218.0 312.0 213.0 328.0 299.0 Grasp 0
382.0 217.0 313.0 183.0 323.0 163.0 392.0 197.0 Grasp 0
349.0 303.0 261.0 259.0 271.0 238.0 359.0 282.0 Grasp 0
341.0 316.0 271.0 263.0 285.0 244.0 355.0 297.0 Grasp 0
344.0 294.0 312.0 279.0 323.0 258.0 354.0 273.0 Grasp 0
