340.0 171.0 314.0 104.0 336.0 96.0 362.0 162.0 Grasp 0
361.0 94.0 361.0 162.0 338.0 162.0 338.0 94.0 Grasp 0
391.0 163.0 377.0 87.0 400.0 83.0 414.0 158.0 Grasp 0
449.0 335.0 414.0 278.0 434.0 266.0 469.0 323.0 Grasp 0
378.0 92.0 378.0 160.0 354.0 160.0 354.0 92.0 Grasp 0
529.0 230.0 457.0 251.0 450.0 229.0 523.0 208.0 Grasp 0
460.0 329.0 426.0 274.0 446.0 262.0 480.0 317.0 Grasp 0
425.0 343.0 410.0 264.0 433.0 260.0 448.0 338.0 Grasp 0
467.0 327.0 440.0 258.0 462.0 249.0 488.0 318.0 Grasp 0
392.0 159.0 392.0 81.0 415.0 81.0 415.0 159.0 Grasp 0
492.0 328.0 436.0 267.0 453.0 251.0 509.0 312.0 Grasp 0
445.0 340.0 401.0 292.0 418.0 276.0 462.0 325.0 Grasp 0
534.0 215.0 447.0 240.0 440.0 217.0 528.0 192.0 Grasp 0
425.0 79.0 425.0 160.0 401.0 160.0 401.0 79.0 Grasp 0
518.0 175.0 449.0 227.0 435.0 209.0 504.0 156.0 Grasp 0
392.0 86.0 392.0 163.0 369.0 163.0 369.0 86.0 Grasp 0
528.0 200.0 452.0 238.0 442.0 217.0 518.0 179.0 Grasp 0
505.0 158.0 425.0 198.0 415.0 177.0 494.0 137.0 Grasp 0
515.0 166.0 442.0 221.0 428.0 202.0 501.0 147.0 Grasp 0
362.0 176.0 329.0 91.0 350.0 83.0 383.0 168.0 Grasp 0
