283.0 194.0 257.0 222.0 240.0 207.0 266.0 179.0 Grasp 0
277.0 182.0 246.0 216.0 230.0 201.0 261.0 167.0 Grasp 0
293.0 202.0 267.0 230.0 250.0 215.0 276.0 187.0 Grasp 0
319.0 236.0 298.0 258.0 282.0 243.0 302.0 221.0 Grasp 0
311.0 222.0 286.0 249.0 270.0 234.0 295.0 207.0 Grasp 0
271.0 183.0 238.0 208.0 225.0 190.0 257.0 166.0 Grasp 0
298.0 212.0 276.0 236.0 259.0 221.0 281.0 197.0 Grasp 0
264.0 174.0 244.0 206.0 225.0 195.0 245.0 162.0 Grasp 0
314.0 223.0 293.0 258.0 274.0 246.0 295.0 212.0 Grasp 0
304.0 219.0 284.0 242.0 267.0 227.0 288.0 205.0 Grasp 0
317.0 233.0 288.0 255.0 275.0 237.0 304.0 215.0 Grasp 0
