364.0 156.0 294.0 136.0 300.0 114.0 370.0 134.0 Grasp 0
373.0 168.0 336.0 228.0 317.0 217.0 354.0 156.0 Grasp 0
374.0 136.0 296.0 158.0 290.0 136.0 368.0 114.0 Grasp 0
379.0 195.0 308.0 202.0 306.0 180.0 377.0 173.0 Grasp 0
358.0 109.0 342.0 190.0 320.0 186.0 335.0 104.0 Grasp 0
344.0 172.0 300.0 124.0 317.0 109.0 361.0 156.0 Grasp 0
372.0 208.0 310.0 214.0 308.0 192.0 370.0 186.0 Grasp 0
371.0 214.0 306.0 196.0 312.0 174.0 377.0 192.0 Grasp 0
383.0 180.0 313.0 215.0 303.0 195.0 373.0 160.0 Grasp 0
373.0 182.0 314.0 198.0 308.0 177.0 367.0 160.0 Grasp 0
383.0 196.0 325.0 224.0 315.0 205.0 373.0 176.0 Grasp 0
369.0 120.0 328.0 186.0 308.0 174.0 349.0 107.0 Grasp 0
354.0 115.0 322.0 167.0 302.0 155.0 334.0 103.0 Grasp 0
370.0 168.0 311.0 185.0 305.0 163.0 364.0 146.0 Grasp 0
355.0 102.0 311.0 172.0 292.0 160.0 335.0 90.0 Grasp 0
359.0 104.0 329.0 180.0 308.0 171.0 337.0 95.0 Grasp 0
373.0 110.0 309.0 179.0 292.0 164.0 356.0 95.0 Grasp 0
334.0 199.0 316.0 103.0 338.0 99.0 356.0 195.0 Grasp 0
362.0 221.0 309.0 180.0 322.0 162.0 376.0 203.0 Grasp 0
