314.0 208.0 243.0 244.0 232.0 222.0 303.0 186.0 Grasp 0
352.0 272.0 295.0 314.0 280.0 295.0 337.0 252.0 Grasp 0
351.0 256.0 282.0 308.0 268.0 289.0 337.0 237.0 Grasp 0
319.0 233.0 273.0 268.0 258.0 248.0 305.0 213.0 Grasp 0
334.0 229.0 264.0 281.0 249.0 262.0 319.0 209.0 Grasp 0
348.0 247.0 301.0 325.0 280.0 312.0 328.0 235.0 Grasp 0
333.0 242.0 276.0 285.0 261.0 265.0 318.0 223.0 Grasp 0
329.0 220.0 233.0 247.0 226.0 224.0 322.0 197.0 Grasp 0
337.0 260.0 291.0 295.0 277.0 275.0 322.0 241.0 Grasp 0
322.0 222.0 259.0 270.0 244.0 250.0 307.0 203.0 Grasp 0
335.0 251.0 283.0 290.0 268.0 270.0 320.0 231.0 Grasp 0
314.0 211.0 256.0 255.0 241.0 236.0 300.0 192.0 Grasp 0
315.0 220.0 263.0 259.0 248.0 239.0 300.0 200.0 Grasp 0
