303.0 258.0 237.0 239.0 243.0 217.0 310.0 236.0 Grasp 0
311.0 237.0 244.0 218.0 251.0 196.0 317.0 215.0 Grasp 0
297.0 274.0 232.0 256.0 238.0 234.0 304.0 252.0 Grasp 0
299.0 283.0 226.0 262.0 233.0 240.0 305.0 261.0 Grasp 0
312.0 245.0 238.0 224.0 244.0 202.0 318.0 223.0 Grasp 0
315.0 233.0 241.0 196.0 251.0 176.0 325.0 213.0 Grasp 0
325.0 219.0 246.0 212.0 248.0 190.0 327.0 197.0 Grasp 0
329.0 221.0 238.0 195.0 244.0 174.0 335.0 200.0 Grasp 0
298.0 266.0 236.0 248.0 242.0 227.0 304.0 244.0 Grasp 0
294.0 288.0 229.0 282.0 231.0 259.0 296.0 265.0 Grasp 0
333.0 192.0 253.0 169.0 259.0 148.0 339.0 171.0 Grasp 0
311.0 251.0 237.0 258.0 235.0 235.0 309.0 228.0 Grasp 0
324.0 208.0 250.0 187.0 256.0 166.0 330.0 187.0 Grasp 0
290.0 281.0 229.0 235.0 243.0 217.0 304.0 262.0 Grasp 0
309.0 268.0 228.0 275.0 225.0 253.0 307.0 245.0 Grasp 0
336.0 193.0 251.0 185.0 253.0 163.0 338.0 171.0 Grasp 0
