353.0 307.0 318.0 268.0 334.0 253.0 370.0 292.0 Grasp 0
320.0 317.0 297.0 280.0 316.0 268.0 339.0 305.0 Grasp 0
299.0 332.0 267.0 296.0 283.0 281.0 316.0 317.0 Grasp 0
273.0 338.0 252.0 303.0 271.0 291.0 292.0 326.0 Grasp 0
363.0 301.0 335.0 256.0 354.0 244.0 382.0 289.0 Grasp 0
335.0 312.0 310.0 272.0 329.0 260.0 354.0 300.0 Grasp 0
287.0 335.0 257.0 302.0 273.0 287.0 303.0 320.0 Grasp 0
276.0 339.0 259.0 294.0 280.0 285.0 297.0 331.0 Grasp 0
331.0 318.0 302.0 271.0 321.0 259.0 350.0 307.0 Grasp 0
310.0 326.0 283.0 282.0 302.0 270.0 329.0 314.0 Grasp 0
339.0 305.0 318.0 271.0 337.0 259.0 358.0 294.0 Grasp 0
302.0 330.0 275.0 286.0 294.0 275.0 321.0 319.0 Grasp 0
353.0 300.0 331.0 264.0 349.0 252.0 372.0 288.0 Grasp 0
