310.0 302.0 256.0 242.0 272.0 227.0 327.0 287.0 Grasp 0
350.0 276.0 294.0 215.0 311.0 200.0 367.0 261.0 Grasp 0
339.0 286.0 291.0 209.0 310.0 197.0 358.0 274.0 Grasp 0
442.0 212.0 397.0 141.0 416.0 129.0 461.0 201.0 Grasp 0
274.0 320.0 235.0 257.0 254.0 245.0 293.0 309.0 Grasp 0
441.0 204.0 415.0 137.0 436.0 129.0 462.0 195.0 Grasp 0
409.0 228.0 371.0 166.0 390.0 154.0 428.0 217.0 Grasp 0
329.0 288.0 276.0 230.0 292.0 215.0 346.0 273.0 Grasp 0
439.0 212.0 387.0 155.0 404.0 140.0 456.0 197.0 Grasp 0
385.0 245.0 346.0 182.0 365.0 171.0 404.0 233.0 Grasp 0
308.0 296.0 269.0 233.0 288.0 222.0 327.0 285.0 Grasp 0
368.0 262.0 324.0 191.0 343.0 180.0 387.0 250.0 Grasp 0
286.0 309.0 249.0 250.0 268.0 239.0 304.0 298.0 Grasp 0
427.0 220.0 375.0 163.0 392.0 148.0 443.0 204.0 Grasp 0
336.0 282.0 284.0 225.0 300.0 211.0 352.0 267.0 Grasp 0
393.0 243.0 351.0 176.0 370.0 164.0 412.0 232.0 Grasp 0
458.0 207.0 398.0 141.0 414.0 126.0 474.0 192.0 Grasp 0
360.0 270.0 314.0 196.0 333.0 184.0 378.0 258.0 Grasp 0
384.0 251.0 331.0 192.0 347.0 177.0 401.0 236.0 Grasp 0
297.0 314.0 228.0 262.0 242.0 245.0 310.0 296.0 Grasp 0
405.0 244.0 355.0 163.0 374.0 152.0 424.0 233.0 Grasp 0
