301.0 249.0 257.0 296.0 241.0 281.0 284.0 234.0 Grasp 0
324.0 334.0 269.0 292.0 283.0 274.0 339.0 315.0 Grasp 0
337.0 279.0 289.0 331.0 272.0 316.0 320.0 263.0 Grasp 0
314.0 342.0 272.0 274.0 292.0 261.0 334.0 329.0 Grasp 0
343.0 306.0 271.0 313.0 269.0 290.0 341.0 283.0 Grasp 0
326.0 331.0 281.0 281.0 298.0 265.0 343.0 315.0 Grasp 0
338.0 326.0 272.0 293.0 283.0 272.0 348.0 305.0 Grasp 0
295.0 336.0 271.0 272.0 292.0 263.0 317.0 327.0 Grasp 0
322.0 267.0 309.0 336.0 287.0 332.0 300.0 262.0 Grasp 0
342.0 291.0 276.0 324.0 266.0 303.0 332.0 270.0 Grasp 0
303.0 251.0 241.0 282.0 231.0 262.0 293.0 231.0 Grasp 0
309.0 332.0 286.0 272.0 308.0 264.0 331.0 324.0 Grasp 0
282.0 230.0 256.0 298.0 235.0 290.0 261.0 222.0 Grasp 0
295.0 235.0 269.0 304.0 248.0 296.0 275.0 227.0 Grasp 0
338.0 328.0 270.0 308.0 276.0 286.0 345.0 306.0 Grasp 0
349.0 317.0 269.0 324.0 267.0 301.0 346.0 293.0 Grasp 0
308.0 252.0 293.0 328.0 271.0 324.0 285.0 248.0 Grasp 0
313.0 248.0 274.0 312.0 254.0 300.0 294.0 236.0 Grasp 0
339.0 292.0 272.0 299.0 270.0 276.0 337.0 270.0 Grasp 0
315.0 240.0 251.0 310.0 234.0 295.0 298.0 225.0 Grasp 0
339.0 306.0 265.0 284.0 271.0 262.0 346.0 283.0 Grasp 0
308.0 274.0 229.0 266.0 231.0 244.0 310.0 251.0 Grasp 0
348.0 276.0 287.0 343.0 270.0 328.0 331.0 261.0 Grasp 0
