305.0 242.0 240.0 260.0 234.0 239.0 299.0 220.0 Grasp 0
349.0 262.0 301.0 339.0 282.0 327.0 330.0 250.0 Grasp 0
326.0 238.0 266.0 304.0 249.0 289.0 309.0 223.0 Grasp 0
294.0 218.0 245.0 272.0 228.0 257.0 277.0 203.0 Grasp 0
300.0 223.0 248.0 279.0 231.0 264.0 283.0 207.0 Grasp 0
294.0 226.0 242.0 252.0 232.0 232.0 284.0 206.0 Grasp 0
337.0 249.0 275.0 317.0 258.0 302.0 320.0 234.0 Grasp 0
284.0 200.0 252.0 284.0 231.0 275.0 263.0 192.0 Grasp 0
309.0 220.0 262.0 296.0 243.0 284.0 290.0 208.0 Grasp 0
323.0 246.0 231.0 272.0 225.0 250.0 316.0 224.0 Grasp 0
347.0 265.0 276.0 318.0 262.0 300.0 333.0 247.0 Grasp 0
287.0 215.0 242.0 264.0 226.0 248.0 270.0 199.0 Grasp 0
275.0 208.0 238.0 249.0 222.0 234.0 258.0 193.0 Grasp 0
313.0 235.0 247.0 285.0 233.0 267.0 299.0 217.0 Grasp 0
292.0 218.0 237.0 245.0 227.0 225.0 282.0 198.0 Grasp 0
328.0 247.0 274.0 307.0 257.0 292.0 312.0 232.0 Grasp 0
358.0 291.0 288.0 326.0 278.0 306.0 348.0 271.0 Grasp 0
349.0 262.0 287.0 331.0 270.0 316.0 333.0 247.0 Grasp 0
