288.0 253.0 239.0 228.0 249.0 208.0 298.0 232.0 Grasp 0
363.0 114.0 302.0 96.0 308.0 75.0 369.0 92.0 Grasp 0
283.0 270.0 229.0 254.0 235.0 233.0 289.0 248.0 Grasp 0
288.0 244.0 246.0 223.0 256.0 203.0 298.0 224.0 Grasp 0
274.0 284.0 222.0 269.0 228.0 248.0 281.0 262.0 Grasp 0
301.0 224.0 253.0 200.0 263.0 180.0 311.0 204.0 Grasp 0
328.0 198.0 257.0 178.0 263.0 157.0 334.0 177.0 Grasp 0
346.0 156.0 280.0 123.0 290.0 103.0 356.0 136.0 Grasp 0
318.0 195.0 265.0 168.0 275.0 148.0 328.0 175.0 Grasp 0
348.0 139.0 291.0 110.0 301.0 90.0 358.0 119.0 Grasp 0
359.0 131.0 291.0 98.0 301.0 78.0 369.0 112.0 Grasp 0
307.0 215.0 257.0 190.0 267.0 170.0 317.0 194.0 Grasp 0
334.0 182.0 267.0 163.0 273.0 141.0 340.0 160.0 Grasp 0
348.0 158.0 276.0 137.0 282.0 116.0 354.0 136.0 Grasp 0
297.0 236.0 246.0 211.0 256.0 191.0 307.0 216.0 Grasp 0
347.0 170.0 267.0 147.0 273.0 126.0 353.0 149.0 Grasp 0
303.0 232.0 246.0 203.0 256.0 183.0 313.0 212.0 Grasp 0
349.0 142.0 289.0 125.0 295.0 104.0 355.0 120.0 Grasp 0
374.0 120.0 291.0 78.0 301.0 59.0 384.0 100.0 Grasp 0
333.0 180.0 269.0 148.0 279.0 128.0 343.0 160.0 Grasp 0
314.0 209.0 257.0 181.0 267.0 161.0 324.0 189.0 Grasp 0
278.0 260.0 239.0 241.0 249.0 220.0 288.0 240.0 Grasp 0
269.0 276.0 231.0 258.0 242.0 237.0 279.0 256.0 Grasp 0
333.0 165.0 281.0 139.0 291.0 119.0 343.0 145.0 Grasp 0
270.0 291.0 219.0 277.0 225.0 255.0 277.0 269.0 Grasp 0
348.0 128.0 303.0 79.0 319.0 64.0 364.0 113.0 Grasp 0
