356.0 243.0 305.0 299.0 288.0 283.0 339.0 228.0 Grasp 0
377.0 269.0 334.0 316.0 317.0 300.0 359.0 253.0 Grasp 0
321.0 226.0 280.0 271.0 263.0 256.0 304.0 211.0 Grasp 0
367.0 250.0 327.0 315.0 308.0 303.0 347.0 238.0 Grasp 0
281.0 189.0 249.0 241.0 230.0 228.0 262.0 177.0 Grasp 0
302.0 206.0 259.0 253.0 242.0 237.0 285.0 191.0 Grasp 0
332.0 226.0 296.0 283.0 276.0 271.0 312.0 214.0 Grasp 0
359.0 250.0 324.0 306.0 305.0 293.0 339.0 238.0 Grasp 0
341.0 238.0 309.0 291.0 289.0 278.0 322.0 226.0 Grasp 0
301.0 199.0 240.0 245.0 226.0 226.0 287.0 181.0 Grasp 0
306.0 214.0 268.0 256.0 251.0 240.0 289.0 199.0 Grasp 0
279.0 187.0 224.0 229.0 210.0 211.0 265.0 169.0 Grasp 0
375.0 251.0 345.0 329.0 323.0 321.0 354.0 243.0 Grasp 0
273.0 179.0 238.0 235.0 219.0 223.0 254.0 167.0 Grasp 0
282.0 176.0 239.0 246.0 219.0 234.0 263.0 164.0 Grasp 0
293.0 205.0 257.0 244.0 240.0 229.0 276.0 190.0 Grasp 0
334.0 223.0 280.0 282.0 263.0 266.0 317.0 207.0 Grasp 0
320.0 216.0 271.0 269.0 254.0 254.0 303.0 201.0 Grasp 0
353.0 256.0 317.0 295.0 300.0 279.0 335.0 240.0 Grasp 0
291.0 191.0 228.0 239.0 214.0 221.0 277.0 173.0 Grasp 0
