344.0 264.0 311.0 211.0 331.0 200.0 364.0 252.0 Grasp 0
301.0 277.0 274.0 234.0 293.0 222.0 320.0 266.0 Grasp 0
361.0 263.0 324.0 203.0 343.0 192.0 380.0 251.0 Grasp 0
366.0 256.0 343.0 196.0 364.0 188.0 387.0 248.0 Grasp 0
304.0 276.0 283.0 222.0 304.0 214.0 325.0 268.0 Grasp 0
322.0 274.0 291.0 223.0 310.0 211.0 341.0 262.0 Grasp 0
378.0 252.0 337.0 207.0 354.0 191.0 395.0 237.0 Grasp 0
293.0 281.0 266.0 237.0 285.0 225.0 312.0 269.0 Grasp 0
364.0 196.0 350.0 267.0 328.0 263.0 341.0 192.0 Grasp 0
321.0 268.0 302.0 218.0 323.0 210.0 342.0 260.0 Grasp 0
381.0 256.0 310.0 220.0 320.0 200.0 391.0 235.0 Grasp 0
358.0 252.0 340.0 205.0 361.0 197.0 379.0 244.0 Grasp 0
377.0 254.0 353.0 191.0 374.0 183.0 398.0 246.0 Grasp 0
329.0 272.0 306.0 211.0 327.0 203.0 350.0 264.0 Grasp 0
342.0 267.0 301.0 222.0 317.0 206.0 358.0 251.0 Grasp 0
356.0 269.0 315.0 204.0 335.0 192.0 375.0 257.0 Grasp 0
280.0 285.0 269.0 226.0 292.0 222.0 303.0 281.0 Grasp 0
369.0 195.0 369.0 255.0 346.0 255.0 346.0 195.0 Grasp 0
352.0 201.0 339.0 272.0 316.0 268.0 330.0 197.0 Grasp 0
341.0 262.0 330.0 201.0 352.0 196.0 363.0 258.0 Grasp 0
