297.0 202.0 258.0 244.0 242.0 229.0 280.0 187.0 Grasp 0
296.0 209.0 246.0 233.0 236.0 213.0 286.0 188.0 Grasp 0
310.0 220.0 262.0 257.0 248.0 239.0 296.0 202.0 Grasp 0
340.0 273.0 301.0 303.0 287.0 285.0 327.0 255.0 Grasp 0
335.0 251.0 301.0 306.0 281.0 294.0 315.0 239.0 Grasp 0
319.0 236.0 272.0 271.0 259.0 253.0 305.0 218.0 Grasp 0
340.0 261.0 289.0 300.0 276.0 282.0 327.0 243.0 Grasp 0
349.0 264.0 300.0 318.0 283.0 303.0 332.0 249.0 Grasp 0
333.0 248.0 280.0 288.0 266.0 270.0 320.0 230.0 Grasp 0
307.0 218.0 253.0 245.0 243.0 225.0 297.0 198.0 Grasp 0
301.0 208.0 261.0 252.0 245.0 236.0 285.0 192.0 Grasp 0
328.0 236.0 270.0 280.0 257.0 262.0 315.0 218.0 Grasp 0
331.0 261.0 292.0 291.0 278.0 272.0 318.0 243.0 Grasp 0
317.0 228.0 266.0 266.0 253.0 248.0 304.0 210.0 Grasp 0
328.0 233.0 300.0 306.0 279.0 298.0 307.0 225.0 Grasp 0
352.0 282.0 294.0 311.0 284.0 291.0 342.0 262.0 Grasp 0
325.0 252.0 277.0 276.0 267.0 256.0 314.0 232.0 Grasp 0
337.0 256.0 314.0 315.0 293.0 306.0 316.0 248.0 Grasp 0
