262.0 267.0 227.0 211.0 247.0 199.0 281.0 255.0 Grasp 0
341.0 245.0 318.0 186.0 339.0 178.0 361.0 237.0 Grasp 0
361.0 177.0 361.0 247.0 339.0 247.0 339.0 177.0 Grasp 0
311.0 253.0 286.0 187.0 307.0 179.0 332.0 245.0 Grasp 0
261.0 275.0 245.0 188.0 267.0 184.0 284.0 271.0 Grasp 0
321.0 248.0 298.0 189.0 319.0 181.0 342.0 240.0 Grasp 0
291.0 257.0 278.0 185.0 300.0 181.0 313.0 253.0 Grasp 0
356.0 247.0 331.0 180.0 351.0 172.0 377.0 239.0 Grasp 0
344.0 184.0 332.0 249.0 310.0 245.0 322.0 180.0 Grasp 0
409.0 230.0 393.0 189.0 413.0 181.0 429.0 222.0 Grasp 0
295.0 258.0 255.0 193.0 274.0 181.0 314.0 246.0 Grasp 0
306.0 258.0 264.0 189.0 283.0 178.0 325.0 247.0 Grasp 0
387.0 242.0 363.0 181.0 384.0 173.0 408.0 234.0 Grasp 0
351.0 185.0 351.0 240.0 329.0 240.0 329.0 185.0 Grasp 0
266.0 198.0 254.0 263.0 232.0 259.0 244.0 194.0 Grasp 0
404.0 184.0 394.0 235.0 372.0 231.0 382.0 180.0 Grasp 0
402.0 184.0 379.0 242.0 358.0 234.0 381.0 176.0 Grasp 0
245.0 274.0 230.0 195.0 252.0 191.0 267.0 270.0 Grasp 0
328.0 250.0 315.0 180.0 336.0 176.0 350.0 246.0 Grasp 0
365.0 239.0 345.0 188.0 366.0 180.0 385.0 231.0 Grasp 0
274.0 263.0 249.0 198.0 270.0 190.0 295.0 255.0 Grasp 0
426.0 183.0 416.0 237.0 394.0 233.0 404.0 179.0 Grasp 0
389.0 232.0 372.0 188.0 393.0 180.0 410.0 224.0 Grasp 0
283.0 266.0 254.0 191.0 275.0 183.0 304.0 258.0 Grasp 0
402.0 239.0 380.0 180.0 400.0 172.0 423.0 231.0 Grasp 0
375.0 235.0 358.0 191.0 379.0 183.0 396.0 227.0 Grasp 0
269.0 263.0 235.0 208.0 254.0 196.0 289.0 251.0 Grasp 0
389.0 180.0 377.0 243.0 355.0 239.0 367.0 176.0 Grasp 0
375.0 186.0 365.0 241.0 343.0 237.0 353.0 182.0 Grasp 0
283.0 254.0 272.0 193.0 294.0 189.0 306.0 250.0 Grasp 0
275.0 194.0 261.0 271.0 239.0 267.0 253.0 189.0 Grasp 0
303.0 248.0 282.0 193.0 302.0 185.0 324.0 240.0 Grasp 0
253.0 265.0 224.0 218.0 243.0 206.0 272.0 253.0 Grasp 0
417.0 190.0 409.0 232.0 387.0 228.0 395.0 186.0 Grasp 0
