309.0 281.0 255.0 254.0 265.0 234.0 319.0 261.0 Grasp 0
336.0 237.0 288.0 213.0 298.0 194.0 346.0 218.0 Grasp 0
294.0 312.0 236.0 283.0 246.0 263.0 304.0 292.0 Grasp 0
324.0 251.0 281.0 229.0 290.0 210.0 334.0 231.0 Grasp 0
355.0 212.0 303.0 186.0 313.0 166.0 365.0 192.0 Grasp 0
344.0 222.0 300.0 200.0 310.0 181.0 354.0 202.0 Grasp 0
304.0 289.0 252.0 263.0 262.0 243.0 314.0 269.0 Grasp 0
279.0 318.0 238.0 297.0 248.0 277.0 289.0 298.0 Grasp 0
297.0 302.0 243.0 275.0 253.0 255.0 307.0 282.0 Grasp 0
391.0 164.0 332.0 135.0 342.0 115.0 400.0 145.0 Grasp 0
318.0 260.0 270.0 237.0 280.0 217.0 328.0 241.0 Grasp 0
397.0 159.0 334.0 128.0 344.0 108.0 407.0 140.0 Grasp 0
378.0 191.0 313.0 173.0 319.0 152.0 384.0 170.0 Grasp 0
314.0 275.0 261.0 248.0 271.0 228.0 324.0 255.0 Grasp 0
396.0 157.0 338.0 114.0 351.0 96.0 409.0 140.0 Grasp 0
381.0 179.0 322.0 149.0 332.0 130.0 391.0 159.0 Grasp 0
365.0 204.0 306.0 175.0 315.0 155.0 375.0 185.0 Grasp 0
375.0 193.0 314.0 147.0 327.0 129.0 388.0 175.0 Grasp 0
389.0 180.0 321.0 129.0 334.0 112.0 402.0 163.0 Grasp 0
369.0 202.0 308.0 156.0 321.0 138.0 382.0 184.0 Grasp 0
277.0 326.0 232.0 303.0 242.0 283.0 287.0 306.0 Grasp 0
272.0 330.0 231.0 286.0 248.0 271.0 288.0 315.0 Grasp 0
297.0 300.0 251.0 265.0 264.0 247.0 310.0 282.0 Grasp 0
334.0 230.0 294.0 210.0 304.0 190.0 344.0 210.0 Grasp 0
369.0 184.0 323.0 135.0 340.0 120.0 385.0 169.0 Grasp 0
287.0 323.0 231.0 281.0 244.0 263.0 300.0 305.0 Grasp 0
383.0 170.0 340.0 100.0 359.0 89.0 402.0 159.0 Grasp 0
