269.0 285.0 228.0 240.0 245.0 225.0 285.0 270.0 Grasp 0
326.0 258.0 293.0 205.0 313.0 193.0 345.0 246.0 Grasp 0
284.0 278.0 223.0 248.0 233.0 228.0 294.0 258.0 Grasp 0
315.0 263.0 281.0 208.0 300.0 196.0 334.0 251.0 Grasp 0
305.0 275.0 266.0 211.0 285.0 199.0 324.0 263.0 Grasp 0
258.0 296.0 223.0 239.0 242.0 227.0 277.0 284.0 Grasp 0
293.0 271.0 262.0 222.0 281.0 210.0 312.0 259.0 Grasp 0
285.0 278.0 243.0 232.0 260.0 217.0 301.0 263.0 Grasp 0
329.0 258.0 304.0 193.0 325.0 185.0 350.0 250.0 Grasp 0
271.0 283.0 240.0 232.0 259.0 220.0 290.0 271.0 Grasp 0
287.0 211.0 287.0 285.0 264.0 285.0 264.0 211.0 Grasp 0
340.0 253.0 298.0 207.0 314.0 192.0 356.0 238.0 Grasp 0
325.0 192.0 325.0 262.0 302.0 262.0 302.0 192.0 Grasp 0
312.0 196.0 312.0 270.0 289.0 270.0 289.0 196.0 Grasp 0
264.0 299.0 233.0 219.0 254.0 211.0 285.0 291.0 Grasp 0
278.0 281.0 253.0 216.0 274.0 208.0 299.0 272.0 Grasp 0
267.0 225.0 267.0 286.0 245.0 286.0 245.0 225.0 Grasp 0
341.0 187.0 341.0 254.0 318.0 254.0 318.0 187.0 Grasp 0
325.0 267.0 262.0 219.0 275.0 201.0 339.0 249.0 Grasp 0
305.0 276.0 240.0 227.0 254.0 209.0 319.0 258.0 Grasp 0
335.0 252.0 311.0 191.0 332.0 183.0 356.0 244.0 Grasp 0
276.0 223.0 276.0 286.0 253.0 286.0 253.0 223.0 Grasp 0
301.0 265.0 281.0 213.0 301.0 205.0 322.0 257.0 Grasp 0
332.0 192.0 332.0 257.0 310.0 257.0 310.0 192.0 Grasp 0
