293.0 297.0 234.0 267.0 244.0 248.0 303.0 277.0 Grasp 0
368.0 156.0 345.0 139.0 359.0 122.0 381.0 139.0 Grasp 0
383.0 143.0 349.0 126.0 359.0 106.0 393.0 123.0 Grasp 0
354.0 180.0 328.0 168.0 338.0 148.0 364.0 161.0 Grasp 0
285.0 303.0 232.0 277.0 242.0 257.0 295.0 283.0 Grasp 0
326.0 213.0 306.0 198.0 320.0 181.0 339.0 196.0 Grasp 0
325.0 222.0 299.0 209.0 309.0 189.0 335.0 202.0 Grasp 0
337.0 205.0 311.0 192.0 321.0 172.0 347.0 185.0 Grasp 0
280.0 311.0 232.0 258.0 248.0 243.0 297.0 297.0 Grasp 0
291.0 283.0 251.0 253.0 264.0 236.0 304.0 266.0 Grasp 0
354.0 189.0 319.0 171.0 329.0 152.0 364.0 169.0 Grasp 0
367.0 169.0 334.0 152.0 344.0 133.0 377.0 149.0 Grasp 0
302.0 262.0 240.0 257.0 242.0 235.0 304.0 241.0 Grasp 0
355.0 174.0 334.0 158.0 347.0 140.0 368.0 156.0 Grasp 0
273.0 324.0 220.0 266.0 237.0 251.0 290.0 309.0 Grasp 0
379.0 148.0 350.0 134.0 360.0 114.0 389.0 129.0 Grasp 0
346.0 197.0 316.0 182.0 326.0 162.0 356.0 177.0 Grasp 0
302.0 288.0 236.0 307.0 230.0 285.0 296.0 266.0 Grasp 0
306.0 275.0 235.0 269.0 237.0 247.0 308.0 254.0 Grasp 0
300.0 288.0 231.0 282.0 233.0 260.0 302.0 266.0 Grasp 0
315.0 234.0 290.0 222.0 299.0 202.0 325.0 215.0 Grasp 0
369.0 163.0 336.0 138.0 349.0 120.0 382.0 145.0 Grasp 0
302.0 300.0 223.0 293.0 225.0 270.0 304.0 278.0 Grasp 0
295.0 269.0 257.0 250.0 267.0 231.0 305.0 250.0 Grasp 0
309.0 241.0 288.0 231.0 297.0 211.0 318.0 222.0 Grasp 0
287.0 291.0 258.0 243.0 276.0 232.0 306.0 279.0 Grasp 0
313.0 228.0 295.0 214.0 309.0 197.0 327.0 210.0 Grasp 0
300.0 291.0 235.0 259.0 245.0 239.0 310.0 272.0 Grasp 0
377.0 153.0 346.0 120.0 362.0 105.0 393.0 139.0 Grasp 0
