394.0 153.0 326.0 204.0 312.0 186.0 380.0 135.0 Grasp 0
406.0 175.0 341.0 225.0 327.0 207.0 393.0 157.0 Grasp 0
394.0 167.0 338.0 209.0 325.0 191.0 380.0 149.0 Grasp 0
415.0 196.0 345.0 231.0 335.0 211.0 405.0 176.0 Grasp 0
422.0 215.0 331.0 223.0 329.0 201.0 420.0 192.0 Grasp 0
388.0 137.0 327.0 203.0 311.0 188.0 371.0 121.0 Grasp 0
414.0 199.0 358.0 242.0 344.0 224.0 401.0 181.0 Grasp 0
381.0 134.0 326.0 194.0 309.0 179.0 364.0 118.0 Grasp 0
383.0 156.0 312.0 177.0 306.0 155.0 377.0 135.0 Grasp 0
409.0 182.0 347.0 230.0 333.0 211.0 395.0 164.0 Grasp 0
416.0 179.0 354.0 248.0 337.0 232.0 399.0 164.0 Grasp 0
