364.0 204.0 352.0 235.0 332.0 227.0 344.0 196.0 Grasp 0
350.0 202.0 330.0 235.0 311.0 223.0 331.0 191.0 Grasp 0
440.0 213.0 423.0 258.0 402.0 250.0 420.0 205.0 Grasp 0
461.0 222.0 446.0 260.0 425.0 252.0 440.0 214.0 Grasp 0
453.0 216.0 437.0 258.0 416.0 250.0 432.0 208.0 Grasp 0
408.0 217.0 388.0 249.0 369.0 238.0 390.0 205.0 Grasp 0
293.0 189.0 278.0 227.0 258.0 219.0 272.0 181.0 Grasp 0
491.0 230.0 477.0 265.0 457.0 257.0 470.0 222.0 Grasp 0
313.0 190.0 297.0 231.0 277.0 223.0 293.0 182.0 Grasp 0
278.0 189.0 272.0 220.0 251.0 216.0 257.0 185.0 Grasp 0
306.0 194.0 293.0 226.0 273.0 218.0 285.0 186.0 Grasp 0
357.0 199.0 342.0 238.0 322.0 230.0 337.0 191.0 Grasp 0
471.0 224.0 457.0 261.0 436.0 253.0 450.0 216.0 Grasp 0
415.0 214.0 401.0 252.0 380.0 244.0 395.0 206.0 Grasp 0
444.0 222.0 431.0 255.0 411.0 247.0 424.0 214.0 Grasp 0
330.0 199.0 318.0 229.0 298.0 221.0 309.0 191.0 Grasp 0
300.0 190.0 285.0 228.0 265.0 220.0 279.0 182.0 Grasp 0
342.0 201.0 321.0 234.0 303.0 223.0 323.0 189.0 Grasp 0
400.0 218.0 383.0 246.0 364.0 234.0 381.0 206.0 Grasp 0
432.0 214.0 415.0 257.0 394.0 249.0 411.0 206.0 Grasp 0
325.0 194.0 311.0 232.0 290.0 224.0 305.0 187.0 Grasp 0
501.0 227.0 486.0 266.0 465.0 258.0 480.0 219.0 Grasp 0
423.0 214.0 408.0 255.0 387.0 247.0 403.0 206.0 Grasp 0
478.0 228.0 465.0 261.0 445.0 253.0 457.0 220.0 Grasp 0
373.0 209.0 363.0 235.0 342.0 227.0 352.0 201.0 Grasp 0
318.0 197.0 306.0 228.0 285.0 220.0 297.0 189.0 Grasp 0
489.0 228.0 464.0 268.0 445.0 256.0 470.0 216.0 Grasp 0
344.0 197.0 338.0 232.0 316.0 228.0 323.0 193.0 Grasp 0
