415.0 127.0 354.0 110.0 360.0 89.0 421.0 106.0 Grasp 0
419.0 146.0 346.0 139.0 348.0 117.0 421.0 124.0 Grasp 0
426.0 129.0 348.0 122.0 350.0 99.0 428.0 107.0 Grasp 0
421.0 154.0 339.0 147.0 342.0 125.0 423.0 132.0 Grasp 0
407.0 165.0 345.0 147.0 351.0 125.0 413.0 143.0 Grasp 0
420.0 138.0 349.0 131.0 351.0 109.0 422.0 115.0 Grasp 0
412.0 167.0 343.0 161.0 345.0 139.0 414.0 145.0 Grasp 0
423.0 119.0 351.0 98.0 357.0 77.0 429.0 97.0 Grasp 0
419.0 93.0 387.0 175.0 366.0 167.0 398.0 85.0 Grasp 0
431.0 122.0 353.0 161.0 343.0 141.0 421.0 102.0 Grasp 0
405.0 178.0 339.0 146.0 349.0 125.0 415.0 158.0 Grasp 0
394.0 84.0 378.0 168.0 356.0 164.0 372.0 79.0 Grasp 0
392.0 179.0 345.0 128.0 362.0 113.0 408.0 164.0 Grasp 0
405.0 159.0 345.0 129.0 356.0 109.0 415.0 139.0 Grasp 0
