339.0 274.0 303.0 332.0 284.0 321.0 320.0 263.0 Grasp 0
320.0 262.0 308.0 327.0 286.0 323.0 298.0 258.0 Grasp 0
283.0 230.0 271.0 294.0 249.0 290.0 261.0 226.0 Grasp 0
313.0 254.0 300.0 322.0 278.0 318.0 291.0 250.0 Grasp 0
320.0 255.0 320.0 335.0 298.0 335.0 298.0 255.0 Grasp 0
347.0 276.0 333.0 348.0 312.0 344.0 325.0 272.0 Grasp 0
291.0 249.0 249.0 281.0 236.0 264.0 278.0 232.0 Grasp 0
242.0 292.0 228.0 213.0 250.0 209.0 264.0 288.0 Grasp 0
296.0 239.0 296.0 310.0 274.0 310.0 274.0 239.0 Grasp 0
298.0 253.0 217.0 276.0 211.0 255.0 292.0 232.0 Grasp 0
274.0 237.0 231.0 270.0 218.0 252.0 261.0 220.0 Grasp 0
271.0 217.0 271.0 295.0 249.0 295.0 249.0 217.0 Grasp 0
283.0 233.0 283.0 299.0 261.0 299.0 261.0 233.0 Grasp 0
309.0 264.0 238.0 284.0 232.0 263.0 303.0 242.0 Grasp 0
329.0 261.0 329.0 343.0 306.0 343.0 306.0 261.0 Grasp 0
293.0 246.0 272.0 299.0 252.0 291.0 272.0 238.0 Grasp 0
250.0 297.0 234.0 209.0 255.0 205.0 272.0 292.0 Grasp 0
285.0 245.0 228.0 273.0 218.0 254.0 275.0 225.0 Grasp 0
296.0 334.0 280.0 248.0 302.0 244.0 318.0 330.0 Grasp 0
311.0 263.0 254.0 292.0 244.0 272.0 302.0 243.0 Grasp 0
331.0 277.0 250.0 300.0 244.0 279.0 325.0 256.0 Grasp 0
340.0 282.0 263.0 304.0 257.0 283.0 334.0 261.0 Grasp 0
347.0 291.0 276.0 312.0 270.0 290.0 341.0 270.0 Grasp 0
346.0 281.0 326.0 332.0 305.0 324.0 325.0 273.0 Grasp 0
362.0 300.0 287.0 321.0 281.0 300.0 356.0 278.0 Grasp 0
329.0 272.0 301.0 318.0 282.0 307.0 310.0 260.0 Grasp 0
337.0 283.0 294.0 316.0 280.0 298.0 324.0 265.0 Grasp 0
320.0 268.0 294.0 310.0 275.0 299.0 301.0 256.0 Grasp 0
325.0 273.0 281.0 306.0 268.0 288.0 311.0 256.0 Grasp 0
367.0 310.0 315.0 335.0 305.0 315.0 357.0 290.0 Grasp 0
293.0 252.0 205.0 260.0 203.0 238.0 291.0 230.0 Grasp 0
317.0 269.0 258.0 298.0 248.0 278.0 307.0 249.0 Grasp 0
363.0 308.0 301.0 326.0 295.0 304.0 357.0 287.0 Grasp 0
