313.0 213.0 292.0 268.0 272.0 260.0 293.0 205.0 Grasp 0
308.0 276.0 293.0 196.0 314.0 192.0 330.0 272.0 Grasp 0
336.0 223.0 318.0 269.0 298.0 261.0 316.0 215.0 Grasp 0
270.0 196.0 270.0 266.0 248.0 266.0 248.0 196.0 Grasp 0
287.0 191.0 271.0 275.0 249.0 271.0 265.0 187.0 Grasp 0
323.0 212.0 300.0 270.0 279.0 262.0 302.0 204.0 Grasp 0
300.0 206.0 289.0 266.0 267.0 262.0 279.0 202.0 Grasp 0
343.0 227.0 327.0 267.0 307.0 259.0 322.0 219.0 Grasp 0
326.0 216.0 317.0 264.0 295.0 260.0 304.0 212.0 Grasp 0
308.0 212.0 243.0 261.0 230.0 244.0 295.0 194.0 Grasp 0
331.0 264.0 311.0 213.0 332.0 205.0 352.0 256.0 Grasp 0
277.0 271.0 238.0 209.0 257.0 197.0 295.0 259.0 Grasp 0
352.0 231.0 336.0 271.0 316.0 263.0 331.0 223.0 Grasp 0
305.0 270.0 278.0 201.0 299.0 193.0 325.0 262.0 Grasp 0
290.0 199.0 248.0 267.0 229.0 256.0 271.0 188.0 Grasp 0
308.0 207.0 308.0 263.0 286.0 263.0 286.0 207.0 Grasp 0
302.0 198.0 302.0 270.0 280.0 270.0 280.0 198.0 Grasp 0
313.0 268.0 301.0 205.0 322.0 201.0 334.0 264.0 Grasp 0
358.0 233.0 345.0 268.0 324.0 260.0 338.0 225.0 Grasp 0
298.0 202.0 254.0 272.0 235.0 261.0 279.0 190.0 Grasp 0
309.0 211.0 272.0 270.0 253.0 258.0 290.0 199.0 Grasp 0
294.0 216.0 245.0 253.0 231.0 235.0 281.0 198.0 Grasp 0
293.0 199.0 279.0 270.0 258.0 266.0 271.0 195.0 Grasp 0
338.0 264.0 324.0 226.0 344.0 218.0 359.0 256.0 Grasp 0
315.0 198.0 283.0 282.0 262.0 274.0 295.0 190.0 Grasp 0
