314.0 286.0 278.0 228.0 297.0 217.0 333.0 275.0 Grasp 0
344.0 284.0 301.0 215.0 320.0 203.0 363.0 272.0 Grasp 0
299.0 292.0 275.0 229.0 296.0 221.0 320.0 284.0 Grasp 0
321.0 282.0 298.0 225.0 319.0 216.0 342.0 274.0 Grasp 0
356.0 215.0 343.0 282.0 321.0 277.0 333.0 211.0 Grasp 0
325.0 289.0 283.0 221.0 302.0 209.0 344.0 277.0 Grasp 0
327.0 279.0 315.0 219.0 338.0 214.0 349.0 275.0 Grasp 0
290.0 294.0 266.0 232.0 287.0 224.0 311.0 286.0 Grasp 0
340.0 275.0 318.0 219.0 339.0 210.0 361.0 267.0 Grasp 0
329.0 287.0 301.0 216.0 322.0 208.0 350.0 279.0 Grasp 0
320.0 291.0 270.0 266.0 280.0 246.0 330.0 271.0 Grasp 0
356.0 279.0 316.0 214.0 335.0 202.0 375.0 267.0 Grasp 0
368.0 251.0 289.0 290.0 279.0 270.0 358.0 230.0 Grasp 0
359.0 230.0 283.0 267.0 273.0 247.0 349.0 210.0 Grasp 0
