330.0 275.0 314.0 235.0 334.0 227.0 350.0 267.0 Grasp 0
342.0 273.0 319.0 236.0 338.0 224.0 361.0 262.0 Grasp 0
359.0 264.0 341.0 234.0 360.0 222.0 378.0 252.0 Grasp 0
294.0 287.0 269.0 247.0 288.0 236.0 312.0 275.0 Grasp 0
284.0 288.0 264.0 255.0 283.0 243.0 303.0 277.0 Grasp 0
321.0 283.0 294.0 240.0 313.0 228.0 340.0 271.0 Grasp 0
308.0 286.0 282.0 244.0 301.0 232.0 327.0 274.0 Grasp 0
322.0 275.0 303.0 244.0 322.0 233.0 341.0 263.0 Grasp 0
351.0 272.0 328.0 235.0 347.0 223.0 370.0 260.0 Grasp 0
295.0 282.0 281.0 247.0 302.0 239.0 315.0 274.0 Grasp 0
