294.0 300.0 270.0 261.0 289.0 250.0 313.0 289.0 Grasp 0
330.0 278.0 306.0 240.0 325.0 228.0 349.0 266.0 Grasp 0
362.0 267.0 324.0 226.0 340.0 210.0 378.0 252.0 Grasp 0
284.0 319.0 240.0 271.0 256.0 256.0 300.0 304.0 Grasp 0
286.0 314.0 253.0 261.0 272.0 249.0 305.0 302.0 Grasp 0
314.0 292.0 286.0 247.0 305.0 236.0 333.0 280.0 Grasp 0
318.0 303.0 268.0 247.0 284.0 232.0 335.0 288.0 Grasp 0
348.0 272.0 313.0 234.0 330.0 219.0 365.0 257.0 Grasp 0
358.0 257.0 338.0 226.0 357.0 214.0 377.0 246.0 Grasp 0
324.0 289.0 293.0 239.0 312.0 228.0 342.0 277.0 Grasp 0
302.0 293.0 280.0 257.0 298.0 245.0 321.0 281.0 Grasp 0
300.0 311.0 250.0 256.0 266.0 241.0 316.0 296.0 Grasp 0
297.0 310.0 244.0 270.0 257.0 252.0 310.0 292.0 Grasp 0
338.0 279.0 309.0 233.0 328.0 221.0 356.0 267.0 Grasp 0
345.0 265.0 326.0 233.0 345.0 221.0 364.0 253.0 Grasp 0
311.0 308.0 259.0 251.0 275.0 236.0 327.0 293.0 Grasp 0
289.0 317.0 263.0 251.0 284.0 243.0 309.0 309.0 Grasp 0
