331.0 196.0 270.0 242.0 256.0 224.0 318.0 177.0 Grasp 0
342.0 208.0 295.0 260.0 278.0 244.0 326.0 193.0 Grasp 0
403.0 257.0 339.0 306.0 325.0 288.0 390.0 240.0 Grasp 0
376.0 238.0 328.0 291.0 312.0 276.0 360.0 223.0 Grasp 0
328.0 192.0 289.0 256.0 270.0 243.0 309.0 180.0 Grasp 0
352.0 219.0 307.0 268.0 291.0 252.0 335.0 204.0 Grasp 0
367.0 227.0 317.0 281.0 301.0 266.0 350.0 212.0 Grasp 0
318.0 185.0 280.0 247.0 261.0 235.0 299.0 173.0 Grasp 0
355.0 218.0 316.0 280.0 297.0 268.0 336.0 206.0 Grasp 0
391.0 244.0 324.0 295.0 311.0 277.0 378.0 226.0 Grasp 0
373.0 219.0 295.0 279.0 281.0 261.0 360.0 202.0 Grasp 0
397.0 245.0 350.0 322.0 331.0 310.0 378.0 233.0 Grasp 0
310.0 190.0 275.0 229.0 258.0 214.0 293.0 175.0 Grasp 0
345.0 206.0 305.0 270.0 286.0 258.0 325.0 194.0 Grasp 0
367.0 227.0 327.0 292.0 308.0 280.0 348.0 215.0 Grasp 0
339.0 208.0 285.0 249.0 271.0 231.0 325.0 190.0 Grasp 0
