379.0 305.0 322.0 348.0 304.0 325.0 361.0 282.0 Grasp 0
345.0 216.0 288.0 232.0 280.0 205.0 337.0 189.0 Grasp 0
341.0 194.0 284.0 211.0 276.0 183.0 333.0 167.0 Grasp 0
357.0 267.0 300.0 283.0 292.0 256.0 349.0 240.0 Grasp 0
374.0 293.0 314.0 338.0 297.0 315.0 356.0 270.0 Grasp 0
326.0 146.0 274.0 160.0 266.0 133.0 318.0 118.0 Grasp 0
329.0 166.0 273.0 171.0 270.0 143.0 326.0 138.0 Grasp 0
349.0 236.0 291.0 252.0 283.0 225.0 341.0 208.0 Grasp 0
343.0 204.0 285.0 220.0 277.0 193.0 335.0 176.0 Grasp 0
338.0 185.0 281.0 202.0 273.0 174.0 330.0 158.0 Grasp 0
376.0 314.0 305.0 334.0 297.0 307.0 368.0 287.0 Grasp 0
371.0 292.0 297.0 299.0 294.0 271.0 368.0 264.0 Grasp 0
368.0 281.0 300.0 315.0 287.0 289.0 355.0 255.0 Grasp 0
377.0 308.0 299.0 315.0 297.0 287.0 374.0 279.0 Grasp 0
374.0 290.0 304.0 325.0 291.0 300.0 361.0 265.0 Grasp 0
364.0 269.0 299.0 302.0 286.0 276.0 352.0 243.0 Grasp 0
370.0 357.0 295.0 319.0 308.0 294.0 383.0 331.0 Grasp 0
325.0 154.0 267.0 148.0 269.0 120.0 328.0 125.0 Grasp 0
381.0 336.0 303.0 344.0 300.0 315.0 379.0 308.0 Grasp 0
317.0 126.0 274.0 130.0 272.0 102.0 315.0 98.0 Grasp 0
382.0 321.0 322.0 351.0 309.0 326.0 369.0 296.0 Grasp 0
324.0 136.0 273.0 150.0 265.0 123.0 316.0 108.0 Grasp 0
330.0 170.0 279.0 185.0 272.0 157.0 323.0 143.0 Grasp 0
347.0 226.0 290.0 242.0 282.0 215.0 339.0 199.0 Grasp 0
325.0 121.0 269.0 149.0 256.0 123.0 313.0 95.0 Grasp 0
377.0 285.0 335.0 353.0 311.0 338.0 353.0 270.0 Grasp 0
352.0 255.0 298.0 270.0 290.0 243.0 345.0 228.0 Grasp 0
366.0 282.0 295.0 289.0 292.0 260.0 364.0 254.0 Grasp 0
355.0 238.0 294.0 268.0 281.0 242.0 342.0 212.0 Grasp 0
319.0 142.0 270.0 137.0 272.0 109.0 322.0 113.0 Grasp 0
331.0 163.0 264.0 157.0 267.0 129.0 334.0 135.0 Grasp 0
353.0 250.0 289.0 256.0 286.0 228.0 351.0 222.0 Grasp 0
