335.0 245.0 314.0 135.0 345.0 129.0 366.0 239.0 Grasp 0
467.0 261.0 439.0 281.0 421.0 257.0 449.0 237.0 Grasp 0
461.0 111.0 433.0 80.0 458.0 57.0 487.0 88.0 Grasp 0
383.0 198.0 353.0 148.0 380.0 131.0 411.0 181.0 Grasp 0
283.0 201.0 272.0 137.0 303.0 132.0 315.0 195.0 Grasp 0
394.0 476.0 367.0 490.0 353.0 462.0 380.0 449.0 Grasp 0
258.0 208.0 239.0 159.0 269.0 148.0 288.0 197.0 Grasp 0
402.0 181.0 375.0 137.0 403.0 120.0 430.0 164.0 Grasp 0
255.0 235.0 209.0 222.0 217.0 192.0 264.0 205.0 Grasp 0
345.0 141.0 332.0 209.0 300.0 203.0 313.0 135.0 Grasp 0
387.0 463.0 359.0 477.0 346.0 451.0 374.0 437.0 Grasp 0
441.0 419.0 413.0 349.0 442.0 338.0 469.0 408.0 Grasp 0
522.0 342.0 509.0 411.0 479.0 405.0 492.0 336.0 Grasp 0
338.0 125.0 326.0 189.0 295.0 183.0 307.0 119.0 Grasp 0
255.0 216.0 218.0 188.0 237.0 163.0 274.0 191.0 Grasp 0
375.0 404.0 363.0 343.0 393.0 338.0 404.0 398.0 Grasp 0
536.0 45.0 520.0 19.0 544.0 4.0 561.0 30.0 Grasp 0
418.0 416.0 392.0 347.0 420.0 336.0 446.0 405.0 Grasp 0
385.0 404.0 353.0 352.0 378.0 336.0 410.0 388.0 Grasp 0
272.0 198.0 250.0 142.0 280.0 130.0 302.0 187.0 Grasp 0
421.0 155.0 386.0 116.0 411.0 94.0 446.0 132.0 Grasp 0
284.0 226.0 259.0 163.0 290.0 152.0 314.0 214.0 Grasp 0
374.0 137.0 349.0 204.0 319.0 192.0 344.0 125.0 Grasp 0
428.0 405.0 401.0 336.0 429.0 325.0 456.0 394.0 Grasp 0
487.0 99.0 453.0 73.0 474.0 45.0 508.0 71.0 Grasp 0
566.0 369.0 519.0 421.0 496.0 401.0 543.0 349.0 Grasp 0
178.0 448.0 129.0 502.0 107.0 481.0 155.0 428.0 Grasp 0
559.0 342.0 532.0 411.0 504.0 400.0 531.0 331.0 Grasp 0
400.0 215.0 347.0 230.0 338.0 200.0 392.0 184.0 Grasp 0
380.0 457.0 354.0 469.0 341.0 443.0 366.0 430.0 Grasp 0
272.0 214.0 249.0 156.0 279.0 144.0 301.0 203.0 Grasp 0
268.0 217.0 228.0 187.0 247.0 161.0 287.0 192.0 Grasp 0
430.0 167.0 399.0 132.0 423.0 110.0 455.0 144.0 Grasp 0
381.0 474.0 353.0 488.0 340.0 461.0 368.0 447.0 Grasp 0
315.0 153.0 302.0 218.0 270.0 212.0 283.0 147.0 Grasp 0
474.0 117.0 433.0 105.0 442.0 72.0 484.0 83.0 Grasp 0
406.0 194.0 380.0 152.0 407.0 134.0 434.0 177.0 Grasp 0
433.0 144.0 394.0 115.0 415.0 88.0 454.0 117.0 Grasp 0
172.0 440.0 123.0 494.0 100.0 474.0 150.0 419.0 Grasp 0
251.0 227.0 209.0 206.0 223.0 178.0 265.0 199.0 Grasp 0
408.0 466.0 383.0 485.0 365.0 461.0 391.0 442.0 Grasp 0
444.0 157.0 408.0 129.0 428.0 102.0 464.0 129.0 Grasp 0
474.0 413.0 448.0 343.0 476.0 332.0 503.0 402.0 Grasp 0
448.0 142.0 409.0 113.0 430.0 85.0 469.0 114.0 Grasp 0
440.0 340.0 427.0 411.0 397.0 405.0 410.0 335.0 Grasp 0
417.0 328.0 417.0 400.0 386.0 400.0 386.0 328.0 Grasp 0
540.0 45.0 513.0 25.0 531.0 2.0 557.0 22.0 Grasp 0
321.0 138.0 321.0 204.0 289.0 204.0 289.0 138.0 Grasp 0
357.0 152.0 344.0 219.0 312.0 213.0 325.0 146.0 Grasp 0
432.0 139.0 409.0 102.0 437.0 85.0 460.0 122.0 Grasp 0
483.0 101.0 459.0 63.0 489.0 44.0 513.0 83.0 Grasp 0
515.0 79.0 487.0 48.0 513.0 24.0 542.0 55.0 Grasp 0
361.0 442.0 336.0 440.0 339.0 410.0 364.0 412.0 Grasp 0
480.0 345.0 440.0 408.0 414.0 392.0 454.0 329.0 Grasp 0
427.0 155.0 381.0 132.0 397.0 102.0 442.0 124.0 Grasp 0
445.0 424.0 380.0 352.0 402.0 331.0 468.0 403.0 Grasp 0
488.0 248.0 457.0 272.0 438.0 248.0 469.0 224.0 Grasp 0
262.0 225.0 220.0 204.0 234.0 176.0 276.0 197.0 Grasp 0
369.0 190.0 334.0 152.0 358.0 131.0 392.0 169.0 Grasp 0
479.0 241.0 452.0 271.0 429.0 250.0 456.0 220.0 Grasp 0
462.0 133.0 429.0 96.0 455.0 73.0 488.0 109.0 Grasp 0
395.0 187.0 360.0 150.0 384.0 127.0 419.0 165.0 Grasp 0
489.0 419.0 462.0 349.0 491.0 338.0 518.0 408.0 Grasp 0
359.0 432.0 339.0 430.0 342.0 400.0 362.0 402.0 Grasp 0
378.0 461.0 355.0 486.0 333.0 466.0 356.0 441.0 Grasp 0
558.0 361.0 532.0 427.0 504.0 416.0 529.0 350.0 Grasp 0
507.0 96.0 477.0 63.0 504.0 38.0 534.0 71.0 Grasp 0
492.0 281.0 466.0 294.0 453.0 268.0 479.0 255.0 Grasp 0
427.0 111.0 427.0 165.0 393.0 165.0 393.0 111.0 Grasp 0
468.0 239.0 443.0 266.0 421.0 246.0 446.0 218.0 Grasp 0
151.0 423.0 111.0 487.0 85.0 471.0 125.0 407.0 Grasp 0
551.0 488.0 527.0 481.0 536.0 452.0 559.0 458.0 Grasp 0
382.0 400.0 369.0 329.0 399.0 323.0 412.0 394.0 Grasp 0
415.0 166.0 382.0 130.0 408.0 107.0 440.0 143.0 Grasp 0
452.0 340.0 438.0 411.0 408.0 405.0 422.0 334.0 Grasp 0
497.0 98.0 449.0 93.0 453.0 58.0 500.0 62.0 Grasp 0
488.0 347.0 488.0 417.0 458.0 417.0 458.0 347.0 Grasp 0
398.0 201.0 372.0 159.0 399.0 143.0 425.0 185.0 Grasp 0
540.0 487.0 510.0 472.0 523.0 445.0 553.0 460.0 Grasp 0
544.0 479.0 522.0 473.0 530.0 444.0 553.0 451.0 Grasp 0
555.0 480.0 533.0 474.0 541.0 444.0 563.0 451.0 Grasp 0
485.0 276.0 458.0 289.0 445.0 263.0 471.0 250.0 Grasp 0
461.0 331.0 461.0 403.0 430.0 403.0 430.0 331.0 Grasp 0
501.0 350.0 501.0 423.0 471.0 423.0 471.0 350.0 Grasp 0
432.0 250.0 407.0 278.0 384.0 257.0 409.0 230.0 Grasp 0
286.0 174.0 286.0 220.0 256.0 220.0 256.0 174.0 Grasp 0
390.0 461.0 366.0 487.0 344.0 467.0 367.0 441.0 Grasp 0
185.0 446.0 147.0 507.0 121.0 491.0 159.0 430.0 Grasp 0
433.0 333.0 420.0 403.0 390.0 397.0 403.0 328.0 Grasp 0
401.0 408.0 362.0 346.0 387.0 330.0 426.0 392.0 Grasp 0
405.0 410.0 378.0 340.0 406.0 330.0 433.0 399.0 Grasp 0
372.0 447.0 346.0 455.0 337.0 426.0 364.0 418.0 Grasp 0
403.0 173.0 366.0 145.0 386.0 119.0 423.0 147.0 Grasp 0
416.0 483.0 390.0 495.0 377.0 468.0 402.0 455.0 Grasp 0
257.0 219.0 230.0 174.0 257.0 157.0 285.0 202.0 Grasp 0
550.0 374.0 502.0 427.0 480.0 407.0 528.0 354.0 Grasp 0
403.0 164.0 386.0 120.0 417.0 108.0 435.0 152.0 Grasp 0
476.0 104.0 441.0 78.0 462.0 49.0 497.0 76.0 Grasp 0
351.0 411.0 335.0 403.0 348.0 377.0 364.0 385.0 Grasp 0
490.0 84.0 459.0 49.0 487.0 24.0 518.0 58.0 Grasp 0
547.0 341.0 504.0 411.0 478.0 395.0 521.0 325.0 Grasp 0
449.0 128.0 410.0 99.0 431.0 71.0 470.0 100.0 Grasp 0
