505.0 281.0 460.0 209.0 486.0 192.0 531.0 265.0 Grasp 0
560.0 104.0 473.0 147.0 459.0 120.0 546.0 76.0 Grasp 0
559.0 84.0 457.0 113.0 449.0 83.0 550.0 54.0 Grasp 0
576.0 110.0 492.0 152.0 478.0 125.0 562.0 83.0 Grasp 0
403.0 295.0 383.0 401.0 351.0 395.0 371.0 289.0 Grasp 0
515.0 277.0 469.0 202.0 495.0 185.0 542.0 260.0 Grasp 0
250.0 106.0 235.0 28.0 268.0 22.0 282.0 99.0 Grasp 0
376.0 402.0 358.0 305.0 390.0 299.0 408.0 396.0 Grasp 0
278.0 59.0 249.0 133.0 221.0 123.0 250.0 48.0 Grasp 0
503.0 286.0 454.0 232.0 477.0 211.0 526.0 265.0 Grasp 0
269.0 406.0 219.0 368.0 241.0 339.0 291.0 376.0 Grasp 0
274.0 271.0 213.0 265.0 216.0 236.0 277.0 241.0 Grasp 0
280.0 254.0 220.0 249.0 222.0 219.0 283.0 225.0 Grasp 0
366.0 309.0 347.0 410.0 315.0 404.0 334.0 303.0 Grasp 0
280.0 38.0 242.0 57.0 227.0 27.0 265.0 8.0 Grasp 0
270.0 71.0 233.0 131.0 208.0 115.0 245.0 56.0 Grasp 0
571.0 155.0 489.0 178.0 481.0 149.0 563.0 126.0 Grasp 0
584.0 134.0 506.0 173.0 493.0 146.0 571.0 107.0 Grasp 0
489.0 284.0 443.0 233.0 466.0 212.0 512.0 263.0 Grasp 0
593.0 187.0 506.0 179.0 509.0 149.0 596.0 157.0 Grasp 0
495.0 377.0 470.0 312.0 504.0 299.0 529.0 364.0 Grasp 0
522.0 315.0 499.0 375.0 464.0 362.0 488.0 302.0 Grasp 0
363.0 401.0 324.0 301.0 354.0 289.0 393.0 389.0 Grasp 0
