404.0 233.0 380.0 171.0 410.0 160.0 434.0 222.0 Grasp 0
505.0 202.0 482.0 144.0 511.0 133.0 533.0 192.0 Grasp 0
272.0 124.0 201.0 103.0 209.0 75.0 280.0 95.0 Grasp 0
476.0 273.0 476.0 356.0 447.0 356.0 447.0 273.0 Grasp 0
472.0 219.0 434.0 157.0 460.0 140.0 499.0 202.0 Grasp 0
431.0 232.0 392.0 170.0 419.0 153.0 458.0 216.0 Grasp 0
541.0 200.0 474.0 150.0 492.0 126.0 558.0 176.0 Grasp 0
436.0 222.0 414.0 163.0 443.0 152.0 465.0 211.0 Grasp 0
536.0 274.0 536.0 350.0 507.0 350.0 507.0 274.0 Grasp 0
270.0 90.0 199.0 35.0 216.0 12.0 288.0 66.0 Grasp 0
273.0 139.0 200.0 119.0 208.0 91.0 281.0 111.0 Grasp 0
537.0 244.0 520.0 335.0 492.0 330.0 509.0 238.0 Grasp 0
384.0 235.0 363.0 181.0 393.0 169.0 414.0 223.0 Grasp 0
535.0 379.0 502.0 296.0 529.0 286.0 561.0 369.0 Grasp 0
509.0 383.0 493.0 294.0 521.0 289.0 538.0 378.0 Grasp 0
564.0 353.0 533.0 273.0 560.0 262.0 591.0 343.0 Grasp 0
511.0 274.0 511.0 352.0 482.0 352.0 482.0 274.0 Grasp 0
490.0 208.0 467.0 149.0 495.0 138.0 518.0 197.0 Grasp 0
275.0 26.0 214.0 73.0 196.0 49.0 258.0 3.0 Grasp 0
275.0 147.0 207.0 153.0 204.0 124.0 273.0 118.0 Grasp 0
563.0 273.0 547.0 357.0 519.0 352.0 534.0 268.0 Grasp 0
362.0 163.0 299.0 181.0 291.0 154.0 355.0 136.0 Grasp 0
277.0 114.0 208.0 95.0 216.0 67.0 285.0 86.0 Grasp 0
274.0 120.0 208.0 127.0 205.0 98.0 271.0 91.0 Grasp 0
489.0 217.0 450.0 153.0 476.0 137.0 516.0 200.0 Grasp 0
587.0 275.0 572.0 354.0 544.0 349.0 558.0 269.0 Grasp 0
419.0 163.0 406.0 237.0 374.0 231.0 388.0 157.0 Grasp 0
430.0 11.0 430.0 117.0 401.0 117.0 401.0 11.0 Grasp 0
271.0 100.0 201.0 80.0 209.0 52.0 279.0 72.0 Grasp 0
533.0 138.0 533.0 208.0 503.0 208.0 503.0 138.0 Grasp 0
526.0 199.0 490.0 141.0 515.0 125.0 551.0 183.0 Grasp 0
465.0 269.0 428.0 365.0 401.0 355.0 439.0 259.0 Grasp 0
279.0 124.0 206.0 145.0 198.0 117.0 271.0 96.0 Grasp 0
474.0 298.0 437.0 393.0 410.0 382.0 447.0 288.0 Grasp 0
538.0 354.0 522.0 273.0 551.0 267.0 566.0 349.0 Grasp 0
351.0 171.0 298.0 156.0 306.0 129.0 359.0 144.0 Grasp 0
447.0 220.0 424.0 160.0 453.0 149.0 476.0 209.0 Grasp 0
577.0 240.0 561.0 328.0 532.0 323.0 549.0 235.0 Grasp 0
277.0 184.0 205.0 190.0 202.0 161.0 274.0 155.0 Grasp 0
488.0 300.0 488.0 381.0 459.0 381.0 459.0 300.0 Grasp 0
536.0 272.0 519.0 360.0 491.0 354.0 508.0 267.0 Grasp 0
276.0 158.0 206.0 164.0 203.0 135.0 273.0 129.0 Grasp 0
273.0 110.0 207.0 116.0 205.0 87.0 270.0 81.0 Grasp 0
469.0 272.0 451.0 364.0 423.0 359.0 440.0 266.0 Grasp 0
493.0 273.0 493.0 355.0 464.0 355.0 464.0 273.0 Grasp 0
526.0 287.0 509.0 376.0 481.0 371.0 497.0 282.0 Grasp 0
526.0 248.0 489.0 343.0 462.0 333.0 499.0 237.0 Grasp 0
556.0 380.0 523.0 295.0 550.0 285.0 583.0 370.0 Grasp 0
270.0 92.0 199.0 56.0 212.0 30.0 283.0 66.0 Grasp 0
