301.0 111.0 239.0 179.0 217.0 159.0 279.0 91.0 Grasp 0
416.0 281.0 416.0 361.0 387.0 361.0 387.0 281.0 Grasp 0
304.0 54.0 229.0 61.0 226.0 30.0 301.0 23.0 Grasp 0
282.0 91.0 227.0 75.0 235.0 46.0 291.0 62.0 Grasp 0
540.0 188.0 447.0 234.0 434.0 207.0 527.0 161.0 Grasp 0
292.0 60.0 235.0 43.0 243.0 14.0 301.0 31.0 Grasp 0
298.0 86.0 209.0 112.0 201.0 82.0 289.0 57.0 Grasp 0
298.0 75.0 222.0 82.0 219.0 52.0 295.0 45.0 Grasp 0
297.0 47.0 239.0 30.0 247.0 1.0 305.0 18.0 Grasp 0
294.0 70.0 227.0 64.0 230.0 34.0 296.0 40.0 Grasp 0
300.0 94.0 207.0 165.0 188.0 140.0 281.0 70.0 Grasp 0
296.0 107.0 211.0 131.0 203.0 102.0 288.0 78.0 Grasp 0
425.0 282.0 388.0 376.0 361.0 365.0 397.0 271.0 Grasp 0
534.0 217.0 441.0 226.0 439.0 196.0 531.0 187.0 Grasp 0
531.0 199.0 439.0 208.0 436.0 178.0 529.0 169.0 Grasp 0
331.0 277.0 331.0 365.0 301.0 365.0 301.0 277.0 Grasp 0
336.0 376.0 298.0 277.0 325.0 266.0 364.0 365.0 Grasp 0
293.0 260.0 210.0 237.0 218.0 209.0 301.0 233.0 Grasp 0
319.0 277.0 301.0 370.0 273.0 365.0 290.0 272.0 Grasp 0
287.0 102.0 224.0 96.0 226.0 66.0 290.0 72.0 Grasp 0
290.0 106.0 215.0 113.0 212.0 82.0 288.0 75.0 Grasp 0
