396.0 346.0 382.0 271.0 411.0 265.0 425.0 341.0 Grasp 0
539.0 95.0 527.0 30.0 556.0 24.0 569.0 89.0 Grasp 0
554.0 95.0 518.0 38.0 544.0 22.0 579.0 79.0 Grasp 0
445.0 66.0 397.0 143.0 372.0 128.0 420.0 51.0 Grasp 0
444.0 241.0 350.0 194.0 363.0 168.0 458.0 215.0 Grasp 0
457.0 155.0 457.0 218.0 427.0 218.0 427.0 155.0 Grasp 0
544.0 208.0 521.0 147.0 549.0 136.0 572.0 198.0 Grasp 0
490.0 215.0 478.0 150.0 507.0 145.0 519.0 210.0 Grasp 0
537.0 101.0 512.0 34.0 540.0 24.0 565.0 90.0 Grasp 0
578.0 324.0 506.0 288.0 519.0 262.0 592.0 298.0 Grasp 0
365.0 362.0 346.0 262.0 375.0 256.0 394.0 356.0 Grasp 0
580.0 303.0 513.0 297.0 516.0 267.0 583.0 273.0 Grasp 0
504.0 111.0 479.0 47.0 507.0 36.0 532.0 100.0 Grasp 0
480.0 46.0 465.0 128.0 436.0 123.0 451.0 40.0 Grasp 0
497.0 43.0 482.0 122.0 453.0 117.0 468.0 37.0 Grasp 0
476.0 293.0 466.0 343.0 438.0 338.0 447.0 288.0 Grasp 0
573.0 324.0 505.0 305.0 514.0 277.0 581.0 296.0 Grasp 0
251.0 352.0 236.0 270.0 265.0 265.0 280.0 347.0 Grasp 0
297.0 201.0 252.0 251.0 231.0 231.0 276.0 182.0 Grasp 0
477.0 215.0 466.0 153.0 495.0 148.0 506.0 210.0 Grasp 0
404.0 266.0 404.0 357.0 375.0 357.0 375.0 266.0 Grasp 0
454.0 290.0 444.0 347.0 415.0 341.0 426.0 285.0 Grasp 0
546.0 138.0 513.0 224.0 485.0 214.0 518.0 127.0 Grasp 0
422.0 277.0 407.0 358.0 378.0 352.0 393.0 272.0 Grasp 0
437.0 290.0 383.0 376.0 359.0 361.0 412.0 275.0 Grasp 0
463.0 294.0 455.0 341.0 426.0 335.0 435.0 289.0 Grasp 0
416.0 347.0 382.0 261.0 410.0 250.0 443.0 337.0 Grasp 0
362.0 259.0 343.0 362.0 314.0 356.0 333.0 254.0 Grasp 0
363.0 109.0 327.0 167.0 303.0 152.0 339.0 94.0 Grasp 0
581.0 329.0 492.0 354.0 484.0 326.0 573.0 301.0 Grasp 0
315.0 264.0 298.0 353.0 270.0 348.0 286.0 259.0 Grasp 0
419.0 223.0 388.0 173.0 413.0 158.0 444.0 208.0 Grasp 0
392.0 265.0 373.0 362.0 345.0 357.0 363.0 259.0 Grasp 0
579.0 313.0 509.0 278.0 522.0 252.0 592.0 287.0 Grasp 0
430.0 131.0 409.0 75.0 436.0 65.0 458.0 120.0 Grasp 0
425.0 342.0 413.0 281.0 442.0 276.0 454.0 337.0 Grasp 0
448.0 167.0 423.0 231.0 396.0 220.0 421.0 156.0 Grasp 0
493.0 112.0 470.0 52.0 497.0 41.0 521.0 102.0 Grasp 0
324.0 262.0 324.0 353.0 295.0 353.0 295.0 262.0 Grasp 0
298.0 266.0 282.0 350.0 254.0 344.0 270.0 260.0 Grasp 0
352.0 259.0 333.0 360.0 304.0 355.0 323.0 254.0 Grasp 0
286.0 361.0 268.0 264.0 297.0 259.0 315.0 355.0 Grasp 0
453.0 68.0 425.0 139.0 398.0 128.0 425.0 57.0 Grasp 0
399.0 226.0 379.0 174.0 406.0 164.0 426.0 215.0 Grasp 0
457.0 235.0 383.0 179.0 401.0 156.0 474.0 212.0 Grasp 0
568.0 363.0 491.0 304.0 508.0 281.0 586.0 340.0 Grasp 0
367.0 261.0 367.0 359.0 337.0 359.0 337.0 261.0 Grasp 0
445.0 227.0 421.0 166.0 449.0 155.0 472.0 216.0 Grasp 0
482.0 297.0 448.0 352.0 423.0 337.0 457.0 282.0 Grasp 0
541.0 222.0 477.0 152.0 499.0 132.0 563.0 202.0 Grasp 0
517.0 107.0 492.0 42.0 520.0 31.0 545.0 97.0 Grasp 0
516.0 211.0 504.0 146.0 534.0 141.0 546.0 205.0 Grasp 0
272.0 360.0 255.0 266.0 283.0 260.0 301.0 354.0 Grasp 0
446.0 346.0 423.0 287.0 450.0 277.0 473.0 336.0 Grasp 0
555.0 108.0 476.0 48.0 494.0 25.0 573.0 84.0 Grasp 0
528.0 105.0 502.0 38.0 530.0 27.0 556.0 94.0 Grasp 0
313.0 369.0 272.0 264.0 299.0 254.0 340.0 359.0 Grasp 0
551.0 24.0 514.0 120.0 486.0 109.0 523.0 13.0 Grasp 0
445.0 65.0 445.0 134.0 416.0 134.0 416.0 65.0 Grasp 0
410.0 352.0 353.0 259.0 377.0 244.0 435.0 336.0 Grasp 0
403.0 136.0 383.0 86.0 411.0 75.0 430.0 126.0 Grasp 0
482.0 148.0 469.0 220.0 440.0 215.0 453.0 142.0 Grasp 0
557.0 211.0 502.0 150.0 524.0 130.0 580.0 190.0 Grasp 0
505.0 121.0 452.0 62.0 474.0 42.0 527.0 101.0 Grasp 0
461.0 156.0 430.0 235.0 403.0 224.0 433.0 146.0 Grasp 0
292.0 266.0 259.0 349.0 232.0 339.0 265.0 255.0 Grasp 0
483.0 299.0 475.0 338.0 447.0 332.0 454.0 293.0 Grasp 0
458.0 226.0 434.0 164.0 461.0 154.0 485.0 216.0 Grasp 0
372.0 105.0 352.0 156.0 325.0 146.0 345.0 95.0 Grasp 0
323.0 365.0 304.0 261.0 333.0 256.0 352.0 360.0 Grasp 0
