175.0 250.0 101.0 228.0 109.0 201.0 183.0 222.0 Grasp 0
595.0 304.0 577.0 352.0 550.0 341.0 568.0 294.0 Grasp 0
573.0 289.0 555.0 335.0 528.0 325.0 546.0 278.0 Grasp 0
214.0 327.0 203.0 269.0 232.0 263.0 243.0 322.0 Grasp 0
610.0 323.0 588.0 359.0 563.0 344.0 586.0 307.0 Grasp 0
184.0 263.0 113.0 298.0 100.0 272.0 171.0 237.0 Grasp 0
439.0 371.0 425.0 295.0 454.0 289.0 468.0 365.0 Grasp 0
586.0 298.0 567.0 345.0 540.0 334.0 558.0 287.0 Grasp 0
179.0 254.0 108.0 261.0 105.0 232.0 176.0 226.0 Grasp 0
178.0 264.0 107.0 271.0 104.0 242.0 175.0 236.0 Grasp 0
607.0 122.0 574.0 158.0 551.0 137.0 584.0 101.0 Grasp 0
176.0 244.0 97.0 204.0 110.0 179.0 189.0 218.0 Grasp 0
464.0 383.0 410.0 296.0 436.0 280.0 490.0 367.0 Grasp 0
414.0 292.0 414.0 361.0 384.0 361.0 384.0 292.0 Grasp 0
459.0 297.0 446.0 367.0 417.0 361.0 430.0 291.0 Grasp 0
252.0 24.0 196.0 85.0 175.0 66.0 231.0 5.0 Grasp 0
620.0 331.0 599.0 365.0 575.0 350.0 596.0 315.0 Grasp 0
557.0 72.0 545.0 104.0 515.0 93.0 528.0 61.0 Grasp 0
362.0 270.0 293.0 250.0 302.0 220.0 371.0 240.0 Grasp 0
423.0 375.0 392.0 294.0 420.0 283.0 451.0 364.0 Grasp 0
413.0 373.0 382.0 293.0 410.0 282.0 441.0 363.0 Grasp 0
582.0 83.0 572.0 136.0 542.0 130.0 552.0 77.0 Grasp 0
364.0 265.0 283.0 224.0 296.0 197.0 378.0 237.0 Grasp 0
598.0 186.0 572.0 184.0 574.0 153.0 601.0 156.0 Grasp 0
607.0 156.0 579.0 164.0 570.0 134.0 599.0 126.0 Grasp 0
571.0 78.0 563.0 122.0 533.0 116.0 541.0 73.0 Grasp 0
583.0 98.0 568.0 123.0 542.0 106.0 557.0 82.0 Grasp 0
601.0 123.0 576.0 141.0 558.0 117.0 583.0 98.0 Grasp 0
557.0 238.0 533.0 210.0 556.0 189.0 581.0 216.0 Grasp 0
438.0 295.0 425.0 365.0 396.0 359.0 409.0 290.0 Grasp 0
595.0 110.0 573.0 125.0 554.0 100.0 575.0 84.0 Grasp 0
588.0 217.0 544.0 204.0 552.0 175.0 596.0 187.0 Grasp 0
602.0 140.0 576.0 153.0 562.0 126.0 588.0 113.0 Grasp 0
174.0 262.0 101.0 241.0 109.0 213.0 182.0 234.0 Grasp 0
588.0 110.0 522.0 61.0 539.0 38.0 605.0 88.0 Grasp 0
429.0 370.0 415.0 294.0 444.0 288.0 458.0 364.0 Grasp 0
516.0 253.0 486.0 205.0 513.0 189.0 542.0 236.0 Grasp 0
