468.0 149.0 458.0 206.0 430.0 201.0 441.0 144.0 Grasp 0
535.0 153.0 508.0 223.0 481.0 212.0 508.0 143.0 Grasp 0
448.0 144.0 409.0 207.0 385.0 192.0 424.0 129.0 Grasp 0
271.0 335.0 230.0 339.0 227.0 311.0 269.0 307.0 Grasp 0
450.0 144.0 440.0 201.0 412.0 195.0 422.0 139.0 Grasp 0
562.0 156.0 549.0 228.0 520.0 222.0 534.0 151.0 Grasp 0
405.0 289.0 368.0 317.0 351.0 295.0 388.0 267.0 Grasp 0
274.0 258.0 204.0 223.0 217.0 197.0 287.0 232.0 Grasp 0
275.0 265.0 215.0 259.0 218.0 231.0 278.0 237.0 Grasp 0
275.0 284.0 209.0 265.0 217.0 238.0 283.0 257.0 Grasp 0
423.0 318.0 387.0 346.0 370.0 323.0 406.0 296.0 Grasp 0
583.0 161.0 554.0 235.0 528.0 224.0 556.0 151.0 Grasp 0
499.0 156.0 489.0 211.0 461.0 206.0 471.0 150.0 Grasp 0
412.0 61.0 342.0 67.0 339.0 28.0 409.0 22.0 Grasp 0
273.0 302.0 214.0 296.0 216.0 268.0 276.0 274.0 Grasp 0
594.0 174.0 538.0 234.0 517.0 215.0 573.0 154.0 Grasp 0
427.0 337.0 401.0 357.0 384.0 335.0 410.0 315.0 Grasp 0
549.0 157.0 536.0 224.0 508.0 219.0 520.0 151.0 Grasp 0
287.0 91.0 222.0 140.0 204.0 117.0 269.0 68.0 Grasp 0
427.0 328.0 393.0 353.0 376.0 331.0 410.0 305.0 Grasp 0
482.0 153.0 472.0 207.0 444.0 201.0 454.0 147.0 Grasp 0
274.0 278.0 218.0 283.0 215.0 255.0 272.0 250.0 Grasp 0
274.0 271.0 204.0 236.0 217.0 211.0 287.0 245.0 Grasp 0
379.0 254.0 328.0 268.0 320.0 241.0 371.0 226.0 Grasp 0
414.0 306.0 378.0 333.0 361.0 310.0 397.0 283.0 Grasp 0
277.0 309.0 225.0 324.0 218.0 297.0 270.0 282.0 Grasp 0
525.0 152.0 498.0 221.0 472.0 210.0 498.0 142.0 Grasp 0
548.0 153.0 520.0 225.0 493.0 215.0 521.0 143.0 Grasp 0
273.0 321.0 208.0 303.0 216.0 275.0 280.0 294.0 Grasp 0
386.0 265.0 336.0 280.0 328.0 252.0 378.0 238.0 Grasp 0
468.0 148.0 430.0 209.0 406.0 194.0 444.0 133.0 Grasp 0
397.0 282.0 355.0 303.0 342.0 277.0 384.0 256.0 Grasp 0
545.0 224.0 532.0 157.0 560.0 152.0 573.0 218.0 Grasp 0
504.0 149.0 504.0 217.0 476.0 217.0 476.0 149.0 Grasp 0
458.0 146.0 420.0 207.0 396.0 192.0 434.0 131.0 Grasp 0
274.0 297.0 209.0 278.0 217.0 251.0 282.0 269.0 Grasp 0
517.0 150.0 517.0 221.0 488.0 221.0 488.0 150.0 Grasp 0
275.0 254.0 215.0 249.0 217.0 221.0 278.0 226.0 Grasp 0
274.0 247.0 204.0 212.0 217.0 187.0 287.0 222.0 Grasp 0
542.0 228.0 514.0 155.0 541.0 145.0 569.0 218.0 Grasp 0
391.0 272.0 349.0 293.0 336.0 267.0 378.0 246.0 Grasp 0
273.0 324.0 225.0 329.0 223.0 301.0 270.0 296.0 Grasp 0
374.0 245.0 322.0 260.0 314.0 232.0 366.0 217.0 Grasp 0
378.0 248.0 341.0 276.0 324.0 253.0 361.0 225.0 Grasp 0
283.0 296.0 220.0 313.0 212.0 286.0 275.0 268.0 Grasp 0
274.0 241.0 196.0 183.0 213.0 160.0 291.0 218.0 Grasp 0
438.0 146.0 428.0 199.0 400.0 194.0 410.0 140.0 Grasp 0
379.0 86.0 342.0 27.0 376.0 6.0 412.0 66.0 Grasp 0
