343.0 290.0 312.0 210.0 340.0 199.0 371.0 279.0 Grasp 0
363.0 254.0 350.0 188.0 379.0 182.0 392.0 248.0 Grasp 0
288.0 200.0 220.0 234.0 207.0 208.0 275.0 174.0 Grasp 0
473.0 314.0 404.0 279.0 418.0 252.0 487.0 286.0 Grasp 0
294.0 206.0 226.0 257.0 209.0 234.0 276.0 183.0 Grasp 0
502.0 40.0 462.0 143.0 434.0 132.0 474.0 29.0 Grasp 0
429.0 236.0 368.0 205.0 381.0 179.0 442.0 209.0 Grasp 0
280.0 171.0 220.0 217.0 202.0 193.0 262.0 148.0 Grasp 0
295.0 178.0 233.0 278.0 208.0 263.0 270.0 163.0 Grasp 0
476.0 252.0 422.0 311.0 400.0 291.0 454.0 231.0 Grasp 0
446.0 14.0 406.0 118.0 378.0 107.0 419.0 4.0 Grasp 0
397.0 172.0 397.0 249.0 368.0 249.0 368.0 172.0 Grasp 0
489.0 271.0 426.0 318.0 408.0 294.0 470.0 246.0 Grasp 0
421.0 178.0 394.0 248.0 367.0 237.0 394.0 167.0 Grasp 0
373.0 221.0 341.0 302.0 313.0 291.0 344.0 210.0 Grasp 0
345.0 204.0 328.0 294.0 298.0 289.0 315.0 198.0 Grasp 0
568.0 73.0 533.0 162.0 505.0 151.0 540.0 62.0 Grasp 0
511.0 39.0 491.0 151.0 461.0 145.0 482.0 33.0 Grasp 0
558.0 69.0 523.0 159.0 496.0 148.0 531.0 58.0 Grasp 0
485.0 276.0 410.0 297.0 402.0 268.0 477.0 247.0 Grasp 0
474.0 27.0 434.0 131.0 406.0 120.0 446.0 16.0 Grasp 0
354.0 214.0 337.0 301.0 307.0 296.0 324.0 208.0 Grasp 0
486.0 296.0 407.0 289.0 410.0 259.0 489.0 266.0 Grasp 0
534.0 50.0 514.0 156.0 484.0 150.0 504.0 44.0 Grasp 0
364.0 282.0 336.0 209.0 363.0 198.0 392.0 271.0 Grasp 0
279.0 187.0 213.0 206.0 205.0 178.0 271.0 159.0 Grasp 0
431.0 239.0 357.0 218.0 365.0 190.0 439.0 211.0 Grasp 0
285.0 189.0 216.0 223.0 203.0 196.0 272.0 162.0 Grasp 0
301.0 200.0 239.0 299.0 214.0 284.0 276.0 184.0 Grasp 0
526.0 157.0 526.0 60.0 556.0 60.0 556.0 157.0 Grasp 0
463.0 27.0 405.0 120.0 380.0 105.0 438.0 11.0 Grasp 0
496.0 40.0 436.0 136.0 410.0 121.0 470.0 24.0 Grasp 0
275.0 170.0 215.0 200.0 202.0 174.0 262.0 144.0 Grasp 0
490.0 287.0 413.0 309.0 404.0 280.0 481.0 258.0 Grasp 0
295.0 300.0 207.0 233.0 225.0 210.0 313.0 276.0 Grasp 0
