278.0 251.0 253.0 291.0 229.0 276.0 254.0 236.0 Grasp 0
312.0 268.0 299.0 300.0 273.0 290.0 285.0 257.0 Grasp 0
342.0 276.0 317.0 317.0 292.0 302.0 318.0 261.0 Grasp 0
250.0 246.0 239.0 274.0 212.0 264.0 223.0 235.0 Grasp 0
351.0 279.0 325.0 320.0 301.0 305.0 326.0 264.0 Grasp 0
369.0 286.0 343.0 327.0 319.0 312.0 345.0 271.0 Grasp 0
324.0 269.0 299.0 310.0 274.0 295.0 300.0 254.0 Grasp 0
381.0 292.0 356.0 332.0 332.0 317.0 357.0 277.0 Grasp 0
385.0 297.0 373.0 328.0 346.0 318.0 358.0 287.0 Grasp 0
412.0 307.0 399.0 339.0 373.0 328.0 385.0 297.0 Grasp 0
298.0 259.0 272.0 300.0 248.0 285.0 273.0 244.0 Grasp 0
270.0 247.0 245.0 288.0 221.0 273.0 246.0 232.0 Grasp 0
260.0 244.0 236.0 283.0 211.0 268.0 236.0 229.0 Grasp 0
411.0 303.0 386.0 343.0 361.0 328.0 387.0 288.0 Grasp 0
289.0 255.0 264.0 296.0 240.0 281.0 265.0 240.0 Grasp 0
327.0 274.0 314.0 306.0 288.0 295.0 300.0 264.0 Grasp 0
247.0 239.0 223.0 278.0 199.0 263.0 223.0 224.0 Grasp 0
396.0 297.0 370.0 337.0 346.0 322.0 371.0 282.0 Grasp 0
237.0 240.0 218.0 271.0 194.0 256.0 213.0 225.0 Grasp 0
421.0 312.0 409.0 342.0 383.0 332.0 395.0 301.0 Grasp 0
235.0 230.0 235.0 273.0 206.0 273.0 206.0 230.0 Grasp 0
352.0 284.0 340.0 316.0 313.0 305.0 325.0 274.0 Grasp 0
309.0 263.0 283.0 304.0 259.0 289.0 284.0 248.0 Grasp 0
