593.0 34.0 531.0 65.0 518.0 38.0 580.0 7.0 Grasp 0
600.0 51.0 538.0 82.0 525.0 56.0 587.0 25.0 Grasp 0
352.0 285.0 309.0 354.0 284.0 338.0 327.0 269.0 Grasp 0
558.0 178.0 527.0 227.0 501.0 211.0 532.0 162.0 Grasp 0
374.0 218.0 324.0 137.0 350.0 122.0 399.0 202.0 Grasp 0
270.0 83.0 192.0 122.0 179.0 96.0 257.0 57.0 Grasp 0
273.0 103.0 192.0 164.0 174.0 141.0 255.0 80.0 Grasp 0
614.0 92.0 547.0 111.0 539.0 82.0 606.0 63.0 Grasp 0
556.0 149.0 541.0 226.0 511.0 221.0 525.0 143.0 Grasp 0
271.0 93.0 192.0 132.0 179.0 106.0 258.0 67.0 Grasp 0
498.0 231.0 481.0 139.0 510.0 134.0 527.0 226.0 Grasp 0
365.0 291.0 339.0 359.0 311.0 348.0 337.0 280.0 Grasp 0
614.0 70.0 555.0 115.0 537.0 91.0 596.0 46.0 Grasp 0
258.0 52.0 199.0 46.0 202.0 18.0 261.0 23.0 Grasp 0
255.0 80.0 199.0 75.0 202.0 47.0 257.0 52.0 Grasp 0
338.0 277.0 294.0 347.0 269.0 332.0 313.0 261.0 Grasp 0
491.0 147.0 437.0 207.0 415.0 187.0 469.0 128.0 Grasp 0
275.0 91.0 191.0 154.0 174.0 131.0 258.0 67.0 Grasp 0
265.0 82.0 192.0 103.0 184.0 75.0 257.0 54.0 Grasp 0
478.0 346.0 437.0 315.0 454.0 292.0 496.0 323.0 Grasp 0
263.0 36.0 203.0 41.0 201.0 13.0 260.0 7.0 Grasp 0
539.0 148.0 525.0 223.0 495.0 217.0 509.0 142.0 Grasp 0
261.0 107.0 191.0 113.0 188.0 84.0 258.0 78.0 Grasp 0
260.0 60.0 196.0 66.0 193.0 37.0 258.0 31.0 Grasp 0
524.0 342.0 447.0 304.0 460.0 278.0 537.0 316.0 Grasp 0
265.0 69.0 194.0 89.0 186.0 61.0 257.0 41.0 Grasp 0
600.0 46.0 507.0 37.0 510.0 7.0 602.0 16.0 Grasp 0
449.0 61.0 390.0 56.0 393.0 27.0 452.0 32.0 Grasp 0
356.0 287.0 329.0 355.0 302.0 344.0 328.0 276.0 Grasp 0
466.0 106.0 382.0 64.0 395.0 37.0 479.0 79.0 Grasp 0
459.0 82.0 384.0 60.0 392.0 32.0 467.0 54.0 Grasp 0
604.0 61.0 542.0 92.0 529.0 65.0 591.0 34.0 Grasp 0
292.0 288.0 197.0 216.0 216.0 191.0 311.0 263.0 Grasp 0
336.0 235.0 303.0 151.0 331.0 140.0 364.0 224.0 Grasp 0
610.0 76.0 540.0 96.0 532.0 68.0 602.0 48.0 Grasp 0
492.0 347.0 440.0 307.0 458.0 284.0 510.0 323.0 Grasp 0
562.0 296.0 547.0 216.0 575.0 211.0 590.0 291.0 Grasp 0
363.0 280.0 363.0 365.0 333.0 365.0 333.0 280.0 Grasp 0
384.0 303.0 343.0 369.0 317.0 353.0 358.0 287.0 Grasp 0
311.0 237.0 293.0 142.0 323.0 137.0 341.0 231.0 Grasp 0
585.0 215.0 541.0 328.0 514.0 318.0 558.0 204.0 Grasp 0
