396.0 111.0 323.0 90.0 331.0 63.0 404.0 84.0 Grasp 0
276.0 351.0 262.0 315.0 289.0 305.0 303.0 340.0 Grasp 0
368.0 393.0 317.0 311.0 342.0 296.0 393.0 378.0 Grasp 0
228.0 224.0 197.0 173.0 221.0 158.0 253.0 208.0 Grasp 0
247.0 212.0 232.0 132.0 261.0 127.0 276.0 207.0 Grasp 0
336.0 368.0 302.0 280.0 329.0 269.0 363.0 357.0 Grasp 0
244.0 213.0 219.0 147.0 246.0 137.0 271.0 203.0 Grasp 0
263.0 360.0 246.0 318.0 273.0 307.0 289.0 349.0 Grasp 0
454.0 74.0 395.0 57.0 403.0 30.0 461.0 46.0 Grasp 0
284.0 349.0 276.0 306.0 304.0 301.0 312.0 343.0 Grasp 0
260.0 203.0 246.0 123.0 274.0 118.0 289.0 197.0 Grasp 0
258.0 316.0 250.0 359.0 221.0 354.0 229.0 310.0 Grasp 0
277.0 305.0 267.0 359.0 239.0 354.0 249.0 300.0 Grasp 0
475.0 56.0 432.0 35.0 445.0 9.0 488.0 31.0 Grasp 0
394.0 117.0 290.0 107.0 293.0 79.0 396.0 88.0 Grasp 0
315.0 95.0 295.0 205.0 267.0 199.0 287.0 90.0 Grasp 0
396.0 108.0 349.0 84.0 362.0 59.0 409.0 82.0 Grasp 0
467.0 64.0 412.0 48.0 420.0 21.0 475.0 37.0 Grasp 0
222.0 221.0 210.0 158.0 238.0 153.0 250.0 216.0 Grasp 0
445.0 343.0 327.0 310.0 335.0 282.0 453.0 315.0 Grasp 0
257.0 365.0 230.0 322.0 255.0 307.0 281.0 350.0 Grasp 0
461.0 56.0 436.0 29.0 457.0 10.0 481.0 37.0 Grasp 0
420.0 253.0 420.0 352.0 390.0 352.0 390.0 253.0 Grasp 0
314.0 370.0 288.0 303.0 315.0 292.0 342.0 360.0 Grasp 0
270.0 196.0 255.0 117.0 284.0 111.0 298.0 191.0 Grasp 0
241.0 216.0 207.0 162.0 232.0 147.0 266.0 201.0 Grasp 0
336.0 385.0 303.0 298.0 331.0 288.0 364.0 374.0 Grasp 0
419.0 214.0 360.0 119.0 385.0 104.0 444.0 199.0 Grasp 0
338.0 380.0 274.0 309.0 296.0 290.0 360.0 360.0 Grasp 0
378.0 366.0 303.0 282.0 324.0 263.0 400.0 346.0 Grasp 0
428.0 88.0 373.0 72.0 381.0 45.0 436.0 60.0 Grasp 0
237.0 357.0 226.0 327.0 253.0 317.0 264.0 346.0 Grasp 0
358.0 367.0 293.0 296.0 315.0 276.0 379.0 347.0 Grasp 0
435.0 81.0 391.0 59.0 403.0 33.0 448.0 56.0 Grasp 0
259.0 204.0 225.0 149.0 250.0 134.0 284.0 189.0 Grasp 0
410.0 96.0 368.0 76.0 381.0 50.0 423.0 71.0 Grasp 0
