297.0 189.0 242.0 249.0 215.0 224.0 270.0 164.0 Grasp 0
383.0 126.0 294.0 101.0 302.0 70.0 392.0 96.0 Grasp 0
365.0 338.0 300.0 371.0 286.0 344.0 351.0 312.0 Grasp 0
471.0 249.0 459.0 186.0 487.0 181.0 499.0 244.0 Grasp 0
382.0 94.0 270.0 83.0 273.0 52.0 384.0 62.0 Grasp 0
496.0 252.0 441.0 163.0 465.0 148.0 521.0 237.0 Grasp 0
326.0 327.0 226.0 299.0 236.0 267.0 335.0 295.0 Grasp 0
510.0 178.0 510.0 254.0 481.0 254.0 481.0 178.0 Grasp 0
348.0 316.0 284.0 348.0 270.0 320.0 334.0 288.0 Grasp 0
318.0 231.0 257.0 261.0 241.0 229.0 302.0 199.0 Grasp 0
514.0 250.0 488.0 183.0 514.0 173.0 540.0 240.0 Grasp 0
382.0 103.0 300.0 95.0 303.0 64.0 384.0 71.0 Grasp 0
521.0 241.0 509.0 177.0 537.0 172.0 549.0 235.0 Grasp 0
572.0 216.0 535.0 256.0 514.0 237.0 551.0 197.0 Grasp 0
353.0 315.0 303.0 371.0 280.0 350.0 331.0 295.0 Grasp 0
485.0 182.0 485.0 264.0 457.0 264.0 457.0 182.0 Grasp 0
503.0 250.0 476.0 181.0 503.0 171.0 530.0 240.0 Grasp 0
577.0 220.0 557.0 252.0 533.0 237.0 553.0 205.0 Grasp 0
363.0 347.0 286.0 354.0 284.0 324.0 361.0 317.0 Grasp 0
494.0 248.0 465.0 175.0 492.0 165.0 520.0 238.0 Grasp 0
289.0 271.0 218.0 157.0 251.0 137.0 322.0 251.0 Grasp 0
552.0 198.0 522.0 175.0 539.0 152.0 569.0 175.0 Grasp 0
531.0 239.0 520.0 175.0 547.0 170.0 559.0 233.0 Grasp 0
287.0 187.0 234.0 192.0 231.0 153.0 284.0 149.0 Grasp 0
569.0 167.0 569.0 236.0 540.0 236.0 540.0 167.0 Grasp 0
381.0 114.0 257.0 79.0 265.0 49.0 390.0 84.0 Grasp 0
474.0 177.0 474.0 274.0 446.0 274.0 446.0 177.0 Grasp 0
