371.0 108.0 325.0 85.0 339.0 58.0 384.0 81.0 Grasp 0
261.0 453.0 208.0 458.0 205.0 425.0 258.0 420.0 Grasp 0
81.0 295.0 28.0 290.0 31.0 261.0 83.0 266.0 Grasp 0
488.0 55.0 460.0 128.0 434.0 118.0 462.0 45.0 Grasp 0
440.0 34.0 425.0 115.0 397.0 110.0 412.0 29.0 Grasp 0
96.0 211.0 42.0 206.0 44.0 177.0 99.0 183.0 Grasp 0
427.0 295.0 413.0 370.0 384.0 365.0 398.0 290.0 Grasp 0
85.0 281.0 29.0 276.0 31.0 247.0 88.0 252.0 Grasp 0
418.0 27.0 405.0 99.0 377.0 94.0 390.0 22.0 Grasp 0
356.0 143.0 314.0 75.0 340.0 59.0 382.0 127.0 Grasp 0
480.0 50.0 437.0 119.0 413.0 104.0 456.0 35.0 Grasp 0
276.0 376.0 235.0 356.0 249.0 328.0 290.0 348.0 Grasp 0
504.0 60.0 474.0 137.0 448.0 127.0 477.0 50.0 Grasp 0
88.0 225.0 33.0 210.0 41.0 182.0 96.0 198.0 Grasp 0
449.0 366.0 423.0 299.0 451.0 289.0 476.0 355.0 Grasp 0
268.0 404.0 226.0 384.0 240.0 356.0 281.0 377.0 Grasp 0
91.0 233.0 34.0 228.0 36.0 199.0 93.0 204.0 Grasp 0
461.0 46.0 435.0 113.0 409.0 102.0 434.0 35.0 Grasp 0
270.0 393.0 228.0 372.0 241.0 345.0 283.0 366.0 Grasp 0
101.0 175.0 46.0 170.0 49.0 141.0 104.0 146.0 Grasp 0
414.0 296.0 362.0 380.0 337.0 364.0 388.0 281.0 Grasp 0
431.0 364.0 418.0 293.0 447.0 287.0 460.0 359.0 Grasp 0
434.0 313.0 421.0 384.0 392.0 379.0 405.0 307.0 Grasp 0
436.0 343.0 423.0 276.0 452.0 270.0 465.0 338.0 Grasp 0
323.0 299.0 250.0 335.0 236.0 308.0 310.0 271.0 Grasp 0
94.0 253.0 25.0 273.0 17.0 245.0 86.0 226.0 Grasp 0
88.0 249.0 32.0 244.0 35.0 215.0 91.0 220.0 Grasp 0
85.0 265.0 28.0 260.0 30.0 231.0 88.0 236.0 Grasp 0
374.0 89.0 337.0 78.0 345.0 50.0 383.0 60.0 Grasp 0
109.0 164.0 47.0 194.0 34.0 169.0 96.0 138.0 Grasp 0
419.0 366.0 406.0 297.0 435.0 292.0 448.0 361.0 Grasp 0
429.0 37.0 415.0 110.0 387.0 105.0 401.0 31.0 Grasp 0
69.0 176.0 22.0 153.0 35.0 127.0 82.0 150.0 Grasp 0
92.0 187.0 36.0 159.0 49.0 133.0 105.0 161.0 Grasp 0
96.0 201.0 41.0 196.0 43.0 167.0 98.0 172.0 Grasp 0
333.0 109.0 256.0 88.0 264.0 60.0 340.0 82.0 Grasp 0
402.0 367.0 389.0 297.0 418.0 292.0 431.0 362.0 Grasp 0
84.0 250.0 24.0 204.0 41.0 181.0 101.0 227.0 Grasp 0
105.0 161.0 52.0 176.0 44.0 148.0 97.0 133.0 Grasp 0
433.0 295.0 381.0 380.0 356.0 364.0 408.0 280.0 Grasp 0
100.0 190.0 46.0 185.0 48.0 156.0 103.0 161.0 Grasp 0
453.0 373.0 389.0 303.0 411.0 283.0 475.0 353.0 Grasp 0
266.0 235.0 192.0 214.0 200.0 186.0 274.0 207.0 Grasp 0
465.0 41.0 449.0 126.0 422.0 121.0 437.0 36.0 Grasp 0
107.0 183.0 38.0 203.0 30.0 175.0 100.0 155.0 Grasp 0
230.0 306.0 184.0 256.0 206.0 236.0 251.0 286.0 Grasp 0
288.0 181.0 201.0 206.0 193.0 178.0 280.0 153.0 Grasp 0
320.0 131.0 249.0 111.0 256.0 83.0 327.0 104.0 Grasp 0
463.0 293.0 449.0 368.0 420.0 362.0 434.0 287.0 Grasp 0
67.0 301.0 20.0 250.0 42.0 230.0 88.0 281.0 Grasp 0
380.0 116.0 362.0 22.0 390.0 17.0 407.0 111.0 Grasp 0
250.0 466.0 203.0 443.0 218.0 414.0 264.0 437.0 Grasp 0
98.0 236.0 27.0 256.0 19.0 229.0 90.0 208.0 Grasp 0
510.0 42.0 464.0 116.0 440.0 101.0 486.0 28.0 Grasp 0
324.0 305.0 238.0 370.0 220.0 346.0 306.0 281.0 Grasp 0
310.0 337.0 237.0 373.0 223.0 346.0 297.0 309.0 Grasp 0
257.0 447.0 210.0 424.0 224.0 396.0 271.0 419.0 Grasp 0
402.0 296.0 351.0 380.0 326.0 364.0 377.0 281.0 Grasp 0
326.0 119.0 253.0 98.0 260.0 71.0 334.0 92.0 Grasp 0
