270.0 359.0 245.0 319.0 269.0 304.0 294.0 344.0 Grasp 0
257.0 220.0 250.0 183.0 279.0 178.0 286.0 215.0 Grasp 0
269.0 370.0 237.0 336.0 259.0 317.0 290.0 351.0 Grasp 0
505.0 246.0 477.0 200.0 501.0 185.0 529.0 231.0 Grasp 0
206.0 370.0 193.0 336.0 219.0 326.0 233.0 360.0 Grasp 0
258.0 380.0 224.0 355.0 241.0 332.0 275.0 358.0 Grasp 0
495.0 241.0 466.0 194.0 491.0 179.0 520.0 226.0 Grasp 0
201.0 225.0 198.0 207.0 225.0 202.0 229.0 220.0 Grasp 0
469.0 271.0 469.0 203.0 497.0 203.0 497.0 271.0 Grasp 0
222.0 393.0 200.0 357.0 224.0 342.0 246.0 378.0 Grasp 0
247.0 184.0 247.0 206.0 219.0 206.0 219.0 184.0 Grasp 0
228.0 372.0 205.0 335.0 229.0 320.0 252.0 357.0 Grasp 0
242.0 383.0 214.0 351.0 234.0 332.0 263.0 364.0 Grasp 0
280.0 67.0 275.0 93.0 247.0 87.0 252.0 62.0 Grasp 0
290.0 215.0 255.0 198.0 268.0 172.0 303.0 189.0 Grasp 0
241.0 395.0 212.0 363.0 234.0 344.0 262.0 375.0 Grasp 0
239.0 355.0 231.0 311.0 259.0 306.0 267.0 349.0 Grasp 0
248.0 193.0 248.0 218.0 220.0 218.0 220.0 193.0 Grasp 0
504.0 197.0 504.0 255.0 475.0 255.0 475.0 197.0 Grasp 0
