276.0 48.0 215.0 54.0 212.0 24.0 273.0 19.0 Grasp 0
435.0 173.0 378.0 189.0 370.0 159.0 427.0 143.0 Grasp 0
435.0 108.0 373.0 176.0 350.0 155.0 412.0 88.0 Grasp 0
277.0 64.0 207.0 116.0 188.0 92.0 258.0 39.0 Grasp 0
332.0 410.0 238.0 383.0 246.0 354.0 340.0 381.0 Grasp 0
338.0 384.0 244.0 357.0 252.0 329.0 346.0 355.0 Grasp 0
436.0 170.0 363.0 176.0 360.0 146.0 433.0 139.0 Grasp 0
274.0 76.0 207.0 126.0 189.0 102.0 255.0 52.0 Grasp 0
430.0 90.0 367.0 159.0 344.0 138.0 407.0 69.0 Grasp 0
344.0 357.0 250.0 330.0 258.0 302.0 352.0 328.0 Grasp 0
405.0 83.0 333.0 76.0 336.0 45.0 408.0 52.0 Grasp 0
275.0 61.0 210.0 93.0 196.0 66.0 261.0 33.0 Grasp 0
425.0 77.0 363.0 146.0 340.0 125.0 402.0 56.0 Grasp 0
420.0 50.0 363.0 144.0 336.0 127.0 394.0 34.0 Grasp 0
467.0 250.0 373.0 242.0 375.0 213.0 470.0 221.0 Grasp 0
348.0 321.0 261.0 296.0 269.0 268.0 356.0 293.0 Grasp 0
292.0 37.0 210.0 77.0 197.0 50.0 278.0 10.0 Grasp 0
436.0 185.0 382.0 200.0 374.0 171.0 427.0 156.0 Grasp 0
338.0 362.0 251.0 297.0 269.0 273.0 356.0 338.0 Grasp 0
270.0 60.0 214.0 65.0 211.0 35.0 268.0 30.0 Grasp 0
441.0 116.0 385.0 207.0 359.0 191.0 415.0 100.0 Grasp 0
441.0 201.0 375.0 207.0 372.0 177.0 438.0 171.0 Grasp 0
433.0 138.0 370.0 170.0 356.0 142.0 419.0 110.0 Grasp 0
355.0 318.0 259.0 327.0 256.0 298.0 353.0 289.0 Grasp 0
493.0 452.0 460.0 449.0 463.0 420.0 495.0 423.0 Grasp 0
457.0 248.0 396.0 231.0 404.0 203.0 465.0 220.0 Grasp 0
471.0 333.0 437.0 350.0 424.0 324.0 458.0 307.0 Grasp 0
440.0 193.0 391.0 217.0 377.0 190.0 426.0 166.0 Grasp 0
349.0 376.0 239.0 386.0 236.0 356.0 346.0 346.0 Grasp 0
401.0 67.0 336.0 73.0 334.0 42.0 398.0 36.0 Grasp 0
446.0 136.0 393.0 222.0 367.0 206.0 420.0 120.0 Grasp 0
467.0 193.0 417.0 274.0 392.0 258.0 442.0 178.0 Grasp 0
416.0 104.0 326.0 78.0 334.0 48.0 424.0 74.0 Grasp 0
348.0 362.0 246.0 352.0 249.0 322.0 351.0 332.0 Grasp 0
