391.0 329.0 299.0 302.0 308.0 274.0 400.0 300.0 Grasp 0
252.0 306.0 239.0 238.0 267.0 233.0 280.0 301.0 Grasp 0
238.0 324.0 216.0 269.0 243.0 258.0 264.0 314.0 Grasp 0
245.0 318.0 214.0 284.0 235.0 265.0 266.0 299.0 Grasp 0
532.0 363.0 518.0 326.0 544.0 316.0 558.0 352.0 Grasp 0
259.0 135.0 198.0 141.0 196.0 112.0 256.0 106.0 Grasp 0
391.0 331.0 301.0 322.0 304.0 293.0 394.0 301.0 Grasp 0
536.0 319.0 526.0 373.0 498.0 368.0 508.0 314.0 Grasp 0
449.0 110.0 392.0 105.0 394.0 76.0 452.0 81.0 Grasp 0
289.0 211.0 289.0 297.0 260.0 297.0 260.0 211.0 Grasp 0
257.0 116.0 171.0 51.0 189.0 27.0 275.0 92.0 Grasp 0
299.0 36.0 299.0 115.0 270.0 115.0 270.0 36.0 Grasp 0
261.0 29.0 189.0 50.0 181.0 21.0 253.0 1.0 Grasp 0
349.0 102.0 319.0 151.0 295.0 136.0 325.0 87.0 Grasp 0
356.0 122.0 323.0 158.0 301.0 139.0 335.0 102.0 Grasp 0
434.0 116.0 402.0 101.0 415.0 75.0 447.0 91.0 Grasp 0
309.0 408.0 267.0 362.0 288.0 343.0 330.0 389.0 Grasp 0
239.0 324.0 205.0 299.0 223.0 276.0 257.0 302.0 Grasp 0
245.0 315.0 232.0 245.0 260.0 240.0 273.0 309.0 Grasp 0
439.0 126.0 386.0 110.0 394.0 83.0 447.0 98.0 Grasp 0
335.0 69.0 309.0 135.0 282.0 125.0 308.0 58.0 Grasp 0
487.0 388.0 427.0 343.0 444.0 320.0 504.0 365.0 Grasp 0
299.0 202.0 299.0 284.0 271.0 284.0 271.0 202.0 Grasp 0
558.0 320.0 550.0 365.0 521.0 360.0 530.0 315.0 Grasp 0
376.0 355.0 298.0 296.0 316.0 273.0 394.0 332.0 Grasp 0
258.0 135.0 184.0 114.0 192.0 85.0 266.0 106.0 Grasp 0
297.0 418.0 226.0 382.0 239.0 357.0 309.0 392.0 Grasp 0
272.0 360.0 262.0 410.0 235.0 405.0 244.0 355.0 Grasp 0
249.0 326.0 200.0 312.0 208.0 284.0 257.0 298.0 Grasp 0
257.0 129.0 177.0 89.0 190.0 63.0 271.0 103.0 Grasp 0
288.0 358.0 278.0 409.0 250.0 404.0 260.0 353.0 Grasp 0
506.0 326.0 466.0 391.0 442.0 376.0 481.0 311.0 Grasp 0
319.0 47.0 304.0 128.0 275.0 122.0 290.0 42.0 Grasp 0
531.0 321.0 509.0 380.0 482.0 369.0 505.0 311.0 Grasp 0
233.0 328.0 207.0 287.0 231.0 272.0 257.0 313.0 Grasp 0
341.0 77.0 315.0 144.0 288.0 133.0 314.0 67.0 Grasp 0
505.0 204.0 402.0 195.0 405.0 166.0 507.0 175.0 Grasp 0
257.0 127.0 171.0 62.0 189.0 38.0 275.0 103.0 Grasp 0
435.0 135.0 379.0 119.0 387.0 91.0 442.0 107.0 Grasp 0
249.0 312.0 222.0 268.0 247.0 253.0 274.0 297.0 Grasp 0
397.0 326.0 308.0 351.0 300.0 323.0 388.0 297.0 Grasp 0
548.0 318.0 538.0 371.0 510.0 366.0 520.0 312.0 Grasp 0
342.0 407.0 280.0 360.0 298.0 337.0 360.0 384.0 Grasp 0
273.0 398.0 267.0 364.0 295.0 359.0 301.0 392.0 Grasp 0
514.0 324.0 491.0 383.0 465.0 373.0 487.0 314.0 Grasp 0
275.0 36.0 195.0 124.0 173.0 104.0 253.0 16.0 Grasp 0
257.0 145.0 187.0 125.0 195.0 97.0 265.0 117.0 Grasp 0
262.0 46.0 190.0 67.0 182.0 38.0 254.0 17.0 Grasp 0
502.0 328.0 440.0 397.0 418.0 377.0 481.0 309.0 Grasp 0
271.0 31.0 192.0 90.0 174.0 67.0 253.0 7.0 Grasp 0
256.0 246.0 256.0 330.0 227.0 330.0 227.0 246.0 Grasp 0
437.0 108.0 412.0 96.0 425.0 70.0 450.0 83.0 Grasp 0
508.0 227.0 398.0 196.0 406.0 168.0 516.0 199.0 Grasp 0
