207.0 23.0 158.0 77.0 136.0 58.0 186.0 4.0 Grasp 0
210.0 44.0 164.0 95.0 143.0 76.0 189.0 25.0 Grasp 0
564.0 210.0 467.0 219.0 464.0 189.0 561.0 180.0 Grasp 0
566.0 68.0 463.0 59.0 466.0 29.0 569.0 39.0 Grasp 0
564.0 119.0 457.0 109.0 460.0 79.0 567.0 89.0 Grasp 0
216.0 64.0 163.0 149.0 139.0 133.0 191.0 49.0 Grasp 0
433.0 248.0 347.0 290.0 334.0 264.0 419.0 222.0 Grasp 0
565.0 166.0 455.0 155.0 458.0 126.0 568.0 136.0 Grasp 0
194.0 31.0 155.0 42.0 147.0 14.0 186.0 3.0 Grasp 0
565.0 198.0 466.0 207.0 463.0 177.0 562.0 168.0 Grasp 0
375.0 54.0 359.0 138.0 331.0 133.0 347.0 49.0 Grasp 0
386.0 362.0 341.0 350.0 349.0 321.0 394.0 334.0 Grasp 0
490.0 316.0 437.0 331.0 429.0 303.0 482.0 288.0 Grasp 0
214.0 68.0 172.0 115.0 151.0 95.0 193.0 49.0 Grasp 0
565.0 175.0 462.0 184.0 459.0 155.0 563.0 145.0 Grasp 0
565.0 84.0 462.0 74.0 464.0 45.0 567.0 54.0 Grasp 0
380.0 369.0 349.0 366.0 352.0 337.0 382.0 340.0 Grasp 0
388.0 349.0 336.0 323.0 349.0 296.0 401.0 322.0 Grasp 0
246.0 276.0 143.0 225.0 155.0 199.0 258.0 250.0 Grasp 0
313.0 29.0 237.0 66.0 225.0 41.0 300.0 3.0 Grasp 0
567.0 214.0 477.0 240.0 468.0 211.0 559.0 186.0 Grasp 0
565.0 186.0 463.0 195.0 460.0 165.0 562.0 156.0 Grasp 0
222.0 88.0 163.0 183.0 138.0 167.0 197.0 72.0 Grasp 0
563.0 235.0 462.0 226.0 465.0 196.0 566.0 205.0 Grasp 0
386.0 80.0 362.0 143.0 335.0 133.0 360.0 69.0 Grasp 0
