485.0 207.0 437.0 155.0 461.0 132.0 509.0 185.0 Grasp 0
514.0 363.0 450.0 395.0 434.0 363.0 498.0 331.0 Grasp 0
272.0 309.0 251.0 418.0 216.0 412.0 236.0 303.0 Grasp 0
518.0 170.0 446.0 205.0 431.0 175.0 503.0 140.0 Grasp 0
282.0 369.0 252.0 290.0 283.0 278.0 314.0 356.0 Grasp 0
311.0 362.0 277.0 275.0 309.0 263.0 342.0 350.0 Grasp 0
347.0 277.0 315.0 361.0 283.0 348.0 315.0 264.0 Grasp 0
405.0 266.0 405.0 355.0 370.0 355.0 370.0 266.0 Grasp 0
507.0 339.0 424.0 380.0 408.0 349.0 491.0 307.0 Grasp 0
509.0 143.0 482.0 212.0 451.0 200.0 478.0 131.0 Grasp 0
427.0 96.0 316.0 152.0 302.0 124.0 413.0 69.0 Grasp 0
435.0 110.0 343.0 180.0 324.0 155.0 417.0 85.0 Grasp 0
428.0 270.0 411.0 361.0 377.0 354.0 394.0 264.0 Grasp 0
259.0 398.0 195.0 367.0 211.0 334.0 275.0 366.0 Grasp 0
479.0 308.0 479.0 410.0 443.0 410.0 443.0 308.0 Grasp 0
443.0 296.0 367.0 380.0 341.0 357.0 418.0 273.0 Grasp 0
476.0 206.0 451.0 142.0 482.0 130.0 507.0 194.0 Grasp 0
509.0 343.0 449.0 389.0 427.0 361.0 488.0 315.0 Grasp 0
341.0 266.0 341.0 357.0 306.0 357.0 306.0 266.0 Grasp 0
492.0 134.0 492.0 207.0 459.0 207.0 459.0 134.0 Grasp 0
518.0 377.0 458.0 406.0 442.0 374.0 502.0 344.0 Grasp 0
447.0 296.0 399.0 373.0 370.0 355.0 418.0 278.0 Grasp 0
257.0 129.0 242.0 210.0 213.0 205.0 229.0 123.0 Grasp 0
358.0 285.0 358.0 365.0 325.0 365.0 325.0 285.0 Grasp 0
373.0 283.0 373.0 367.0 340.0 367.0 340.0 283.0 Grasp 0
279.0 384.0 196.0 376.0 200.0 340.0 283.0 348.0 Grasp 0
501.0 324.0 470.0 405.0 436.0 392.0 468.0 311.0 Grasp 0
397.0 235.0 330.0 201.0 343.0 173.0 411.0 207.0 Grasp 0
327.0 366.0 289.0 270.0 321.0 257.0 359.0 354.0 Grasp 0
388.0 360.0 356.0 277.0 388.0 265.0 420.0 348.0 Grasp 0
423.0 272.0 388.0 363.0 356.0 351.0 391.0 259.0 Grasp 0
353.0 366.0 279.0 284.0 304.0 261.0 379.0 343.0 Grasp 0
224.0 415.0 195.0 342.0 229.0 328.0 258.0 402.0 Grasp 0
515.0 387.0 439.0 394.0 436.0 358.0 512.0 351.0 Grasp 0
