530.0 197.0 477.0 182.0 486.0 153.0 538.0 168.0 Grasp 0
511.0 191.0 479.0 157.0 502.0 136.0 533.0 171.0 Grasp 0
522.0 89.0 501.0 67.0 522.0 48.0 543.0 70.0 Grasp 0
510.0 128.0 485.0 100.0 506.0 81.0 531.0 108.0 Grasp 0
539.0 149.0 490.0 153.0 487.0 123.0 536.0 119.0 Grasp 0
507.0 108.0 483.0 81.0 504.0 62.0 528.0 89.0 Grasp 0
529.0 141.0 479.0 156.0 471.0 126.0 521.0 112.0 Grasp 0
511.0 155.0 476.0 129.0 494.0 104.0 529.0 131.0 Grasp 0
532.0 83.0 502.0 68.0 514.0 42.0 544.0 57.0 Grasp 0
560.0 51.0 535.0 31.0 552.0 8.0 578.0 28.0 Grasp 0
528.0 99.0 508.0 77.0 529.0 57.0 549.0 80.0 Grasp 0
528.0 176.0 481.0 141.0 499.0 117.0 546.0 152.0 Grasp 0
537.0 170.0 486.0 165.0 489.0 135.0 540.0 140.0 Grasp 0
537.0 71.0 508.0 57.0 521.0 31.0 550.0 46.0 Grasp 0
512.0 100.0 490.0 76.0 511.0 57.0 534.0 81.0 Grasp 0
504.0 117.0 479.0 90.0 501.0 71.0 525.0 98.0 Grasp 0
420.0 57.0 338.0 98.0 325.0 71.0 407.0 30.0 Grasp 0
546.0 61.0 518.0 47.0 531.0 22.0 559.0 36.0 Grasp 0
513.0 211.0 464.0 174.0 483.0 149.0 532.0 186.0 Grasp 0
529.0 186.0 478.0 171.0 486.0 142.0 537.0 156.0 Grasp 0
548.0 74.0 522.0 54.0 539.0 31.0 565.0 51.0 Grasp 0
532.0 157.0 487.0 144.0 495.0 114.0 540.0 127.0 Grasp 0
557.0 62.0 528.0 47.0 541.0 22.0 570.0 36.0 Grasp 0
540.0 83.0 513.0 63.0 530.0 40.0 557.0 60.0 Grasp 0
512.0 248.0 458.0 190.0 481.0 169.0 534.0 228.0 Grasp 0
425.0 30.0 350.0 86.0 332.0 62.0 406.0 6.0 Grasp 0
552.0 42.0 527.0 23.0 544.0 0.0 569.0 19.0 Grasp 0
246.0 249.0 246.0 350.0 215.0 350.0 215.0 249.0 Grasp 0
500.0 179.0 470.0 147.0 493.0 126.0 522.0 158.0 Grasp 0
