428.0 127.0 365.0 175.0 347.0 151.0 410.0 103.0 Grasp 0
382.0 267.0 343.0 367.0 315.0 356.0 354.0 256.0 Grasp 0
295.0 196.0 213.0 204.0 210.0 174.0 292.0 166.0 Grasp 0
412.0 84.0 343.0 118.0 330.0 91.0 398.0 57.0 Grasp 0
397.0 275.0 359.0 371.0 331.0 360.0 368.0 264.0 Grasp 0
414.0 110.0 330.0 118.0 327.0 88.0 411.0 80.0 Grasp 0
291.0 173.0 217.0 180.0 214.0 150.0 288.0 143.0 Grasp 0
408.0 78.0 332.0 100.0 324.0 70.0 400.0 48.0 Grasp 0
415.0 122.0 334.0 129.0 331.0 99.0 413.0 92.0 Grasp 0
540.0 244.0 455.0 252.0 452.0 221.0 537.0 213.0 Grasp 0
406.0 276.0 388.0 375.0 358.0 369.0 376.0 270.0 Grasp 0
396.0 52.0 353.0 122.0 327.0 106.0 370.0 36.0 Grasp 0
292.0 184.0 215.0 191.0 212.0 161.0 290.0 154.0 Grasp 0
536.0 302.0 443.0 294.0 446.0 262.0 539.0 271.0 Grasp 0
537.0 284.0 452.0 276.0 455.0 245.0 540.0 253.0 Grasp 0
412.0 97.0 325.0 105.0 323.0 75.0 409.0 67.0 Grasp 0
532.0 284.0 459.0 247.0 473.0 219.0 546.0 256.0 Grasp 0
430.0 390.0 410.0 281.0 440.0 275.0 460.0 384.0 Grasp 0
303.0 215.0 208.0 207.0 211.0 176.0 306.0 185.0 Grasp 0
531.0 339.0 437.0 291.0 451.0 263.0 546.0 310.0 Grasp 0
302.0 224.0 211.0 232.0 208.0 202.0 299.0 193.0 Grasp 0
433.0 132.0 372.0 199.0 350.0 179.0 411.0 112.0 Grasp 0
399.0 61.0 340.0 105.0 322.0 81.0 380.0 37.0 Grasp 0
542.0 253.0 448.0 262.0 445.0 231.0 539.0 223.0 Grasp 0
414.0 386.0 393.0 272.0 423.0 266.0 444.0 381.0 Grasp 0
418.0 276.0 418.0 374.0 388.0 374.0 388.0 276.0 Grasp 0
422.0 120.0 356.0 153.0 343.0 126.0 409.0 93.0 Grasp 0
309.0 252.0 210.0 261.0 207.0 231.0 306.0 222.0 Grasp 0
537.0 272.0 456.0 265.0 459.0 234.0 540.0 241.0 Grasp 0
305.0 381.0 200.0 371.0 202.0 340.0 308.0 350.0 Grasp 0
535.0 262.0 465.0 242.0 474.0 212.0 543.0 232.0 Grasp 0
