555.0 303.0 543.0 372.0 514.0 366.0 526.0 298.0 Grasp 0
219.0 378.0 183.0 338.0 204.0 319.0 241.0 359.0 Grasp 0
301.0 199.0 257.0 187.0 265.0 159.0 308.0 171.0 Grasp 0
480.0 53.0 419.0 83.0 406.0 56.0 467.0 26.0 Grasp 0
517.0 302.0 517.0 365.0 488.0 365.0 488.0 302.0 Grasp 0
306.0 237.0 230.0 275.0 217.0 249.0 293.0 211.0 Grasp 0
484.0 372.0 471.0 302.0 500.0 297.0 513.0 366.0 Grasp 0
197.0 379.0 176.0 345.0 200.0 330.0 222.0 364.0 Grasp 0
376.0 320.0 326.0 239.0 351.0 224.0 401.0 304.0 Grasp 0
503.0 120.0 477.0 162.0 452.0 146.0 478.0 105.0 Grasp 0
287.0 287.0 225.0 305.0 217.0 277.0 279.0 259.0 Grasp 0
488.0 105.0 399.0 80.0 408.0 51.0 496.0 76.0 Grasp 0
538.0 141.0 511.0 185.0 486.0 169.0 513.0 125.0 Grasp 0
318.0 283.0 318.0 334.0 288.0 334.0 288.0 283.0 Grasp 0
541.0 302.0 528.0 372.0 499.0 367.0 512.0 296.0 Grasp 0
486.0 303.0 458.0 376.0 430.0 365.0 459.0 292.0 Grasp 0
289.0 253.0 236.0 248.0 239.0 220.0 291.0 225.0 Grasp 0
520.0 110.0 520.0 188.0 490.0 188.0 490.0 110.0 Grasp 0
424.0 206.0 347.0 244.0 333.0 218.0 411.0 179.0 Grasp 0
543.0 371.0 530.0 302.0 559.0 296.0 572.0 366.0 Grasp 0
293.0 214.0 250.0 168.0 272.0 148.0 314.0 195.0 Grasp 0
544.0 131.0 532.0 196.0 503.0 190.0 515.0 125.0 Grasp 0
257.0 369.0 190.0 336.0 203.0 310.0 270.0 344.0 Grasp 0
563.0 148.0 542.0 202.0 514.0 191.0 535.0 137.0 Grasp 0
290.0 277.0 225.0 296.0 217.0 268.0 282.0 249.0 Grasp 0
529.0 136.0 503.0 179.0 477.0 163.0 503.0 121.0 Grasp 0
310.0 284.0 297.0 351.0 268.0 346.0 281.0 279.0 Grasp 0
287.0 235.0 244.0 187.0 265.0 168.0 308.0 215.0 Grasp 0
396.0 81.0 358.0 180.0 330.0 170.0 368.0 70.0 Grasp 0
312.0 218.0 236.0 256.0 223.0 230.0 300.0 192.0 Grasp 0
574.0 164.0 548.0 205.0 523.0 190.0 549.0 148.0 Grasp 0
438.0 209.0 420.0 304.0 390.0 299.0 408.0 204.0 Grasp 0
306.0 173.0 268.0 112.0 292.0 97.0 330.0 158.0 Grasp 0
529.0 132.0 471.0 176.0 453.0 152.0 511.0 109.0 Grasp 0
298.0 197.0 258.0 133.0 283.0 118.0 322.0 182.0 Grasp 0
380.0 105.0 326.0 120.0 317.0 91.0 371.0 76.0 Grasp 0
233.0 371.0 197.0 332.0 219.0 312.0 255.0 352.0 Grasp 0
310.0 162.0 274.0 104.0 298.0 89.0 334.0 147.0 Grasp 0
450.0 158.0 406.0 86.0 432.0 70.0 476.0 142.0 Grasp 0
418.0 198.0 351.0 204.0 348.0 174.0 415.0 168.0 Grasp 0
293.0 218.0 252.0 206.0 260.0 178.0 301.0 190.0 Grasp 0
504.0 301.0 491.0 374.0 461.0 368.0 475.0 295.0 Grasp 0
287.0 231.0 247.0 166.0 271.0 151.0 311.0 216.0 Grasp 0
304.0 288.0 274.0 366.0 246.0 356.0 277.0 277.0 Grasp 0
472.0 37.0 413.0 67.0 399.0 40.0 459.0 10.0 Grasp 0
550.0 149.0 524.0 191.0 499.0 175.0 525.0 133.0 Grasp 0
455.0 280.0 380.0 242.0 393.0 215.0 469.0 252.0 Grasp 0
294.0 261.0 229.0 280.0 221.0 252.0 286.0 234.0 Grasp 0
518.0 130.0 492.0 172.0 467.0 157.0 493.0 114.0 Grasp 0
288.0 359.0 198.0 333.0 206.0 305.0 296.0 331.0 Grasp 0
411.0 178.0 355.0 173.0 358.0 143.0 413.0 148.0 Grasp 0
514.0 301.0 501.0 373.0 472.0 367.0 485.0 296.0 Grasp 0
492.0 301.0 479.0 372.0 450.0 366.0 463.0 296.0 Grasp 0
508.0 83.0 477.0 164.0 449.0 153.0 480.0 72.0 Grasp 0
373.0 99.0 314.0 105.0 311.0 75.0 370.0 69.0 Grasp 0
296.0 208.0 255.0 196.0 263.0 169.0 304.0 180.0 Grasp 0
422.0 201.0 350.0 221.0 342.0 192.0 413.0 172.0 Grasp 0
369.0 325.0 327.0 257.0 351.0 241.0 394.0 310.0 Grasp 0
424.0 57.0 363.0 156.0 338.0 140.0 399.0 41.0 Grasp 0
303.0 351.0 214.0 326.0 222.0 298.0 311.0 323.0 Grasp 0
460.0 291.0 334.0 279.0 337.0 249.0 463.0 261.0 Grasp 0
494.0 95.0 459.0 152.0 434.0 136.0 469.0 79.0 Grasp 0
491.0 74.0 447.0 145.0 421.0 129.0 465.0 59.0 Grasp 0
366.0 91.0 311.0 86.0 314.0 56.0 368.0 61.0 Grasp 0
529.0 372.0 516.0 301.0 545.0 296.0 558.0 366.0 Grasp 0
472.0 373.0 459.0 301.0 488.0 296.0 501.0 368.0 Grasp 0
286.0 237.0 246.0 225.0 254.0 197.0 294.0 209.0 Grasp 0
377.0 82.0 312.0 100.0 304.0 71.0 369.0 53.0 Grasp 0
317.0 324.0 309.0 278.0 338.0 273.0 347.0 318.0 Grasp 0
432.0 165.0 366.0 59.0 392.0 43.0 458.0 149.0 Grasp 0
554.0 369.0 542.0 304.0 571.0 299.0 583.0 364.0 Grasp 0
497.0 109.0 467.0 157.0 442.0 141.0 471.0 93.0 Grasp 0
591.0 174.0 567.0 213.0 542.0 197.0 566.0 159.0 Grasp 0
566.0 303.0 553.0 371.0 524.0 365.0 537.0 298.0 Grasp 0
300.0 232.0 242.0 237.0 239.0 209.0 297.0 203.0 Grasp 0
303.0 184.0 261.0 152.0 278.0 129.0 321.0 161.0 Grasp 0
508.0 371.0 495.0 302.0 524.0 296.0 537.0 366.0 Grasp 0
370.0 74.0 305.0 42.0 319.0 15.0 384.0 47.0 Grasp 0
535.0 125.0 523.0 191.0 494.0 185.0 506.0 119.0 Grasp 0
260.0 364.0 210.0 327.0 228.0 304.0 277.0 341.0 Grasp 0
577.0 303.0 564.0 371.0 535.0 365.0 548.0 298.0 Grasp 0
482.0 98.0 412.0 104.0 409.0 74.0 479.0 68.0 Grasp 0
478.0 51.0 370.0 82.0 361.0 52.0 470.0 22.0 Grasp 0
332.0 277.0 332.0 331.0 302.0 331.0 302.0 277.0 Grasp 0
302.0 185.0 263.0 121.0 287.0 106.0 326.0 170.0 Grasp 0
318.0 202.0 242.0 240.0 229.0 214.0 305.0 176.0 Grasp 0
