155.0 189.0 113.0 81.0 145.0 68.0 187.0 177.0 Grasp 0
315.0 23.0 298.0 114.0 268.0 108.0 286.0 17.0 Grasp 0
187.0 175.0 145.0 67.0 178.0 55.0 220.0 162.0 Grasp 0
192.0 67.0 170.0 186.0 136.0 180.0 158.0 60.0 Grasp 0
555.0 281.0 515.0 217.0 542.0 201.0 581.0 265.0 Grasp 0
576.0 274.0 532.0 202.0 558.0 186.0 603.0 257.0 Grasp 0
331.0 30.0 314.0 118.0 285.0 113.0 302.0 24.0 Grasp 0
667.0 188.0 554.0 198.0 551.0 168.0 664.0 157.0 Grasp 0
188.0 373.0 159.0 447.0 132.0 436.0 161.0 362.0 Grasp 0
253.0 403.0 224.0 479.0 197.0 468.0 226.0 393.0 Grasp 0
237.0 396.0 208.0 471.0 181.0 460.0 210.0 386.0 Grasp 0
190.0 71.0 130.0 168.0 100.0 150.0 160.0 52.0 Grasp 0
602.0 269.0 539.0 199.0 562.0 178.0 625.0 248.0 Grasp 0
127.0 448.0 112.0 367.0 140.0 362.0 155.0 442.0 Grasp 0
205.0 169.0 109.0 97.0 130.0 69.0 226.0 141.0 Grasp 0
267.0 410.0 237.0 485.0 210.0 475.0 239.0 400.0 Grasp 0
217.0 387.0 189.0 461.0 162.0 450.0 190.0 376.0 Grasp 0
641.0 269.0 543.0 195.0 562.0 170.0 660.0 244.0 Grasp 0
176.0 372.0 136.0 437.0 111.0 421.0 151.0 357.0 Grasp 0
641.0 111.0 553.0 154.0 540.0 127.0 627.0 83.0 Grasp 0
220.0 149.0 102.0 115.0 111.0 82.0 230.0 115.0 Grasp 0
152.0 365.0 140.0 433.0 111.0 428.0 124.0 360.0 Grasp 0
653.0 129.0 561.0 175.0 547.0 148.0 640.0 102.0 Grasp 0
622.0 74.0 518.0 125.0 505.0 98.0 608.0 47.0 Grasp 0
208.0 382.0 180.0 455.0 153.0 445.0 181.0 372.0 Grasp 0
218.0 162.0 101.0 152.0 104.0 116.0 222.0 127.0 Grasp 0
205.0 69.0 183.0 186.0 149.0 180.0 170.0 63.0 Grasp 0
221.0 103.0 113.0 156.0 98.0 125.0 205.0 72.0 Grasp 0
565.0 278.0 523.0 210.0 549.0 194.0 591.0 262.0 Grasp 0
224.0 97.0 143.0 186.0 117.0 162.0 199.0 73.0 Grasp 0
287.0 4.0 287.0 113.0 257.0 113.0 257.0 4.0 Grasp 0
227.0 136.0 105.0 147.0 101.0 112.0 224.0 101.0 Grasp 0
551.0 285.0 503.0 232.0 525.0 211.0 574.0 264.0 Grasp 0
665.0 167.0 554.0 177.0 551.0 147.0 662.0 136.0 Grasp 0
167.0 362.0 152.0 440.0 124.0 435.0 138.0 356.0 Grasp 0
224.0 124.0 105.0 135.0 101.0 100.0 221.0 89.0 Grasp 0
158.0 366.0 118.0 410.0 97.0 390.0 137.0 346.0 Grasp 0
226.0 391.0 198.0 465.0 171.0 455.0 199.0 381.0 Grasp 0
631.0 91.0 537.0 137.0 524.0 110.0 617.0 63.0 Grasp 0
175.0 190.0 97.0 105.0 123.0 81.0 201.0 167.0 Grasp 0
