500.0 221.0 485.0 301.0 457.0 296.0 472.0 215.0 Grasp 0
490.0 219.0 475.0 298.0 447.0 293.0 462.0 213.0 Grasp 0
314.0 68.0 251.0 37.0 264.0 11.0 327.0 42.0 Grasp 0
435.0 210.0 421.0 285.0 393.0 280.0 407.0 205.0 Grasp 0
406.0 198.0 406.0 285.0 377.0 285.0 377.0 198.0 Grasp 0
452.0 210.0 437.0 289.0 409.0 283.0 424.0 205.0 Grasp 0
302.0 95.0 241.0 65.0 254.0 39.0 315.0 69.0 Grasp 0
346.0 353.0 245.0 324.0 253.0 296.0 354.0 325.0 Grasp 0
314.0 371.0 259.0 282.0 283.0 266.0 339.0 355.0 Grasp 0
295.0 249.0 225.0 242.0 228.0 214.0 298.0 221.0 Grasp 0
535.0 227.0 520.0 309.0 492.0 304.0 507.0 222.0 Grasp 0
301.0 111.0 226.0 90.0 234.0 62.0 309.0 83.0 Grasp 0
594.0 237.0 578.0 323.0 550.0 318.0 566.0 232.0 Grasp 0
336.0 184.0 238.0 211.0 230.0 184.0 328.0 156.0 Grasp 0
551.0 229.0 535.0 314.0 507.0 309.0 523.0 224.0 Grasp 0
307.0 272.0 307.0 364.0 278.0 364.0 278.0 272.0 Grasp 0
366.0 330.0 258.0 361.0 251.0 333.0 358.0 302.0 Grasp 0
522.0 223.0 506.0 305.0 478.0 300.0 493.0 218.0 Grasp 0
317.0 79.0 244.0 58.0 252.0 30.0 325.0 51.0 Grasp 0
470.0 208.0 470.0 300.0 441.0 300.0 441.0 208.0 Grasp 0
319.0 87.0 232.0 79.0 235.0 50.0 322.0 58.0 Grasp 0
417.0 200.0 417.0 287.0 388.0 287.0 388.0 200.0 Grasp 0
295.0 132.0 207.0 124.0 210.0 94.0 298.0 103.0 Grasp 0
361.0 282.0 345.0 198.0 373.0 193.0 389.0 277.0 Grasp 0
301.0 120.0 214.0 112.0 216.0 83.0 304.0 91.0 Grasp 0
383.0 293.0 346.0 198.0 373.0 188.0 410.0 283.0 Grasp 0
298.0 235.0 234.0 217.0 242.0 190.0 306.0 208.0 Grasp 0
306.0 363.0 289.0 275.0 318.0 269.0 334.0 357.0 Grasp 0
299.0 134.0 200.0 143.0 197.0 114.0 296.0 105.0 Grasp 0
290.0 367.0 257.0 282.0 284.0 272.0 317.0 356.0 Grasp 0
463.0 214.0 448.0 292.0 420.0 287.0 435.0 209.0 Grasp 0
570.0 231.0 554.0 319.0 526.0 314.0 542.0 226.0 Grasp 0
281.0 255.0 231.0 231.0 244.0 205.0 293.0 230.0 Grasp 0
349.0 325.0 248.0 315.0 250.0 286.0 352.0 296.0 Grasp 0
321.0 278.0 286.0 368.0 259.0 357.0 294.0 267.0 Grasp 0
585.0 235.0 568.0 322.0 541.0 317.0 557.0 230.0 Grasp 0
298.0 107.0 234.0 76.0 247.0 49.0 311.0 81.0 Grasp 0
294.0 243.0 229.0 225.0 237.0 198.0 302.0 216.0 Grasp 0
325.0 359.0 293.0 278.0 320.0 268.0 352.0 349.0 Grasp 0
327.0 201.0 227.0 229.0 219.0 202.0 319.0 173.0 Grasp 0
