452.0 234.0 412.0 204.0 430.0 181.0 470.0 211.0 Grasp 0
547.0 125.0 494.0 85.0 511.0 62.0 564.0 102.0 Grasp 0
478.0 83.0 439.0 127.0 417.0 107.0 456.0 63.0 Grasp 0
508.0 148.0 475.0 95.0 499.0 80.0 532.0 133.0 Grasp 0
471.0 88.0 422.0 124.0 404.0 100.0 453.0 64.0 Grasp 0
490.0 162.0 469.0 109.0 496.0 98.0 517.0 151.0 Grasp 0
210.0 369.0 179.0 319.0 204.0 303.0 235.0 353.0 Grasp 0
484.0 194.0 433.0 179.0 441.0 151.0 492.0 166.0 Grasp 0
457.0 236.0 406.0 222.0 414.0 194.0 465.0 208.0 Grasp 0
415.0 255.0 389.0 212.0 413.0 197.0 440.0 240.0 Grasp 0
257.0 371.0 211.0 321.0 233.0 301.0 279.0 351.0 Grasp 0
458.0 226.0 418.0 195.0 435.0 172.0 476.0 203.0 Grasp 0
239.0 357.0 213.0 292.0 241.0 281.0 266.0 346.0 Grasp 0
425.0 244.0 391.0 207.0 413.0 187.0 447.0 224.0 Grasp 0
392.0 280.0 361.0 246.0 383.0 226.0 413.0 260.0 Grasp 0
453.0 210.0 404.0 206.0 407.0 177.0 456.0 181.0 Grasp 0
214.0 361.0 191.0 301.0 219.0 290.0 242.0 350.0 Grasp 0
420.0 245.0 374.0 222.0 387.0 196.0 433.0 219.0 Grasp 0
562.0 113.0 540.0 96.0 557.0 72.0 580.0 89.0 Grasp 0
251.0 357.0 225.0 291.0 252.0 280.0 278.0 346.0 Grasp 0
397.0 263.0 359.0 234.0 377.0 211.0 415.0 240.0 Grasp 0
466.0 221.0 414.0 216.0 417.0 187.0 469.0 192.0 Grasp 0
430.0 239.0 386.0 217.0 399.0 191.0 443.0 213.0 Grasp 0
272.0 190.0 217.0 195.0 214.0 162.0 269.0 157.0 Grasp 0
393.0 270.0 368.0 230.0 393.0 215.0 417.0 254.0 Grasp 0
550.0 96.0 524.0 83.0 537.0 56.0 563.0 70.0 Grasp 0
338.0 319.0 321.0 226.0 350.0 220.0 367.0 314.0 Grasp 0
520.0 137.0 476.0 88.0 497.0 69.0 541.0 117.0 Grasp 0
299.0 340.0 294.0 353.0 265.0 342.0 270.0 328.0 Grasp 0
255.0 376.0 202.0 336.0 221.0 312.0 273.0 351.0 Grasp 0
573.0 92.0 545.0 77.0 559.0 49.0 587.0 63.0 Grasp 0
404.0 271.0 378.0 229.0 403.0 213.0 429.0 256.0 Grasp 0
536.0 138.0 491.0 89.0 512.0 70.0 557.0 119.0 Grasp 0
450.0 76.0 417.0 128.0 392.0 113.0 425.0 60.0 Grasp 0
557.0 112.0 525.0 96.0 538.0 68.0 571.0 85.0 Grasp 0
436.0 228.0 391.0 206.0 404.0 180.0 449.0 202.0 Grasp 0
468.0 210.0 417.0 195.0 425.0 167.0 476.0 182.0 Grasp 0
237.0 383.0 194.0 336.0 216.0 315.0 260.0 363.0 Grasp 0
579.0 109.0 545.0 92.0 559.0 63.0 593.0 80.0 Grasp 0
468.0 104.0 428.0 148.0 406.0 129.0 446.0 85.0 Grasp 0
486.0 100.0 440.0 134.0 422.0 110.0 468.0 76.0 Grasp 0
529.0 152.0 488.0 107.0 509.0 87.0 550.0 133.0 Grasp 0
204.0 353.0 182.0 296.0 210.0 285.0 232.0 342.0 Grasp 0
409.0 259.0 376.0 223.0 398.0 204.0 430.0 239.0 Grasp 0
197.0 367.0 187.0 310.0 216.0 305.0 226.0 361.0 Grasp 0
557.0 124.0 506.0 85.0 523.0 63.0 574.0 101.0 Grasp 0
481.0 206.0 426.0 190.0 433.0 162.0 489.0 178.0 Grasp 0
547.0 100.0 531.0 96.0 539.0 68.0 555.0 73.0 Grasp 0
495.0 182.0 447.0 177.0 450.0 147.0 498.0 152.0 Grasp 0
359.0 316.0 323.0 223.0 351.0 212.0 387.0 306.0 Grasp 0
