238.0 341.0 184.0 314.0 197.0 287.0 251.0 314.0 Grasp 0
421.0 271.0 408.0 342.0 372.0 336.0 385.0 264.0 Grasp 0
489.0 60.0 438.0 35.0 451.0 8.0 502.0 34.0 Grasp 0
500.0 56.0 457.0 24.0 475.0 0.0 517.0 32.0 Grasp 0
373.0 89.0 325.0 36.0 352.0 12.0 400.0 65.0 Grasp 0
424.0 299.0 385.0 362.0 355.0 343.0 394.0 280.0 Grasp 0
233.0 332.0 186.0 296.0 204.0 273.0 251.0 308.0 Grasp 0
383.0 80.0 305.0 87.0 302.0 52.0 380.0 45.0 Grasp 0
500.0 78.0 446.0 51.0 459.0 25.0 513.0 52.0 Grasp 0
472.0 107.0 427.0 73.0 445.0 50.0 490.0 84.0 Grasp 0
442.0 128.0 417.0 89.0 442.0 73.0 467.0 113.0 Grasp 0
505.0 66.0 454.0 40.0 468.0 14.0 518.0 39.0 Grasp 0
358.0 348.0 345.0 277.0 380.0 271.0 393.0 341.0 Grasp 0
536.0 308.0 506.0 231.0 533.0 220.0 563.0 297.0 Grasp 0
461.0 125.0 424.0 84.0 445.0 65.0 483.0 106.0 Grasp 0
442.0 118.0 417.0 77.0 442.0 61.0 467.0 103.0 Grasp 0
331.0 103.0 319.0 34.0 354.0 28.0 366.0 96.0 Grasp 0
486.0 93.0 435.0 68.0 448.0 42.0 499.0 67.0 Grasp 0
479.0 66.0 430.0 41.0 443.0 15.0 492.0 40.0 Grasp 0
250.0 357.0 199.0 343.0 207.0 314.0 259.0 329.0 Grasp 0
484.0 76.0 433.0 50.0 446.0 24.0 497.0 50.0 Grasp 0
371.0 341.0 359.0 271.0 394.0 265.0 407.0 334.0 Grasp 0
555.0 304.0 524.0 224.0 552.0 214.0 583.0 293.0 Grasp 0
456.0 106.0 413.0 73.0 430.0 49.0 474.0 82.0 Grasp 0
493.0 88.0 443.0 63.0 456.0 37.0 506.0 62.0 Grasp 0
474.0 93.0 421.0 67.0 434.0 40.0 487.0 67.0 Grasp 0
472.0 83.0 421.0 57.0 434.0 31.0 485.0 56.0 Grasp 0
235.0 347.0 180.0 331.0 188.0 302.0 243.0 318.0 Grasp 0
245.0 70.0 234.0 83.0 212.0 63.0 224.0 50.0 Grasp 0
373.0 28.0 361.0 96.0 326.0 89.0 338.0 21.0 Grasp 0
421.0 340.0 344.0 333.0 347.0 296.0 425.0 303.0 Grasp 0
485.0 42.0 432.0 28.0 440.0 0.0 493.0 14.0 Grasp 0
432.0 311.0 357.0 332.0 348.0 298.0 422.0 277.0 Grasp 0
387.0 337.0 373.0 265.0 410.0 258.0 423.0 330.0 Grasp 0
404.0 75.0 330.0 96.0 321.0 62.0 394.0 41.0 Grasp 0
431.0 123.0 406.0 83.0 431.0 68.0 456.0 108.0 Grasp 0
533.0 308.0 489.0 236.0 514.0 220.0 558.0 292.0 Grasp 0
