362.0 143.0 330.0 179.0 306.0 157.0 339.0 121.0 Grasp 0
301.0 67.0 263.0 110.0 239.0 88.0 278.0 46.0 Grasp 0
373.0 317.0 345.0 296.0 364.0 271.0 391.0 292.0 Grasp 0
368.0 307.0 341.0 287.0 360.0 261.0 387.0 281.0 Grasp 0
406.0 175.0 365.0 206.0 345.0 180.0 386.0 149.0 Grasp 0
325.0 95.0 284.0 140.0 261.0 118.0 302.0 74.0 Grasp 0
223.0 160.0 186.0 119.0 207.0 99.0 244.0 140.0 Grasp 0
606.0 271.0 555.0 327.0 534.0 308.0 585.0 252.0 Grasp 0
344.0 123.0 301.0 171.0 277.0 149.0 320.0 102.0 Grasp 0
334.0 112.0 303.0 161.0 276.0 144.0 307.0 95.0 Grasp 0
354.0 100.0 315.0 70.0 332.0 48.0 371.0 77.0 Grasp 0
342.0 91.0 312.0 140.0 285.0 123.0 315.0 74.0 Grasp 0
314.0 62.0 303.0 123.0 272.0 117.0 283.0 56.0 Grasp 0
318.0 73.0 287.0 123.0 260.0 107.0 291.0 56.0 Grasp 0
289.0 55.0 250.0 97.0 227.0 75.0 265.0 33.0 Grasp 0
315.0 92.0 294.0 145.0 264.0 133.0 285.0 80.0 Grasp 0
234.0 166.0 197.0 125.0 218.0 106.0 256.0 147.0 Grasp 0
352.0 127.0 316.0 167.0 292.0 146.0 329.0 106.0 Grasp 0
380.0 307.0 350.0 284.0 369.0 259.0 399.0 282.0 Grasp 0
226.0 322.0 213.0 288.0 239.0 278.0 253.0 312.0 Grasp 0
230.0 334.0 217.0 300.0 244.0 290.0 257.0 323.0 Grasp 0
305.0 78.0 264.0 122.0 241.0 101.0 281.0 57.0 Grasp 0
359.0 81.0 321.0 52.0 339.0 29.0 377.0 57.0 Grasp 0
374.0 147.0 342.0 182.0 318.0 161.0 351.0 125.0 Grasp 0
372.0 297.0 344.0 275.0 362.0 251.0 391.0 273.0 Grasp 0
603.0 294.0 543.0 340.0 526.0 317.0 586.0 271.0 Grasp 0
379.0 73.0 359.0 63.0 372.0 37.0 392.0 47.0 Grasp 0
362.0 331.0 334.0 310.0 354.0 284.0 382.0 306.0 Grasp 0
605.0 313.0 543.0 343.0 531.0 318.0 593.0 287.0 Grasp 0
350.0 330.0 323.0 311.0 343.0 285.0 369.0 305.0 Grasp 0
319.0 68.0 279.0 111.0 256.0 90.0 295.0 47.0 Grasp 0
405.0 63.0 387.0 54.0 399.0 28.0 418.0 37.0 Grasp 0
515.0 317.0 505.0 324.0 486.0 299.0 496.0 291.0 Grasp 0
383.0 282.0 355.0 261.0 374.0 237.0 402.0 258.0 Grasp 0
349.0 86.0 310.0 57.0 328.0 34.0 366.0 63.0 Grasp 0
365.0 95.0 332.0 60.0 354.0 40.0 386.0 76.0 Grasp 0
618.0 314.0 557.0 344.0 544.0 318.0 605.0 288.0 Grasp 0
381.0 170.0 347.0 206.0 324.0 185.0 357.0 148.0 Grasp 0
361.0 318.0 334.0 297.0 353.0 272.0 380.0 292.0 Grasp 0
219.0 141.0 188.0 92.0 213.0 77.0 243.0 126.0 Grasp 0
425.0 53.0 408.0 44.0 420.0 18.0 438.0 27.0 Grasp 0
366.0 122.0 329.0 161.0 306.0 140.0 342.0 100.0 Grasp 0
375.0 76.0 342.0 59.0 355.0 33.0 388.0 50.0 Grasp 0
384.0 148.0 359.0 189.0 332.0 172.0 357.0 132.0 Grasp 0
292.0 70.0 247.0 119.0 224.0 98.0 269.0 49.0 Grasp 0
345.0 103.0 315.0 151.0 288.0 134.0 318.0 86.0 Grasp 0
390.0 69.0 374.0 56.0 391.0 33.0 407.0 46.0 Grasp 0
392.0 295.0 364.0 274.0 383.0 249.0 411.0 270.0 Grasp 0
395.0 282.0 368.0 261.0 386.0 237.0 414.0 258.0 Grasp 0
329.0 78.0 307.0 135.0 277.0 124.0 299.0 67.0 Grasp 0
306.0 72.0 247.0 101.0 233.0 73.0 292.0 44.0 Grasp 0
365.0 83.0 333.0 48.0 354.0 28.0 386.0 64.0 Grasp 0
295.0 74.0 274.0 129.0 244.0 118.0 266.0 62.0 Grasp 0
421.0 58.0 402.0 49.0 414.0 23.0 433.0 33.0 Grasp 0
397.0 157.0 370.0 202.0 343.0 185.0 370.0 141.0 Grasp 0
624.0 272.0 573.0 328.0 552.0 308.0 603.0 252.0 Grasp 0
