348.0 258.0 348.0 346.0 318.0 346.0 318.0 258.0 Grasp 0
460.0 154.0 434.0 174.0 416.0 151.0 443.0 131.0 Grasp 0
411.0 55.0 387.0 73.0 370.0 50.0 394.0 32.0 Grasp 0
428.0 102.0 408.0 112.0 395.0 87.0 415.0 77.0 Grasp 0
284.0 276.0 225.0 293.0 217.0 264.0 276.0 247.0 Grasp 0
400.0 50.0 378.0 66.0 361.0 43.0 382.0 27.0 Grasp 0
412.0 65.0 388.0 83.0 371.0 60.0 394.0 42.0 Grasp 0
263.0 260.0 199.0 242.0 207.0 214.0 271.0 232.0 Grasp 0
288.0 204.0 212.0 182.0 220.0 155.0 296.0 176.0 Grasp 0
305.0 369.0 289.0 282.0 318.0 277.0 334.0 364.0 Grasp 0
504.0 201.0 477.0 221.0 459.0 198.0 486.0 178.0 Grasp 0
517.0 240.0 495.0 257.0 478.0 234.0 500.0 217.0 Grasp 0
305.0 171.0 221.0 163.0 224.0 135.0 307.0 142.0 Grasp 0
308.0 164.0 225.0 140.0 233.0 113.0 315.0 137.0 Grasp 0
285.0 259.0 220.0 265.0 217.0 236.0 282.0 230.0 Grasp 0
389.0 34.0 368.0 50.0 351.0 27.0 372.0 11.0 Grasp 0
488.0 190.0 459.0 212.0 442.0 189.0 470.0 167.0 Grasp 0
445.0 120.0 418.0 128.0 410.0 101.0 437.0 93.0 Grasp 0
493.0 200.0 465.0 222.0 447.0 199.0 476.0 178.0 Grasp 0
380.0 281.0 380.0 365.0 351.0 365.0 351.0 281.0 Grasp 0
421.0 84.0 395.0 97.0 383.0 71.0 408.0 58.0 Grasp 0
498.0 215.0 467.0 231.0 454.0 205.0 485.0 190.0 Grasp 0
291.0 223.0 214.0 216.0 216.0 187.0 293.0 195.0 Grasp 0
305.0 239.0 229.0 232.0 232.0 203.0 307.0 210.0 Grasp 0
303.0 189.0 222.0 181.0 225.0 153.0 306.0 160.0 Grasp 0
498.0 190.0 471.0 211.0 454.0 188.0 481.0 168.0 Grasp 0
287.0 219.0 210.0 197.0 218.0 169.0 295.0 191.0 Grasp 0
264.0 234.0 192.0 214.0 200.0 186.0 272.0 207.0 Grasp 0
249.0 281.0 190.0 265.0 198.0 236.0 257.0 253.0 Grasp 0
363.0 363.0 331.0 281.0 359.0 270.0 391.0 352.0 Grasp 0
362.0 288.0 305.0 350.0 283.0 330.0 340.0 267.0 Grasp 0
342.0 275.0 342.0 362.0 313.0 362.0 313.0 275.0 Grasp 0
267.0 247.0 198.0 227.0 206.0 199.0 275.0 219.0 Grasp 0
334.0 273.0 318.0 358.0 289.0 352.0 305.0 267.0 Grasp 0
267.0 265.0 205.0 271.0 202.0 241.0 265.0 236.0 Grasp 0
396.0 24.0 371.0 44.0 354.0 21.0 379.0 2.0 Grasp 0
292.0 167.0 207.0 143.0 215.0 116.0 299.0 140.0 Grasp 0
455.0 138.0 428.0 158.0 411.0 136.0 438.0 115.0 Grasp 0
401.0 33.0 376.0 52.0 359.0 29.0 384.0 10.0 Grasp 0
448.0 127.0 420.0 140.0 408.0 115.0 435.0 101.0 Grasp 0
377.0 283.0 361.0 369.0 332.0 364.0 348.0 278.0 Grasp 0
492.0 180.0 466.0 200.0 449.0 177.0 475.0 157.0 Grasp 0
284.0 254.0 217.0 248.0 219.0 219.0 287.0 225.0 Grasp 0
353.0 280.0 353.0 367.0 324.0 367.0 324.0 280.0 Grasp 0
465.0 142.0 434.0 157.0 422.0 132.0 452.0 116.0 Grasp 0
351.0 359.0 320.0 277.0 347.0 266.0 379.0 348.0 Grasp 0
506.0 218.0 482.0 236.0 465.0 214.0 489.0 195.0 Grasp 0
323.0 268.0 307.0 350.0 279.0 344.0 294.0 263.0 Grasp 0
466.0 164.0 439.0 184.0 422.0 162.0 449.0 141.0 Grasp 0
526.0 246.0 506.0 261.0 489.0 238.0 509.0 223.0 Grasp 0
469.0 172.0 436.0 181.0 428.0 154.0 462.0 144.0 Grasp 0
374.0 364.0 268.0 354.0 271.0 325.0 376.0 335.0 Grasp 0
478.0 169.0 450.0 190.0 432.0 167.0 460.0 146.0 Grasp 0
285.0 265.0 226.0 281.0 218.0 253.0 276.0 236.0 Grasp 0
315.0 141.0 227.0 149.0 225.0 121.0 312.0 113.0 Grasp 0
443.0 107.0 420.0 125.0 402.0 102.0 425.0 85.0 Grasp 0
421.0 72.0 399.0 88.0 382.0 65.0 403.0 49.0 Grasp 0
424.0 93.0 401.0 104.0 389.0 79.0 411.0 67.0 Grasp 0
444.0 136.0 414.0 151.0 401.0 126.0 431.0 111.0 Grasp 0
476.0 185.0 450.0 205.0 433.0 182.0 459.0 162.0 Grasp 0
516.0 229.0 494.0 246.0 476.0 224.0 499.0 206.0 Grasp 0
470.0 158.0 440.0 173.0 427.0 147.0 458.0 132.0 Grasp 0
257.0 282.0 191.0 288.0 189.0 258.0 254.0 252.0 Grasp 0
266.0 287.0 204.0 293.0 201.0 263.0 263.0 258.0 Grasp 0
267.0 270.0 206.0 253.0 214.0 225.0 275.0 242.0 Grasp 0
480.0 188.0 448.0 197.0 440.0 169.0 472.0 160.0 Grasp 0
506.0 229.0 483.0 247.0 466.0 224.0 489.0 206.0 Grasp 0
277.0 208.0 200.0 187.0 208.0 159.0 285.0 181.0 Grasp 0
387.0 330.0 302.0 373.0 289.0 347.0 374.0 305.0 Grasp 0
315.0 182.0 233.0 174.0 235.0 146.0 318.0 154.0 Grasp 0
363.0 271.0 331.0 354.0 303.0 343.0 335.0 261.0 Grasp 0
315.0 292.0 315.0 375.0 286.0 375.0 286.0 292.0 Grasp 0
378.0 282.0 324.0 369.0 299.0 354.0 353.0 267.0 Grasp 0
240.0 295.0 190.0 258.0 208.0 234.0 258.0 272.0 Grasp 0
