413.0 126.0 385.0 54.0 412.0 43.0 440.0 116.0 Grasp 0
279.0 120.0 262.0 210.0 233.0 205.0 250.0 114.0 Grasp 0
397.0 151.0 305.0 106.0 318.0 79.0 410.0 125.0 Grasp 0
396.0 146.0 328.0 94.0 345.0 71.0 414.0 123.0 Grasp 0
425.0 136.0 352.0 81.0 370.0 58.0 443.0 113.0 Grasp 0
412.0 131.0 373.0 67.0 397.0 52.0 437.0 116.0 Grasp 0
405.0 304.0 336.0 380.0 314.0 360.0 383.0 284.0 Grasp 0
395.0 269.0 350.0 198.0 375.0 182.0 420.0 254.0 Grasp 0
393.0 301.0 380.0 368.0 351.0 362.0 364.0 296.0 Grasp 0
343.0 159.0 308.0 103.0 333.0 87.0 368.0 144.0 Grasp 0
419.0 263.0 376.0 194.0 401.0 178.0 444.0 248.0 Grasp 0
334.0 173.0 268.0 123.0 286.0 100.0 351.0 149.0 Grasp 0
373.0 146.0 336.0 87.0 361.0 72.0 397.0 131.0 Grasp 0
368.0 158.0 300.0 108.0 318.0 84.0 385.0 135.0 Grasp 0
435.0 257.0 396.0 193.0 421.0 177.0 461.0 241.0 Grasp 0
392.0 139.0 354.0 78.0 379.0 63.0 417.0 123.0 Grasp 0
226.0 209.0 204.0 153.0 232.0 142.0 254.0 199.0 Grasp 0
433.0 308.0 422.0 367.0 393.0 362.0 404.0 302.0 Grasp 0
314.0 369.0 271.0 299.0 296.0 284.0 340.0 354.0 Grasp 0
427.0 269.0 338.0 202.0 356.0 178.0 445.0 245.0 Grasp 0
436.0 251.0 413.0 192.0 441.0 181.0 464.0 240.0 Grasp 0
399.0 260.0 374.0 197.0 402.0 187.0 426.0 249.0 Grasp 0
382.0 274.0 336.0 199.0 361.0 184.0 407.0 258.0 Grasp 0
342.0 165.0 293.0 110.0 314.0 91.0 364.0 145.0 Grasp 0
263.0 131.0 248.0 212.0 219.0 207.0 234.0 126.0 Grasp 0
404.0 302.0 391.0 369.0 362.0 364.0 375.0 297.0 Grasp 0
332.0 179.0 244.0 136.0 257.0 109.0 345.0 153.0 Grasp 0
455.0 112.0 412.0 43.0 436.0 27.0 479.0 97.0 Grasp 0
443.0 117.0 402.0 51.0 427.0 36.0 467.0 102.0 Grasp 0
356.0 153.0 321.0 97.0 346.0 81.0 381.0 138.0 Grasp 0
412.0 141.0 341.0 87.0 358.0 64.0 429.0 117.0 Grasp 0
416.0 304.0 370.0 379.0 345.0 363.0 391.0 289.0 Grasp 0
402.0 256.0 390.0 194.0 419.0 189.0 431.0 251.0 Grasp 0
375.0 141.0 350.0 76.0 377.0 66.0 402.0 131.0 Grasp 0
322.0 184.0 234.0 140.0 247.0 114.0 335.0 158.0 Grasp 0
289.0 115.0 272.0 206.0 243.0 200.0 260.0 109.0 Grasp 0
380.0 262.0 367.0 197.0 396.0 191.0 408.0 257.0 Grasp 0
429.0 307.0 385.0 377.0 360.0 362.0 404.0 291.0 Grasp 0
360.0 166.0 271.0 121.0 284.0 95.0 373.0 140.0 Grasp 0
345.0 377.0 273.0 299.0 295.0 279.0 367.0 357.0 Grasp 0
288.0 185.0 254.0 130.0 279.0 114.0 313.0 170.0 Grasp 0
431.0 121.0 392.0 58.0 416.0 43.0 455.0 106.0 Grasp 0
395.0 133.0 368.0 64.0 395.0 54.0 422.0 123.0 Grasp 0
443.0 33.0 443.0 120.0 414.0 120.0 414.0 33.0 Grasp 0
446.0 186.0 432.0 262.0 403.0 257.0 417.0 181.0 Grasp 0
425.0 187.0 410.0 270.0 381.0 264.0 396.0 182.0 Grasp 0
436.0 313.0 399.0 373.0 374.0 358.0 411.0 298.0 Grasp 0
288.0 363.0 275.0 293.0 304.0 288.0 317.0 357.0 Grasp 0
310.0 190.0 222.0 146.0 236.0 119.0 323.0 163.0 Grasp 0
