400.0 306.0 363.0 366.0 338.0 351.0 376.0 290.0 Grasp 0
378.0 259.0 324.0 218.0 341.0 195.0 395.0 236.0 Grasp 0
401.0 298.0 388.0 365.0 360.0 359.0 372.0 293.0 Grasp 0
374.0 263.0 296.0 224.0 309.0 199.0 386.0 237.0 Grasp 0
250.0 133.0 231.0 81.0 259.0 70.0 279.0 122.0 Grasp 0
276.0 76.0 266.0 131.0 236.0 125.0 246.0 71.0 Grasp 0
376.0 290.0 349.0 359.0 322.0 349.0 349.0 279.0 Grasp 0
355.0 266.0 277.0 228.0 290.0 202.0 368.0 241.0 Grasp 0
265.0 131.0 254.0 72.0 284.0 67.0 295.0 125.0 Grasp 0
351.0 277.0 277.0 333.0 259.0 310.0 333.0 254.0 Grasp 0
358.0 281.0 330.0 354.0 303.0 344.0 332.0 271.0 Grasp 0
378.0 290.0 316.0 358.0 294.0 338.0 356.0 270.0 Grasp 0
363.0 286.0 306.0 348.0 285.0 329.0 341.0 266.0 Grasp 0
261.0 133.0 238.0 75.0 266.0 64.0 289.0 122.0 Grasp 0
385.0 290.0 372.0 362.0 343.0 357.0 357.0 285.0 Grasp 0
248.0 235.0 232.0 276.0 206.0 266.0 222.0 225.0 Grasp 0
285.0 133.0 273.0 71.0 303.0 65.0 315.0 128.0 Grasp 0
318.0 220.0 227.0 289.0 210.0 267.0 301.0 198.0 Grasp 0
362.0 281.0 288.0 337.0 270.0 314.0 344.0 258.0 Grasp 0
340.0 269.0 262.0 231.0 275.0 205.0 353.0 244.0 Grasp 0
351.0 278.0 251.0 328.0 238.0 302.0 338.0 252.0 Grasp 0
404.0 257.0 326.0 218.0 338.0 192.0 416.0 231.0 Grasp 0
410.0 311.0 375.0 369.0 350.0 353.0 386.0 296.0 Grasp 0
392.0 298.0 349.0 367.0 324.0 352.0 367.0 283.0 Grasp 0
374.0 366.0 360.0 291.0 388.0 285.0 402.0 361.0 Grasp 0
287.0 67.0 275.0 134.0 245.0 129.0 257.0 62.0 Grasp 0
