371.0 107.0 356.0 82.0 380.0 67.0 396.0 92.0 Grasp 0
287.0 193.0 277.0 217.0 246.0 205.0 255.0 180.0 Grasp 0
269.0 193.0 249.0 208.0 229.0 182.0 249.0 167.0 Grasp 0
432.0 305.0 402.0 353.0 377.0 338.0 407.0 290.0 Grasp 0
357.0 120.0 335.0 104.0 353.0 81.0 375.0 97.0 Grasp 0
602.0 199.0 570.0 223.0 553.0 200.0 585.0 176.0 Grasp 0
385.0 98.0 372.0 65.0 399.0 55.0 412.0 88.0 Grasp 0
592.0 173.0 565.0 203.0 543.0 184.0 571.0 153.0 Grasp 0
445.0 44.0 437.0 85.0 408.0 80.0 416.0 38.0 Grasp 0
507.0 71.0 444.0 23.0 462.0 1.0 525.0 48.0 Grasp 0
250.0 173.0 238.0 192.0 210.0 175.0 222.0 155.0 Grasp 0
351.0 233.0 336.0 257.0 308.0 240.0 323.0 216.0 Grasp 0
301.0 194.0 208.0 240.0 194.0 212.0 287.0 166.0 Grasp 0
320.0 206.0 311.0 231.0 280.0 219.0 290.0 194.0 Grasp 0
367.0 249.0 348.0 269.0 325.0 248.0 343.0 227.0 Grasp 0
571.0 162.0 531.0 158.0 534.0 129.0 574.0 133.0 Grasp 0
226.0 357.0 209.0 344.0 226.0 322.0 244.0 334.0 Grasp 0
373.0 261.0 354.0 281.0 331.0 259.0 349.0 239.0 Grasp 0
236.0 275.0 188.0 261.0 196.0 232.0 244.0 246.0 Grasp 0
231.0 292.0 182.0 278.0 190.0 249.0 239.0 263.0 Grasp 0
415.0 56.0 415.0 92.0 387.0 92.0 387.0 56.0 Grasp 0
220.0 303.0 171.0 289.0 179.0 260.0 228.0 274.0 Grasp 0
402.0 216.0 396.0 188.0 425.0 183.0 430.0 211.0 Grasp 0
437.0 53.0 429.0 94.0 401.0 88.0 408.0 48.0 Grasp 0
492.0 110.0 465.0 117.0 458.0 90.0 485.0 82.0 Grasp 0
584.0 177.0 554.0 209.0 533.0 190.0 562.0 157.0 Grasp 0
401.0 300.0 378.0 311.0 365.0 285.0 388.0 273.0 Grasp 0
564.0 135.0 530.0 151.0 518.0 126.0 551.0 109.0 Grasp 0
571.0 149.0 528.0 161.0 520.0 133.0 563.0 121.0 Grasp 0
565.0 119.0 534.0 143.0 517.0 120.0 547.0 96.0 Grasp 0
567.0 113.0 551.0 197.0 523.0 192.0 539.0 107.0 Grasp 0
514.0 174.0 514.0 203.0 485.0 203.0 485.0 174.0 Grasp 0
422.0 218.0 399.0 159.0 426.0 148.0 449.0 208.0 Grasp 0
282.0 183.0 236.0 218.0 216.0 192.0 262.0 157.0 Grasp 0
516.0 82.0 444.0 47.0 457.0 21.0 528.0 57.0 Grasp 0
574.0 158.0 553.0 193.0 528.0 177.0 550.0 143.0 Grasp 0
305.0 204.0 291.0 226.0 263.0 209.0 277.0 187.0 Grasp 0
597.0 189.0 567.0 212.0 549.0 189.0 580.0 166.0 Grasp 0
388.0 281.0 366.0 297.0 348.0 273.0 369.0 256.0 Grasp 0
373.0 98.0 361.0 67.0 388.0 56.0 400.0 88.0 Grasp 0
240.0 296.0 190.0 291.0 192.0 261.0 242.0 266.0 Grasp 0
368.0 105.0 346.0 88.0 363.0 64.0 386.0 81.0 Grasp 0
421.0 49.0 421.0 86.0 393.0 86.0 393.0 49.0 Grasp 0
166.0 380.0 154.0 360.0 181.0 343.0 194.0 363.0 Grasp 0
587.0 156.0 564.0 194.0 539.0 178.0 562.0 141.0 Grasp 0
183.0 365.0 172.0 347.0 196.0 332.0 207.0 350.0 Grasp 0
582.0 198.0 509.0 162.0 522.0 136.0 595.0 173.0 Grasp 0
198.0 364.0 184.0 349.0 205.0 330.0 219.0 345.0 Grasp 0
293.0 195.0 184.0 226.0 176.0 196.0 285.0 165.0 Grasp 0
533.0 75.0 462.0 40.0 475.0 14.0 546.0 49.0 Grasp 0
463.0 341.0 463.0 369.0 431.0 369.0 431.0 341.0 Grasp 0
244.0 367.0 226.0 358.0 239.0 332.0 257.0 341.0 Grasp 0
337.0 217.0 327.0 243.0 296.0 232.0 307.0 205.0 Grasp 0
588.0 191.0 556.0 215.0 538.0 192.0 570.0 168.0 Grasp 0
406.0 226.0 395.0 168.0 423.0 163.0 434.0 221.0 Grasp 0
553.0 125.0 524.0 147.0 507.0 124.0 536.0 103.0 Grasp 0
421.0 308.0 391.0 356.0 366.0 341.0 396.0 292.0 Grasp 0
561.0 161.0 537.0 199.0 512.0 184.0 536.0 146.0 Grasp 0
