394.0 310.0 350.0 239.0 377.0 222.0 421.0 293.0 Grasp 0
203.0 222.0 134.0 170.0 151.0 148.0 220.0 200.0 Grasp 0
373.0 329.0 326.0 254.0 353.0 237.0 400.0 313.0 Grasp 0
309.0 353.0 275.0 263.0 302.0 252.0 337.0 342.0 Grasp 0
274.0 121.0 220.0 94.0 233.0 67.0 288.0 94.0 Grasp 0
481.0 103.0 434.0 80.0 447.0 55.0 494.0 78.0 Grasp 0
438.0 269.0 400.0 209.0 428.0 192.0 465.0 252.0 Grasp 0
267.0 127.0 211.0 99.0 224.0 72.0 280.0 100.0 Grasp 0
200.0 213.0 143.0 150.0 163.0 131.0 221.0 194.0 Grasp 0
221.0 173.0 193.0 101.0 220.0 91.0 248.0 162.0 Grasp 0
405.0 296.0 363.0 229.0 391.0 212.0 432.0 279.0 Grasp 0
357.0 327.0 295.0 259.0 318.0 238.0 380.0 306.0 Grasp 0
219.0 177.0 179.0 113.0 203.0 98.0 243.0 162.0 Grasp 0
443.0 240.0 387.0 198.0 407.0 172.0 463.0 214.0 Grasp 0
256.0 130.0 193.0 112.0 201.0 83.0 264.0 101.0 Grasp 0
438.0 254.0 379.0 209.0 398.0 183.0 458.0 228.0 Grasp 0
471.0 121.0 430.0 91.0 448.0 68.0 488.0 98.0 Grasp 0
468.0 83.0 425.0 61.0 437.0 36.0 480.0 57.0 Grasp 0
380.0 44.0 342.0 105.0 317.0 90.0 356.0 29.0 Grasp 0
419.0 268.0 370.0 215.0 394.0 193.0 443.0 246.0 Grasp 0
265.0 112.0 217.0 76.0 235.0 52.0 283.0 88.0 Grasp 0
239.0 139.0 179.0 109.0 193.0 83.0 252.0 113.0 Grasp 0
490.0 90.0 441.0 75.0 448.0 48.0 498.0 62.0 Grasp 0
276.0 107.0 230.0 72.0 248.0 48.0 294.0 83.0 Grasp 0
364.0 43.0 326.0 105.0 301.0 90.0 340.0 28.0 Grasp 0
205.0 206.0 143.0 138.0 167.0 116.0 229.0 184.0 Grasp 0
401.0 278.0 360.0 212.0 388.0 195.0 428.0 261.0 Grasp 0
365.0 316.0 303.0 248.0 326.0 227.0 388.0 295.0 Grasp 0
378.0 320.0 333.0 247.0 360.0 230.0 405.0 303.0 Grasp 0
474.0 68.0 430.0 56.0 437.0 28.0 482.0 41.0 Grasp 0
251.0 136.0 186.0 130.0 189.0 101.0 254.0 107.0 Grasp 0
424.0 270.0 386.0 208.0 413.0 191.0 452.0 253.0 Grasp 0
327.0 339.0 262.0 268.0 284.0 247.0 349.0 318.0 Grasp 0
386.0 78.0 329.0 121.0 311.0 99.0 369.0 55.0 Grasp 0
419.0 289.0 378.0 224.0 406.0 207.0 446.0 272.0 Grasp 0
211.0 192.0 150.0 125.0 173.0 103.0 235.0 171.0 Grasp 0
308.0 370.0 256.0 286.0 281.0 270.0 333.0 354.0 Grasp 0
349.0 336.0 284.0 265.0 308.0 244.0 372.0 315.0 Grasp 0
