379.0 70.0 307.0 106.0 294.0 81.0 367.0 44.0 Grasp 0
471.0 114.0 464.0 155.0 435.0 150.0 443.0 108.0 Grasp 0
376.0 97.0 294.0 121.0 286.0 93.0 368.0 70.0 Grasp 0
188.0 194.0 111.0 187.0 114.0 157.0 191.0 164.0 Grasp 0
226.0 104.0 179.0 52.0 201.0 32.0 248.0 84.0 Grasp 0
481.0 271.0 454.0 227.0 479.0 212.0 506.0 256.0 Grasp 0
247.0 363.0 206.0 352.0 213.0 324.0 255.0 336.0 Grasp 0
262.0 313.0 228.0 258.0 252.0 243.0 286.0 298.0 Grasp 0
254.0 71.0 231.0 13.0 258.0 2.0 281.0 61.0 Grasp 0
185.0 223.0 111.0 216.0 113.0 186.0 188.0 193.0 Grasp 0
207.0 358.0 179.0 402.0 155.0 387.0 182.0 343.0 Grasp 0
265.0 382.0 235.0 429.0 211.0 414.0 240.0 367.0 Grasp 0
410.0 320.0 341.0 326.0 339.0 298.0 407.0 292.0 Grasp 0
428.0 292.0 411.0 248.0 438.0 238.0 455.0 281.0 Grasp 0
193.0 181.0 113.0 174.0 116.0 144.0 196.0 152.0 Grasp 0
186.0 272.0 112.0 266.0 115.0 237.0 188.0 243.0 Grasp 0
264.0 74.0 207.0 30.0 224.0 7.0 282.0 50.0 Grasp 0
266.0 384.0 207.0 428.0 189.0 405.0 249.0 361.0 Grasp 0
216.0 130.0 146.0 95.0 159.0 69.0 229.0 103.0 Grasp 0
453.0 281.0 440.0 248.0 467.0 238.0 480.0 270.0 Grasp 0
195.0 230.0 129.0 263.0 116.0 237.0 182.0 204.0 Grasp 0
252.0 337.0 218.0 282.0 243.0 267.0 277.0 322.0 Grasp 0
187.0 235.0 116.0 242.0 113.0 212.0 185.0 206.0 Grasp 0
254.0 83.0 195.0 38.0 212.0 14.0 272.0 59.0 Grasp 0
488.0 118.0 477.0 173.0 449.0 167.0 459.0 113.0 Grasp 0
254.0 355.0 172.0 348.0 175.0 319.0 257.0 327.0 Grasp 0
371.0 108.0 290.0 131.0 282.0 103.0 363.0 80.0 Grasp 0
195.0 171.0 118.0 149.0 127.0 120.0 203.0 142.0 Grasp 0
617.0 252.0 546.0 272.0 537.0 243.0 609.0 223.0 Grasp 0
393.0 147.0 387.0 113.0 416.0 107.0 422.0 142.0 Grasp 0
186.0 213.0 111.0 206.0 114.0 176.0 189.0 183.0 Grasp 0
496.0 119.0 483.0 185.0 454.0 179.0 467.0 114.0 Grasp 0
249.0 85.0 221.0 14.0 248.0 3.0 276.0 75.0 Grasp 0
604.0 259.0 553.0 285.0 539.0 258.0 591.0 232.0 Grasp 0
195.0 155.0 134.0 109.0 152.0 85.0 213.0 131.0 Grasp 0
271.0 289.0 235.0 231.0 260.0 216.0 296.0 274.0 Grasp 0
275.0 388.0 248.0 431.0 224.0 416.0 250.0 373.0 Grasp 0
250.0 369.0 193.0 412.0 176.0 389.0 232.0 346.0 Grasp 0
446.0 108.0 438.0 150.0 410.0 144.0 418.0 103.0 Grasp 0
210.0 269.0 173.0 311.0 152.0 291.0 189.0 250.0 Grasp 0
256.0 353.0 185.0 407.0 167.0 384.0 239.0 330.0 Grasp 0
364.0 123.0 283.0 146.0 275.0 118.0 356.0 95.0 Grasp 0
239.0 436.0 187.0 353.0 212.0 337.0 263.0 420.0 Grasp 0
235.0 93.0 190.0 44.0 212.0 24.0 257.0 73.0 Grasp 0
410.0 295.0 386.0 234.0 414.0 223.0 437.0 285.0 Grasp 0
492.0 260.0 459.0 206.0 484.0 191.0 517.0 245.0 Grasp 0
447.0 286.0 428.0 256.0 453.0 240.0 472.0 271.0 Grasp 0
418.0 156.0 400.0 109.0 427.0 98.0 445.0 145.0 Grasp 0
257.0 325.0 223.0 270.0 248.0 255.0 282.0 310.0 Grasp 0
225.0 357.0 205.0 409.0 178.0 399.0 198.0 346.0 Grasp 0
473.0 281.0 433.0 251.0 450.0 228.0 490.0 258.0 Grasp 0
189.0 250.0 129.0 267.0 121.0 239.0 181.0 222.0 Grasp 0
368.0 124.0 275.0 170.0 262.0 144.0 355.0 98.0 Grasp 0
274.0 281.0 242.0 199.0 269.0 188.0 301.0 271.0 Grasp 0
602.0 275.0 548.0 280.0 545.0 250.0 599.0 245.0 Grasp 0
266.0 406.0 189.0 368.0 202.0 342.0 279.0 380.0 Grasp 0
204.0 351.0 193.0 408.0 165.0 402.0 176.0 346.0 Grasp 0
269.0 297.0 233.0 257.0 254.0 237.0 290.0 277.0 Grasp 0
185.0 245.0 117.0 251.0 115.0 222.0 182.0 216.0 Grasp 0
458.0 215.0 438.0 106.0 467.0 101.0 487.0 210.0 Grasp 0
215.0 123.0 156.0 78.0 174.0 55.0 233.0 99.0 Grasp 0
218.0 422.0 203.0 343.0 231.0 337.0 246.0 417.0 Grasp 0
473.0 276.0 450.0 239.0 475.0 223.0 498.0 260.0 Grasp 0
252.0 367.0 161.0 393.0 153.0 365.0 244.0 340.0 Grasp 0
462.0 112.0 449.0 146.0 421.0 135.0 434.0 101.0 Grasp 0
216.0 121.0 171.0 49.0 197.0 33.0 241.0 106.0 Grasp 0
258.0 350.0 211.0 345.0 214.0 317.0 261.0 321.0 Grasp 0
198.0 426.0 183.0 349.0 212.0 344.0 226.0 421.0 Grasp 0
208.0 348.0 208.0 414.0 179.0 414.0 179.0 348.0 Grasp 0
