376.0 268.0 376.0 331.0 346.0 331.0 346.0 268.0 Grasp 0
471.0 266.0 471.0 356.0 442.0 356.0 442.0 266.0 Grasp 0
399.0 269.0 387.0 333.0 358.0 327.0 369.0 264.0 Grasp 0
278.0 109.0 203.0 130.0 195.0 101.0 269.0 79.0 Grasp 0
298.0 227.0 279.0 277.0 252.0 267.0 271.0 217.0 Grasp 0
323.0 218.0 305.0 266.0 279.0 255.0 297.0 208.0 Grasp 0
383.0 244.0 358.0 271.0 336.0 251.0 361.0 224.0 Grasp 0
294.0 138.0 219.0 160.0 211.0 130.0 286.0 109.0 Grasp 0
243.0 232.0 197.0 227.0 200.0 197.0 246.0 201.0 Grasp 0
299.0 205.0 278.0 258.0 252.0 248.0 273.0 195.0 Grasp 0
419.0 261.0 419.0 333.0 390.0 333.0 390.0 261.0 Grasp 0
352.0 235.0 327.0 275.0 303.0 260.0 327.0 220.0 Grasp 0
409.0 268.0 409.0 337.0 379.0 337.0 379.0 268.0 Grasp 0
327.0 221.0 318.0 268.0 290.0 263.0 299.0 216.0 Grasp 0
335.0 211.0 326.0 258.0 298.0 253.0 307.0 205.0 Grasp 0
320.0 231.0 311.0 279.0 283.0 274.0 292.0 226.0 Grasp 0
278.0 164.0 201.0 172.0 198.0 141.0 276.0 134.0 Grasp 0
287.0 231.0 266.0 284.0 240.0 274.0 260.0 221.0 Grasp 0
372.0 243.0 346.0 271.0 325.0 252.0 351.0 224.0 Grasp 0
250.0 220.0 202.0 216.0 205.0 186.0 253.0 190.0 Grasp 0
254.0 109.0 181.0 130.0 173.0 100.0 245.0 79.0 Grasp 0
341.0 235.0 316.0 275.0 292.0 260.0 317.0 220.0 Grasp 0
442.0 261.0 428.0 337.0 399.0 332.0 413.0 256.0 Grasp 0
278.0 94.0 210.0 146.0 191.0 120.0 259.0 69.0 Grasp 0
466.0 267.0 450.0 350.0 422.0 345.0 437.0 262.0 Grasp 0
260.0 106.0 202.0 170.0 179.0 149.0 237.0 85.0 Grasp 0
235.0 208.0 189.0 194.0 197.0 165.0 243.0 179.0 Grasp 0
264.0 90.0 207.0 119.0 193.0 91.0 250.0 62.0 Grasp 0
242.0 96.0 213.0 169.0 184.0 158.0 213.0 85.0 Grasp 0
290.0 249.0 282.0 262.0 257.0 247.0 265.0 233.0 Grasp 0
309.0 229.0 300.0 281.0 272.0 276.0 281.0 224.0 Grasp 0
458.0 253.0 442.0 334.0 414.0 329.0 429.0 247.0 Grasp 0
319.0 207.0 300.0 256.0 273.0 246.0 293.0 197.0 Grasp 0
503.0 266.0 503.0 364.0 474.0 364.0 474.0 266.0 Grasp 0
415.0 261.0 391.0 324.0 363.0 313.0 387.0 250.0 Grasp 0
306.0 212.0 286.0 262.0 260.0 252.0 279.0 202.0 Grasp 0
393.0 255.0 381.0 318.0 352.0 313.0 363.0 249.0 Grasp 0
308.0 222.0 289.0 272.0 262.0 262.0 282.0 212.0 Grasp 0
281.0 178.0 224.0 183.0 221.0 154.0 278.0 148.0 Grasp 0
269.0 118.0 195.0 154.0 181.0 126.0 255.0 90.0 Grasp 0
265.0 191.0 212.0 195.0 210.0 165.0 262.0 160.0 Grasp 0
265.0 175.0 211.0 180.0 209.0 150.0 262.0 145.0 Grasp 0
381.0 229.0 361.0 260.0 337.0 245.0 357.0 214.0 Grasp 0
365.0 222.0 349.0 262.0 322.0 252.0 338.0 212.0 Grasp 0
349.0 215.0 332.0 259.0 306.0 248.0 323.0 205.0 Grasp 0
250.0 175.0 192.0 159.0 201.0 129.0 259.0 146.0 Grasp 0
341.0 231.0 332.0 279.0 304.0 274.0 313.0 226.0 Grasp 0
519.0 261.0 519.0 359.0 491.0 359.0 491.0 261.0 Grasp 0
404.0 280.0 392.0 346.0 363.0 340.0 375.0 274.0 Grasp 0
439.0 273.0 439.0 352.0 410.0 352.0 410.0 273.0 Grasp 0
290.0 117.0 211.0 140.0 202.0 109.0 281.0 87.0 Grasp 0
290.0 238.0 282.0 251.0 257.0 236.0 265.0 222.0 Grasp 0
238.0 215.0 189.0 210.0 192.0 180.0 240.0 184.0 Grasp 0
315.0 202.0 315.0 251.0 287.0 251.0 287.0 202.0 Grasp 0
254.0 209.0 207.0 204.0 209.0 174.0 257.0 178.0 Grasp 0
279.0 115.0 212.0 165.0 193.0 141.0 261.0 90.0 Grasp 0
331.0 231.0 321.0 280.0 293.0 274.0 302.0 226.0 Grasp 0
239.0 187.0 188.0 172.0 196.0 144.0 248.0 158.0 Grasp 0
248.0 86.0 206.0 153.0 180.0 137.0 222.0 69.0 Grasp 0
424.0 276.0 424.0 350.0 394.0 350.0 394.0 276.0 Grasp 0
436.0 251.0 422.0 326.0 393.0 320.0 407.0 245.0 Grasp 0
238.0 179.0 180.0 163.0 189.0 133.0 246.0 149.0 Grasp 0
244.0 193.0 187.0 188.0 190.0 158.0 247.0 164.0 Grasp 0
261.0 68.0 221.0 133.0 194.0 117.0 235.0 52.0 Grasp 0
274.0 124.0 195.0 116.0 198.0 85.0 277.0 93.0 Grasp 0
