564.0 94.0 488.0 132.0 475.0 104.0 550.0 67.0 Grasp 0
424.0 101.0 389.0 45.0 416.0 28.0 450.0 84.0 Grasp 0
426.0 94.0 397.0 21.0 426.0 10.0 455.0 83.0 Grasp 0
457.0 356.0 420.0 296.0 446.0 280.0 483.0 340.0 Grasp 0
399.0 98.0 368.0 49.0 394.0 33.0 425.0 82.0 Grasp 0
394.0 89.0 381.0 22.0 412.0 17.0 424.0 84.0 Grasp 0
508.0 327.0 462.0 253.0 488.0 237.0 534.0 311.0 Grasp 0
579.0 122.0 490.0 131.0 487.0 100.0 576.0 92.0 Grasp 0
375.0 99.0 364.0 40.0 394.0 35.0 405.0 94.0 Grasp 0
575.0 137.0 482.0 146.0 479.0 115.0 572.0 107.0 Grasp 0
561.0 58.0 489.0 113.0 470.0 88.0 543.0 34.0 Grasp 0
569.0 80.0 494.0 118.0 480.0 90.0 555.0 53.0 Grasp 0
382.0 87.0 370.0 25.0 401.0 20.0 412.0 81.0 Grasp 0
502.0 345.0 447.0 285.0 470.0 264.0 525.0 324.0 Grasp 0
450.0 339.0 423.0 268.0 451.0 257.0 478.0 328.0 Grasp 0
477.0 329.0 435.0 262.0 461.0 246.0 503.0 313.0 Grasp 0
586.0 160.0 487.0 151.0 490.0 120.0 589.0 130.0 Grasp 0
431.0 346.0 407.0 283.0 435.0 272.0 459.0 335.0 Grasp 0
