252.0 330.0 227.0 288.0 251.0 273.0 277.0 315.0 Grasp 0
225.0 133.0 185.0 113.0 198.0 88.0 238.0 107.0 Grasp 0
425.0 136.0 363.0 153.0 355.0 124.0 417.0 106.0 Grasp 0
413.0 152.0 348.0 158.0 346.0 127.0 411.0 121.0 Grasp 0
343.0 210.0 272.0 216.0 269.0 187.0 340.0 180.0 Grasp 0
402.0 137.0 340.0 154.0 332.0 125.0 393.0 108.0 Grasp 0
237.0 131.0 202.0 104.0 219.0 82.0 254.0 108.0 Grasp 0
553.0 214.0 498.0 187.0 511.0 160.0 567.0 187.0 Grasp 0
381.0 316.0 300.0 324.0 298.0 293.0 378.0 286.0 Grasp 0
343.0 200.0 280.0 194.0 283.0 164.0 346.0 170.0 Grasp 0
594.0 317.0 508.0 342.0 500.0 315.0 586.0 290.0 Grasp 0
226.0 115.0 191.0 88.0 208.0 66.0 243.0 92.0 Grasp 0
219.0 97.0 190.0 64.0 211.0 45.0 241.0 78.0 Grasp 0
234.0 151.0 191.0 139.0 198.0 111.0 242.0 123.0 Grasp 0
358.0 211.0 295.0 205.0 297.0 175.0 361.0 181.0 Grasp 0
340.0 361.0 310.0 284.0 339.0 273.0 369.0 350.0 Grasp 0
236.0 186.0 191.0 190.0 189.0 162.0 233.0 158.0 Grasp 0
415.0 105.0 375.0 150.0 352.0 130.0 393.0 85.0 Grasp 0
388.0 348.0 322.0 299.0 341.0 274.0 406.0 323.0 Grasp 0
251.0 170.0 206.0 174.0 203.0 146.0 248.0 141.0 Grasp 0
233.0 169.0 189.0 165.0 191.0 137.0 236.0 141.0 Grasp 0
237.0 197.0 194.0 209.0 186.0 182.0 229.0 170.0 Grasp 0
230.0 108.0 201.0 76.0 222.0 56.0 251.0 89.0 Grasp 0
258.0 319.0 232.0 278.0 257.0 263.0 282.0 304.0 Grasp 0
228.0 161.0 185.0 149.0 193.0 121.0 236.0 133.0 Grasp 0
