299.0 141.0 268.0 150.0 260.0 122.0 291.0 113.0 Grasp 0
559.0 109.0 559.0 159.0 530.0 159.0 530.0 109.0 Grasp 0
466.0 92.0 444.0 94.0 441.0 66.0 464.0 64.0 Grasp 0
311.0 6.0 308.0 23.0 280.0 18.0 284.0 0.0 Grasp 0
283.0 117.0 258.0 130.0 245.0 104.0 271.0 91.0 Grasp 0
309.0 172.0 297.0 241.0 266.0 235.0 279.0 167.0 Grasp 0
339.0 179.0 325.0 254.0 294.0 249.0 309.0 173.0 Grasp 0
284.0 172.0 272.0 235.0 240.0 230.0 252.0 166.0 Grasp 0
548.0 110.0 548.0 168.0 519.0 168.0 519.0 110.0 Grasp 0
580.0 113.0 570.0 165.0 541.0 159.0 551.0 107.0 Grasp 0
430.0 70.0 413.0 83.0 395.0 60.0 413.0 47.0 Grasp 0
567.0 126.0 556.0 182.0 528.0 176.0 538.0 120.0 Grasp 0
435.0 79.0 415.0 89.0 402.0 63.0 422.0 53.0 Grasp 0
278.0 130.0 247.0 139.0 239.0 111.0 270.0 102.0 Grasp 0
602.0 145.0 572.0 193.0 548.0 178.0 577.0 130.0 Grasp 0
257.0 92.0 225.0 101.0 218.0 74.0 249.0 65.0 Grasp 0
408.0 61.0 392.0 74.0 374.0 51.0 391.0 38.0 Grasp 0
307.0 33.0 300.0 16.0 327.0 6.0 333.0 23.0 Grasp 0
263.0 91.0 240.0 109.0 222.0 86.0 246.0 68.0 Grasp 0
274.0 111.0 245.0 125.0 233.0 99.0 262.0 85.0 Grasp 0
344.0 28.0 332.0 41.0 311.0 22.0 323.0 9.0 Grasp 0
289.0 135.0 258.0 144.0 250.0 117.0 281.0 108.0 Grasp 0
588.0 105.0 578.0 159.0 550.0 153.0 560.0 100.0 Grasp 0
517.0 155.0 506.0 99.0 535.0 94.0 545.0 150.0 Grasp 0
601.0 115.0 581.0 167.0 554.0 157.0 574.0 105.0 Grasp 0
334.0 24.0 321.0 37.0 300.0 18.0 313.0 4.0 Grasp 0
321.0 186.0 308.0 258.0 277.0 253.0 291.0 180.0 Grasp 0
301.0 165.0 272.0 168.0 270.0 140.0 299.0 137.0 Grasp 0
292.0 157.0 260.0 160.0 257.0 131.0 289.0 128.0 Grasp 0
297.0 176.0 284.0 243.0 253.0 237.0 265.0 170.0 Grasp 0
605.0 117.0 595.0 172.0 567.0 167.0 577.0 112.0 Grasp 0
398.0 54.0 384.0 69.0 363.0 49.0 377.0 34.0 Grasp 0
306.0 148.0 277.0 162.0 265.0 136.0 293.0 122.0 Grasp 0
427.0 290.0 408.0 299.0 394.0 272.0 413.0 263.0 Grasp 0
274.0 94.0 245.0 109.0 233.0 83.0 261.0 69.0 Grasp 0
257.0 260.0 245.0 195.0 277.0 189.0 289.0 254.0 Grasp 0
350.0 173.0 350.0 254.0 318.0 254.0 318.0 173.0 Grasp 0
268.0 81.0 245.0 98.0 228.0 75.0 251.0 58.0 Grasp 0
289.0 146.0 257.0 155.0 249.0 127.0 281.0 118.0 Grasp 0
580.0 133.0 570.0 188.0 542.0 182.0 552.0 128.0 Grasp 0
444.0 82.0 422.0 89.0 414.0 61.0 436.0 55.0 Grasp 0
571.0 101.0 561.0 153.0 533.0 148.0 543.0 96.0 Grasp 0
333.0 164.0 307.0 232.0 277.0 220.0 303.0 153.0 Grasp 0
442.0 291.0 425.0 304.0 408.0 281.0 425.0 268.0 Grasp 0
333.0 170.0 319.0 241.0 289.0 235.0 303.0 164.0 Grasp 0
423.0 343.0 400.0 354.0 387.0 329.0 411.0 317.0 Grasp 0
296.0 28.0 290.0 11.0 316.0 1.0 323.0 18.0 Grasp 0
324.0 177.0 289.0 233.0 263.0 217.0 298.0 160.0 Grasp 0
279.0 261.0 266.0 194.0 297.0 189.0 310.0 256.0 Grasp 0
410.0 284.0 392.0 293.0 378.0 267.0 397.0 257.0 Grasp 0
295.0 150.0 267.0 164.0 254.0 139.0 283.0 125.0 Grasp 0
412.0 69.0 396.0 81.0 379.0 58.0 395.0 46.0 Grasp 0
602.0 158.0 560.0 190.0 542.0 167.0 584.0 135.0 Grasp 0
407.0 230.0 384.0 213.0 401.0 189.0 424.0 206.0 Grasp 0
531.0 148.0 520.0 91.0 549.0 86.0 560.0 143.0 Grasp 0
344.0 23.0 337.0 41.0 311.0 31.0 318.0 13.0 Grasp 0
