378.0 94.0 323.0 79.0 331.0 51.0 386.0 66.0 Grasp 0
343.0 159.0 276.0 109.0 294.0 85.0 361.0 136.0 Grasp 0
347.0 120.0 313.0 94.0 330.0 71.0 364.0 97.0 Grasp 0
448.0 321.0 418.0 244.0 446.0 233.0 477.0 310.0 Grasp 0
389.0 99.0 310.0 91.0 313.0 62.0 391.0 70.0 Grasp 0
302.0 243.0 246.0 334.0 219.0 317.0 275.0 227.0 Grasp 0
340.0 221.0 327.0 292.0 297.0 286.0 310.0 216.0 Grasp 0
491.0 290.0 471.0 239.0 499.0 228.0 519.0 279.0 Grasp 0
347.0 233.0 334.0 304.0 303.0 298.0 316.0 227.0 Grasp 0
469.0 318.0 425.0 247.0 451.0 231.0 495.0 302.0 Grasp 0
305.0 265.0 283.0 322.0 255.0 311.0 277.0 254.0 Grasp 0
357.0 102.0 326.0 78.0 343.0 55.0 375.0 79.0 Grasp 0
418.0 176.0 394.0 151.0 417.0 130.0 440.0 156.0 Grasp 0
477.0 293.0 459.0 245.0 487.0 234.0 505.0 283.0 Grasp 0
296.0 300.0 285.0 241.0 316.0 235.0 327.0 294.0 Grasp 0
324.0 235.0 311.0 306.0 281.0 300.0 294.0 229.0 Grasp 0
450.0 167.0 389.0 149.0 397.0 120.0 458.0 137.0 Grasp 0
369.0 87.0 337.0 63.0 355.0 40.0 387.0 64.0 Grasp 0
367.0 119.0 284.0 95.0 292.0 67.0 375.0 91.0 Grasp 0
350.0 220.0 350.0 290.0 318.0 290.0 318.0 220.0 Grasp 0
306.0 297.0 295.0 238.0 326.0 232.0 337.0 291.0 Grasp 0
238.0 327.0 191.0 276.0 214.0 255.0 260.0 306.0 Grasp 0
381.0 104.0 285.0 95.0 287.0 66.0 384.0 75.0 Grasp 0
358.0 203.0 346.0 270.0 315.0 264.0 328.0 198.0 Grasp 0
312.0 281.0 300.0 217.0 332.0 211.0 344.0 276.0 Grasp 0
393.0 213.0 370.0 153.0 398.0 142.0 421.0 203.0 Grasp 0
351.0 157.0 247.0 148.0 249.0 119.0 354.0 128.0 Grasp 0
430.0 324.0 415.0 243.0 445.0 238.0 460.0 318.0 Grasp 0
402.0 226.0 324.0 312.0 300.0 290.0 378.0 204.0 Grasp 0
364.0 125.0 260.0 116.0 263.0 87.0 366.0 96.0 Grasp 0
452.0 162.0 403.0 137.0 416.0 109.0 466.0 134.0 Grasp 0
408.0 193.0 381.0 150.0 407.0 135.0 433.0 177.0 Grasp 0
377.0 226.0 350.0 296.0 320.0 284.0 347.0 214.0 Grasp 0
435.0 168.0 398.0 141.0 417.0 117.0 453.0 144.0 Grasp 0
492.0 295.0 453.0 232.0 478.0 216.0 517.0 279.0 Grasp 0
313.0 243.0 300.0 315.0 270.0 310.0 283.0 237.0 Grasp 0
299.0 296.0 270.0 249.0 296.0 233.0 325.0 280.0 Grasp 0
358.0 111.0 316.0 90.0 329.0 64.0 371.0 85.0 Grasp 0
