303.0 89.0 233.0 124.0 219.0 97.0 290.0 62.0 Grasp 0
598.0 306.0 584.0 228.0 614.0 222.0 629.0 300.0 Grasp 0
619.0 300.0 572.0 225.0 598.0 208.0 645.0 284.0 Grasp 0
548.0 229.0 457.0 274.0 444.0 247.0 535.0 201.0 Grasp 0
561.0 327.0 543.0 231.0 574.0 225.0 592.0 321.0 Grasp 0
244.0 337.0 212.0 256.0 241.0 245.0 272.0 326.0 Grasp 0
584.0 317.0 552.0 233.0 581.0 221.0 614.0 305.0 Grasp 0
286.0 75.0 234.0 115.0 216.0 90.0 268.0 51.0 Grasp 0
628.0 295.0 584.0 225.0 610.0 209.0 654.0 279.0 Grasp 0
421.0 331.0 348.0 368.0 335.0 341.0 408.0 305.0 Grasp 0
602.0 310.0 527.0 189.0 554.0 173.0 628.0 293.0 Grasp 0
427.0 313.0 345.0 354.0 331.0 327.0 413.0 286.0 Grasp 0
279.0 259.0 231.0 337.0 205.0 321.0 253.0 243.0 Grasp 0
268.0 248.0 268.0 333.0 237.0 333.0 237.0 248.0 Grasp 0
