263.0 72.0 198.0 78.0 195.0 48.0 260.0 42.0 Grasp 0
325.0 261.0 313.0 193.0 343.0 187.0 356.0 255.0 Grasp 0
303.0 158.0 234.0 192.0 221.0 165.0 290.0 131.0 Grasp 0
449.0 394.0 400.0 315.0 425.0 300.0 474.0 379.0 Grasp 0
446.0 400.0 376.0 322.0 398.0 302.0 468.0 380.0 Grasp 0
287.0 115.0 220.0 148.0 207.0 121.0 274.0 88.0 Grasp 0
304.0 162.0 243.0 208.0 225.0 184.0 286.0 138.0 Grasp 0
269.0 290.0 222.0 238.0 244.0 218.0 291.0 270.0 Grasp 0
314.0 172.0 295.0 272.0 265.0 266.0 284.0 166.0 Grasp 0
478.0 54.0 400.0 76.0 392.0 47.0 470.0 25.0 Grasp 0
281.0 96.0 213.0 130.0 199.0 104.0 267.0 70.0 Grasp 0
290.0 130.0 230.0 160.0 216.0 134.0 277.0 104.0 Grasp 0
316.0 173.0 316.0 263.0 286.0 263.0 286.0 173.0 Grasp 0
542.0 198.0 415.0 210.0 412.0 181.0 540.0 169.0 Grasp 0
399.0 404.0 368.0 324.0 396.0 313.0 427.0 393.0 Grasp 0
434.0 404.0 363.0 326.0 385.0 306.0 456.0 384.0 Grasp 0
357.0 418.0 325.0 335.0 353.0 324.0 385.0 407.0 Grasp 0
333.0 195.0 317.0 277.0 287.0 272.0 302.0 189.0 Grasp 0
275.0 86.0 209.0 119.0 195.0 93.0 262.0 60.0 Grasp 0
313.0 180.0 256.0 223.0 238.0 199.0 295.0 156.0 Grasp 0
228.0 453.0 211.0 364.0 241.0 358.0 257.0 448.0 Grasp 0
266.0 49.0 196.0 55.0 194.0 26.0 263.0 20.0 Grasp 0
301.0 148.0 234.0 182.0 221.0 155.0 288.0 122.0 Grasp 0
283.0 277.0 241.0 230.0 263.0 210.0 306.0 257.0 Grasp 0
563.0 289.0 550.0 223.0 578.0 218.0 591.0 284.0 Grasp 0
410.0 412.0 337.0 332.0 359.0 312.0 432.0 392.0 Grasp 0
262.0 43.0 195.0 36.0 198.0 7.0 265.0 14.0 Grasp 0
473.0 34.0 402.0 69.0 389.0 43.0 460.0 8.0 Grasp 0
414.0 399.0 383.0 319.0 410.0 309.0 441.0 389.0 Grasp 0
268.0 85.0 206.0 102.0 198.0 74.0 260.0 56.0 Grasp 0
357.0 240.0 339.0 192.0 368.0 180.0 387.0 228.0 Grasp 0
347.0 252.0 327.0 148.0 357.0 142.0 376.0 247.0 Grasp 0
200.0 272.0 192.0 226.0 221.0 221.0 230.0 266.0 Grasp 0
338.0 191.0 338.0 267.0 307.0 267.0 307.0 191.0 Grasp 0
308.0 188.0 241.0 207.0 233.0 178.0 300.0 159.0 Grasp 0
421.0 407.0 350.0 329.0 372.0 309.0 443.0 387.0 Grasp 0
254.0 292.0 197.0 229.0 219.0 209.0 276.0 272.0 Grasp 0
319.0 267.0 224.0 196.0 242.0 172.0 337.0 243.0 Grasp 0
544.0 170.0 409.0 208.0 401.0 180.0 536.0 142.0 Grasp 0
305.0 134.0 242.0 203.0 220.0 183.0 283.0 114.0 Grasp 0
294.0 289.0 229.0 240.0 247.0 216.0 312.0 265.0 Grasp 0
305.0 273.0 239.0 224.0 257.0 199.0 323.0 249.0 Grasp 0
493.0 375.0 409.0 312.0 427.0 289.0 510.0 352.0 Grasp 0
368.0 410.0 352.0 325.0 381.0 320.0 397.0 404.0 Grasp 0
239.0 449.0 223.0 361.0 252.0 355.0 269.0 444.0 Grasp 0
451.0 388.0 420.0 310.0 448.0 299.0 478.0 377.0 Grasp 0
367.0 414.0 335.0 332.0 363.0 321.0 395.0 403.0 Grasp 0
423.0 397.0 392.0 317.0 420.0 306.0 451.0 386.0 Grasp 0
305.0 160.0 284.0 274.0 254.0 268.0 275.0 155.0 Grasp 0
510.0 101.0 431.0 161.0 413.0 137.0 492.0 77.0 Grasp 0
307.0 432.0 274.0 348.0 302.0 337.0 335.0 422.0 Grasp 0
