288.0 465.0 240.0 451.0 248.0 424.0 296.0 437.0 Grasp 0
513.0 356.0 443.0 362.0 440.0 331.0 510.0 324.0 Grasp 0
473.0 366.0 411.0 320.0 430.0 294.0 492.0 341.0 Grasp 0
307.0 493.0 255.0 478.0 263.0 450.0 315.0 465.0 Grasp 0
326.0 445.0 271.0 440.0 274.0 410.0 329.0 415.0 Grasp 0
310.0 460.0 261.0 446.0 269.0 418.0 318.0 432.0 Grasp 0
203.0 232.0 187.0 251.0 162.0 228.0 179.0 210.0 Grasp 0
301.0 476.0 250.0 462.0 258.0 434.0 309.0 448.0 Grasp 0
328.0 414.0 268.0 408.0 271.0 377.0 331.0 383.0 Grasp 0
216.0 244.0 198.0 264.0 174.0 241.0 192.0 221.0 Grasp 0
483.0 62.0 432.0 37.0 446.0 8.0 497.0 34.0 Grasp 0
276.0 84.0 238.0 145.0 213.0 129.0 250.0 68.0 Grasp 0
266.0 77.0 202.0 109.0 188.0 82.0 252.0 50.0 Grasp 0
479.0 77.0 433.0 81.0 430.0 49.0 476.0 44.0 Grasp 0
477.0 364.0 424.0 306.0 448.0 285.0 501.0 342.0 Grasp 0
206.0 271.0 201.0 244.0 233.0 238.0 238.0 265.0 Grasp 0
496.0 366.0 432.0 372.0 429.0 341.0 494.0 335.0 Grasp 0
305.0 441.0 253.0 426.0 262.0 398.0 314.0 412.0 Grasp 0
654.0 158.0 591.0 190.0 575.0 158.0 639.0 127.0 Grasp 0
362.0 364.0 291.0 384.0 283.0 355.0 354.0 335.0 Grasp 0
213.0 277.0 208.0 250.0 240.0 244.0 245.0 271.0 Grasp 0
478.0 84.0 425.0 99.0 416.0 69.0 469.0 54.0 Grasp 0
108.0 251.0 71.0 210.0 93.0 190.0 130.0 231.0 Grasp 0
194.0 226.0 177.0 245.0 152.0 222.0 169.0 203.0 Grasp 0
250.0 90.0 194.0 132.0 176.0 108.0 232.0 66.0 Grasp 0
242.0 281.0 237.0 255.0 268.0 250.0 272.0 275.0 Grasp 0
345.0 223.0 342.0 206.0 375.0 199.0 379.0 217.0 Grasp 0
334.0 440.0 281.0 425.0 289.0 397.0 342.0 412.0 Grasp 0
281.0 501.0 231.0 476.0 245.0 450.0 294.0 475.0 Grasp 0
347.0 396.0 284.0 391.0 287.0 360.0 349.0 366.0 Grasp 0
475.0 65.0 421.0 49.0 430.0 19.0 484.0 34.0 Grasp 0
488.0 55.0 442.0 51.0 446.0 17.0 491.0 21.0 Grasp 0
372.0 360.0 298.0 339.0 307.0 309.0 381.0 330.0 Grasp 0
350.0 412.0 292.0 407.0 295.0 376.0 353.0 382.0 Grasp 0
311.0 474.0 267.0 451.0 279.0 425.0 324.0 448.0 Grasp 0
336.0 402.0 272.0 397.0 275.0 366.0 338.0 372.0 Grasp 0
332.0 423.0 277.0 418.0 279.0 387.0 334.0 393.0 Grasp 0
312.0 427.0 258.0 412.0 267.0 383.0 320.0 398.0 Grasp 0
209.0 231.0 200.0 254.0 170.0 242.0 179.0 219.0 Grasp 0
280.0 484.0 232.0 460.0 245.0 434.0 294.0 458.0 Grasp 0
226.0 280.0 216.0 254.0 247.0 242.0 257.0 268.0 Grasp 0
492.0 339.0 416.0 317.0 425.0 287.0 501.0 308.0 Grasp 0
380.0 318.0 297.0 342.0 288.0 312.0 371.0 288.0 Grasp 0
50.0 202.0 50.0 295.0 18.0 295.0 18.0 202.0 Grasp 0
294.0 456.0 244.0 442.0 252.0 413.0 302.0 428.0 Grasp 0
189.0 261.0 179.0 236.0 210.0 224.0 220.0 249.0 Grasp 0
650.0 152.0 605.0 202.0 579.0 178.0 624.0 128.0 Grasp 0
414.0 122.0 405.0 70.0 439.0 64.0 449.0 116.0 Grasp 0
500.0 323.0 439.0 353.0 424.0 325.0 486.0 295.0 Grasp 0
199.0 267.0 189.0 242.0 219.0 230.0 229.0 255.0 Grasp 0
472.0 71.0 420.0 66.0 423.0 34.0 475.0 39.0 Grasp 0
335.0 261.0 323.0 247.0 348.0 224.0 361.0 238.0 Grasp 0
99.0 226.0 82.0 182.0 110.0 172.0 127.0 215.0 Grasp 0
