314.0 281.0 304.0 309.0 277.0 299.0 288.0 271.0 Grasp 0
304.0 275.0 293.0 304.0 266.0 294.0 277.0 265.0 Grasp 0
480.0 175.0 404.0 182.0 401.0 152.0 478.0 145.0 Grasp 0
489.0 152.0 414.0 159.0 411.0 130.0 486.0 123.0 Grasp 0
332.0 334.0 327.0 304.0 355.0 299.0 360.0 328.0 Grasp 0
390.0 338.0 363.0 352.0 350.0 326.0 377.0 313.0 Grasp 0
344.0 292.0 338.0 324.0 310.0 319.0 316.0 287.0 Grasp 0
443.0 152.0 388.0 168.0 380.0 140.0 435.0 124.0 Grasp 0
468.0 245.0 405.0 197.0 423.0 172.0 487.0 221.0 Grasp 0
470.0 205.0 406.0 253.0 388.0 229.0 452.0 181.0 Grasp 0
469.0 186.0 404.0 234.0 386.0 210.0 451.0 162.0 Grasp 0
444.0 196.0 392.0 253.0 369.0 233.0 422.0 175.0 Grasp 0
290.0 263.0 273.0 290.0 248.0 275.0 265.0 248.0 Grasp 0
479.0 200.0 425.0 260.0 403.0 239.0 457.0 180.0 Grasp 0
458.0 195.0 430.0 267.0 402.0 256.0 430.0 184.0 Grasp 0
353.0 344.0 347.0 314.0 375.0 308.0 381.0 339.0 Grasp 0
304.0 265.0 293.0 293.0 266.0 283.0 277.0 255.0 Grasp 0
251.0 244.0 238.0 266.0 213.0 251.0 227.0 229.0 Grasp 0
471.0 214.0 389.0 222.0 386.0 192.0 468.0 184.0 Grasp 0
240.0 234.0 230.0 260.0 203.0 250.0 213.0 224.0 Grasp 0
410.0 345.0 388.0 362.0 371.0 339.0 393.0 323.0 Grasp 0
325.0 280.0 314.0 310.0 287.0 299.0 299.0 270.0 Grasp 0
365.0 299.0 360.0 328.0 332.0 323.0 337.0 293.0 Grasp 0
449.0 185.0 376.0 165.0 384.0 137.0 457.0 157.0 Grasp 0
229.0 235.0 220.0 259.0 193.0 249.0 203.0 225.0 Grasp 0
258.0 252.0 242.0 279.0 218.0 264.0 234.0 237.0 Grasp 0
398.0 341.0 379.0 355.0 362.0 333.0 381.0 318.0 Grasp 0
482.0 212.0 405.0 234.0 397.0 205.0 474.0 183.0 Grasp 0
475.0 229.0 396.0 207.0 405.0 178.0 483.0 200.0 Grasp 0
470.0 262.0 404.0 213.0 422.0 189.0 488.0 238.0 Grasp 0
452.0 201.0 411.0 266.0 385.0 250.0 426.0 185.0 Grasp 0
268.0 258.0 253.0 283.0 229.0 268.0 244.0 243.0 Grasp 0
270.0 250.0 248.0 274.0 227.0 255.0 248.0 231.0 Grasp 0
469.0 160.0 397.0 181.0 390.0 153.0 461.0 133.0 Grasp 0
476.0 193.0 403.0 186.0 406.0 156.0 479.0 163.0 Grasp 0
364.0 344.0 358.0 314.0 386.0 309.0 392.0 339.0 Grasp 0
334.0 287.0 328.0 319.0 300.0 313.0 306.0 282.0 Grasp 0
469.0 194.0 441.0 267.0 413.0 256.0 441.0 183.0 Grasp 0
460.0 228.0 379.0 235.0 376.0 205.0 457.0 198.0 Grasp 0
349.0 300.0 344.0 328.0 316.0 323.0 321.0 294.0 Grasp 0
293.0 272.0 283.0 296.0 257.0 286.0 266.0 262.0 Grasp 0
342.0 332.0 337.0 305.0 365.0 300.0 370.0 327.0 Grasp 0
327.0 322.0 321.0 293.0 349.0 288.0 354.0 317.0 Grasp 0
448.0 199.0 377.0 234.0 364.0 207.0 435.0 172.0 Grasp 0
455.0 226.0 396.0 181.0 414.0 157.0 474.0 202.0 Grasp 0
378.0 330.0 348.0 339.0 340.0 312.0 370.0 303.0 Grasp 0
369.0 327.0 341.0 341.0 328.0 315.0 356.0 302.0 Grasp 0
478.0 190.0 400.0 151.0 415.0 121.0 493.0 160.0 Grasp 0
278.0 265.0 264.0 287.0 240.0 272.0 254.0 250.0 Grasp 0
477.0 224.0 401.0 245.0 393.0 216.0 469.0 194.0 Grasp 0
457.0 157.0 403.0 244.0 377.0 228.0 431.0 141.0 Grasp 0
448.0 214.0 384.0 262.0 366.0 237.0 429.0 189.0 Grasp 0
485.0 239.0 404.0 231.0 407.0 201.0 488.0 208.0 Grasp 0
454.0 147.0 397.0 152.0 394.0 123.0 451.0 118.0 Grasp 0
453.0 157.0 382.0 177.0 374.0 149.0 445.0 129.0 Grasp 0
486.0 256.0 422.0 187.0 449.0 163.0 512.0 233.0 Grasp 0
