313.0 317.0 302.0 262.0 332.0 256.0 342.0 311.0 Grasp 0
491.0 47.0 406.0 71.0 398.0 43.0 483.0 19.0 Grasp 0
328.0 313.0 308.0 260.0 336.0 249.0 356.0 302.0 Grasp 0
391.0 155.0 348.0 201.0 325.0 180.0 367.0 133.0 Grasp 0
502.0 78.0 417.0 103.0 409.0 75.0 494.0 51.0 Grasp 0
276.0 348.0 217.0 354.0 214.0 324.0 273.0 318.0 Grasp 0
565.0 312.0 491.0 349.0 478.0 323.0 552.0 286.0 Grasp 0
576.0 312.0 516.0 357.0 498.0 334.0 559.0 288.0 Grasp 0
246.0 325.0 184.0 307.0 192.0 279.0 254.0 297.0 Grasp 0
307.0 307.0 287.0 255.0 315.0 244.0 335.0 296.0 Grasp 0
397.0 170.0 354.0 217.0 331.0 196.0 374.0 149.0 Grasp 0
288.0 38.0 213.0 60.0 205.0 31.0 280.0 10.0 Grasp 0
270.0 364.0 218.0 379.0 210.0 351.0 262.0 336.0 Grasp 0
411.0 207.0 355.0 235.0 341.0 207.0 396.0 179.0 Grasp 0
341.0 326.0 320.0 271.0 349.0 260.0 370.0 315.0 Grasp 0
294.0 57.0 222.0 93.0 208.0 66.0 280.0 30.0 Grasp 0
365.0 327.0 333.0 275.0 359.0 259.0 391.0 311.0 Grasp 0
324.0 319.0 294.0 271.0 320.0 255.0 350.0 303.0 Grasp 0
407.0 166.0 372.0 221.0 345.0 204.0 379.0 149.0 Grasp 0
418.0 192.0 360.0 221.0 346.0 192.0 403.0 163.0 Grasp 0
490.0 64.0 406.0 88.0 398.0 60.0 482.0 36.0 Grasp 0
278.0 353.0 221.0 369.0 213.0 340.0 270.0 324.0 Grasp 0
255.0 353.0 194.0 336.0 202.0 307.0 263.0 325.0 Grasp 0
438.0 231.0 377.0 249.0 369.0 219.0 430.0 201.0 Grasp 0
280.0 304.0 270.0 251.0 299.0 245.0 309.0 299.0 Grasp 0
259.0 359.0 206.0 374.0 198.0 346.0 251.0 331.0 Grasp 0
350.0 38.0 341.0 16.0 368.0 6.0 376.0 28.0 Grasp 0
502.0 103.0 422.0 111.0 420.0 82.0 500.0 74.0 Grasp 0
376.0 170.0 342.0 226.0 315.0 209.0 349.0 154.0 Grasp 0
423.0 209.0 366.0 238.0 352.0 209.0 409.0 181.0 Grasp 0
267.0 338.0 203.0 320.0 211.0 291.0 275.0 309.0 Grasp 0
370.0 154.0 337.0 207.0 310.0 190.0 343.0 138.0 Grasp 0
296.0 313.0 276.0 261.0 304.0 250.0 324.0 302.0 Grasp 0
392.0 349.0 356.0 345.0 359.0 317.0 395.0 320.0 Grasp 0
474.0 252.0 465.0 299.0 434.0 293.0 443.0 246.0 Grasp 0
427.0 225.0 366.0 243.0 357.0 213.0 419.0 195.0 Grasp 0
568.0 277.0 499.0 329.0 481.0 306.0 550.0 254.0 Grasp 0
490.0 65.0 412.0 104.0 399.0 78.0 477.0 39.0 Grasp 0
439.0 201.0 391.0 238.0 371.0 213.0 420.0 176.0 Grasp 0
253.0 337.0 191.0 331.0 194.0 301.0 256.0 307.0 Grasp 0
