327.0 332.0 301.0 265.0 329.0 254.0 355.0 321.0 Grasp 0
300.0 317.0 272.0 245.0 300.0 234.0 328.0 307.0 Grasp 0
301.0 121.0 250.0 82.0 267.0 59.0 319.0 98.0 Grasp 0
349.0 80.0 288.0 34.0 306.0 11.0 367.0 57.0 Grasp 0
347.0 100.0 288.0 56.0 305.0 33.0 365.0 77.0 Grasp 0
248.0 146.0 208.0 103.0 230.0 83.0 270.0 126.0 Grasp 0
305.0 346.0 277.0 273.0 306.0 262.0 334.0 335.0 Grasp 0
271.0 115.0 230.0 69.0 252.0 49.0 293.0 95.0 Grasp 0
277.0 132.0 236.0 87.0 258.0 67.0 299.0 112.0 Grasp 0
221.0 374.0 193.0 302.0 221.0 291.0 249.0 363.0 Grasp 0
246.0 160.0 201.0 126.0 220.0 102.0 265.0 136.0 Grasp 0
368.0 63.0 296.0 27.0 309.0 1.0 381.0 36.0 Grasp 0
326.0 102.0 270.0 60.0 288.0 37.0 343.0 79.0 Grasp 0
353.0 296.0 341.0 265.0 368.0 254.0 381.0 286.0 Grasp 0
267.0 135.0 216.0 97.0 234.0 73.0 285.0 111.0 Grasp 0
363.0 290.0 352.0 260.0 379.0 249.0 391.0 279.0 Grasp 0
319.0 113.0 265.0 72.0 282.0 49.0 337.0 89.0 Grasp 0
224.0 352.0 209.0 274.0 240.0 268.0 254.0 346.0 Grasp 0
342.0 297.0 330.0 265.0 358.0 254.0 370.0 286.0 Grasp 0
296.0 113.0 251.0 63.0 272.0 43.0 318.0 93.0 Grasp 0
272.0 357.0 244.0 285.0 272.0 274.0 300.0 346.0 Grasp 0
289.0 357.0 261.0 284.0 289.0 273.0 317.0 346.0 Grasp 0
279.0 146.0 232.0 111.0 249.0 87.0 297.0 123.0 Grasp 0
310.0 333.0 284.0 264.0 312.0 253.0 338.0 322.0 Grasp 0
294.0 331.0 266.0 258.0 294.0 247.0 322.0 320.0 Grasp 0
244.0 368.0 215.0 296.0 244.0 285.0 272.0 357.0 Grasp 0
259.0 173.0 214.0 139.0 232.0 115.0 277.0 149.0 Grasp 0
260.0 343.0 231.0 270.0 260.0 259.0 288.0 332.0 Grasp 0
255.0 364.0 227.0 291.0 255.0 280.0 283.0 353.0 Grasp 0
294.0 131.0 246.0 95.0 264.0 71.0 312.0 107.0 Grasp 0
275.0 158.0 223.0 132.0 236.0 106.0 288.0 131.0 Grasp 0
283.0 324.0 255.0 250.0 283.0 239.0 311.0 313.0 Grasp 0
244.0 346.0 215.0 273.0 244.0 262.0 272.0 335.0 Grasp 0
290.0 123.0 231.0 117.0 234.0 88.0 293.0 93.0 Grasp 0
308.0 92.0 254.0 51.0 272.0 28.0 326.0 69.0 Grasp 0
222.0 347.0 193.0 272.0 221.0 261.0 250.0 336.0 Grasp 0
321.0 77.0 263.0 34.0 280.0 10.0 339.0 54.0 Grasp 0
316.0 321.0 290.0 253.0 318.0 242.0 345.0 310.0 Grasp 0
277.0 336.0 249.0 264.0 278.0 253.0 305.0 325.0 Grasp 0
297.0 97.0 244.0 57.0 262.0 34.0 314.0 74.0 Grasp 0
326.0 77.0 276.0 22.0 297.0 3.0 347.0 58.0 Grasp 0
266.0 335.0 238.0 262.0 266.0 251.0 295.0 324.0 Grasp 0
265.0 145.0 218.0 109.0 236.0 86.0 283.0 122.0 Grasp 0
357.0 286.0 339.0 257.0 364.0 242.0 382.0 271.0 Grasp 0
300.0 139.0 244.0 111.0 257.0 84.0 314.0 112.0 Grasp 0
348.0 90.0 288.0 45.0 305.0 22.0 365.0 67.0 Grasp 0
327.0 316.0 301.0 247.0 329.0 236.0 355.0 305.0 Grasp 0
331.0 93.0 275.0 52.0 292.0 29.0 348.0 71.0 Grasp 0
