242.0 172.0 228.0 96.0 258.0 91.0 272.0 167.0 Grasp 0
463.0 287.0 449.0 360.0 421.0 354.0 434.0 282.0 Grasp 0
223.0 205.0 159.0 199.0 162.0 170.0 226.0 176.0 Grasp 0
208.0 87.0 147.0 154.0 125.0 134.0 186.0 67.0 Grasp 0
597.0 317.0 510.0 274.0 523.0 248.0 610.0 291.0 Grasp 0
640.0 195.0 548.0 169.0 556.0 142.0 648.0 168.0 Grasp 0
217.0 197.0 127.0 171.0 135.0 143.0 225.0 169.0 Grasp 0
426.0 282.0 426.0 356.0 397.0 356.0 397.0 282.0 Grasp 0
225.0 97.0 159.0 170.0 137.0 150.0 203.0 77.0 Grasp 0
429.0 282.0 395.0 368.0 368.0 358.0 402.0 271.0 Grasp 0
226.0 212.0 195.0 235.0 177.0 211.0 208.0 188.0 Grasp 0
422.0 198.0 338.0 157.0 352.0 130.0 435.0 172.0 Grasp 0
233.0 173.0 195.0 76.0 223.0 65.0 261.0 162.0 Grasp 0
296.0 185.0 177.0 218.0 168.0 189.0 287.0 155.0 Grasp 0
190.0 70.0 114.0 128.0 97.0 104.0 173.0 47.0 Grasp 0
226.0 210.0 169.0 215.0 166.0 186.0 223.0 181.0 Grasp 0
397.0 188.0 361.0 95.0 388.0 84.0 424.0 177.0 Grasp 0
632.0 227.0 538.0 200.0 546.0 172.0 640.0 199.0 Grasp 0
234.0 101.0 174.0 199.0 148.0 184.0 209.0 86.0 Grasp 0
604.0 311.0 505.0 320.0 503.0 291.0 601.0 282.0 Grasp 0
611.0 287.0 518.0 261.0 526.0 233.0 619.0 260.0 Grasp 0
443.0 283.0 410.0 368.0 383.0 358.0 416.0 273.0 Grasp 0
182.0 41.0 114.0 116.0 92.0 96.0 160.0 21.0 Grasp 0
436.0 360.0 422.0 283.0 450.0 278.0 464.0 355.0 Grasp 0
576.0 346.0 504.0 291.0 521.0 268.0 593.0 323.0 Grasp 0
254.0 96.0 254.0 160.0 224.0 160.0 224.0 96.0 Grasp 0
302.0 180.0 219.0 272.0 196.0 251.0 279.0 160.0 Grasp 0
448.0 284.0 433.0 364.0 405.0 358.0 420.0 278.0 Grasp 0
627.0 243.0 534.0 216.0 542.0 188.0 635.0 215.0 Grasp 0
646.0 180.0 554.0 154.0 562.0 126.0 653.0 152.0 Grasp 0
262.0 183.0 248.0 107.0 278.0 101.0 292.0 177.0 Grasp 0
201.0 80.0 128.0 135.0 110.0 112.0 183.0 57.0 Grasp 0
620.0 262.0 527.0 236.0 535.0 208.0 628.0 234.0 Grasp 0
624.0 252.0 530.0 226.0 538.0 198.0 632.0 224.0 Grasp 0
592.0 332.0 504.0 307.0 511.0 279.0 600.0 304.0 Grasp 0
252.0 177.0 238.0 101.0 267.0 96.0 282.0 171.0 Grasp 0
208.0 181.0 114.0 154.0 122.0 126.0 216.0 152.0 Grasp 0
