442.0 313.0 423.0 363.0 396.0 353.0 415.0 303.0 Grasp 0
411.0 315.0 388.0 375.0 361.0 365.0 384.0 305.0 Grasp 0
384.0 320.0 333.0 376.0 312.0 356.0 363.0 301.0 Grasp 0
396.0 315.0 356.0 379.0 332.0 364.0 372.0 299.0 Grasp 0
404.0 89.0 368.0 116.0 351.0 93.0 387.0 66.0 Grasp 0
415.0 313.0 405.0 363.0 377.0 358.0 387.0 307.0 Grasp 0
428.0 131.0 368.0 137.0 365.0 108.0 426.0 103.0 Grasp 0
475.0 182.0 439.0 240.0 415.0 225.0 451.0 167.0 Grasp 0
465.0 191.0 392.0 184.0 395.0 156.0 468.0 163.0 Grasp 0
482.0 220.0 448.0 246.0 430.0 223.0 465.0 198.0 Grasp 0
411.0 97.0 374.0 125.0 357.0 102.0 393.0 75.0 Grasp 0
478.0 208.0 439.0 238.0 421.0 216.0 461.0 185.0 Grasp 0
452.0 169.0 391.0 175.0 389.0 146.0 449.0 140.0 Grasp 0
419.0 116.0 369.0 131.0 361.0 103.0 412.0 89.0 Grasp 0
478.0 357.0 419.0 312.0 436.0 290.0 496.0 335.0 Grasp 0
415.0 361.0 397.0 316.0 424.0 305.0 442.0 351.0 Grasp 0
385.0 70.0 359.0 90.0 342.0 67.0 368.0 48.0 Grasp 0
363.0 271.0 258.0 241.0 266.0 212.0 371.0 242.0 Grasp 0
445.0 158.0 373.0 151.0 376.0 123.0 447.0 130.0 Grasp 0
388.0 316.0 378.0 371.0 349.0 366.0 360.0 310.0 Grasp 0
464.0 165.0 428.0 223.0 404.0 208.0 440.0 150.0 Grasp 0
353.0 309.0 249.0 280.0 257.0 251.0 361.0 281.0 Grasp 0
457.0 145.0 427.0 221.0 401.0 210.0 430.0 135.0 Grasp 0
415.0 111.0 356.0 116.0 353.0 88.0 413.0 82.0 Grasp 0
405.0 93.0 356.0 107.0 348.0 80.0 397.0 66.0 Grasp 0
436.0 142.0 375.0 148.0 372.0 119.0 433.0 114.0 Grasp 0
374.0 232.0 270.0 203.0 278.0 174.0 382.0 204.0 Grasp 0
370.0 247.0 265.0 217.0 273.0 189.0 378.0 219.0 Grasp 0
363.0 294.0 247.0 305.0 244.0 275.0 360.0 264.0 Grasp 0
398.0 82.0 364.0 107.0 347.0 85.0 381.0 59.0 Grasp 0
394.0 78.0 356.0 97.0 344.0 72.0 381.0 53.0 Grasp 0
470.0 174.0 434.0 232.0 410.0 217.0 446.0 159.0 Grasp 0
481.0 198.0 451.0 246.0 427.0 231.0 456.0 183.0 Grasp 0
430.0 310.0 407.0 367.0 381.0 357.0 403.0 299.0 Grasp 0
508.0 317.0 433.0 374.0 415.0 351.0 490.0 294.0 Grasp 0
446.0 129.0 417.0 204.0 390.0 193.0 419.0 119.0 Grasp 0
440.0 147.0 389.0 161.0 381.0 133.0 432.0 119.0 Grasp 0
358.0 293.0 252.0 263.0 261.0 234.0 366.0 264.0 Grasp 0
456.0 355.0 417.0 312.0 438.0 293.0 477.0 336.0 Grasp 0
488.0 205.0 459.0 251.0 435.0 236.0 463.0 190.0 Grasp 0
416.0 108.0 382.0 133.0 364.0 110.0 398.0 85.0 Grasp 0
