412.0 87.0 393.0 119.0 368.0 104.0 388.0 72.0 Grasp 0
450.0 89.0 450.0 157.0 421.0 157.0 421.0 89.0 Grasp 0
360.0 59.0 344.0 84.0 320.0 69.0 336.0 44.0 Grasp 0
224.0 307.0 210.0 232.0 239.0 227.0 253.0 302.0 Grasp 0
255.0 304.0 226.0 229.0 253.0 219.0 282.0 294.0 Grasp 0
468.0 304.0 405.0 373.0 384.0 354.0 447.0 285.0 Grasp 0
380.0 70.0 363.0 98.0 339.0 83.0 356.0 55.0 Grasp 0
468.0 118.0 409.0 148.0 396.0 122.0 456.0 93.0 Grasp 0
401.0 77.0 368.0 112.0 347.0 93.0 380.0 57.0 Grasp 0
416.0 158.0 401.0 77.0 429.0 72.0 444.0 152.0 Grasp 0
388.0 64.0 371.0 109.0 344.0 99.0 362.0 53.0 Grasp 0
505.0 140.0 483.0 177.0 458.0 162.0 481.0 125.0 Grasp 0
493.0 135.0 473.0 166.0 449.0 151.0 468.0 119.0 Grasp 0
473.0 305.0 442.0 356.0 417.0 341.0 449.0 290.0 Grasp 0
449.0 106.0 404.0 140.0 387.0 117.0 432.0 83.0 Grasp 0
432.0 97.0 374.0 126.0 361.0 100.0 419.0 72.0 Grasp 0
526.0 161.0 472.0 188.0 459.0 162.0 513.0 135.0 Grasp 0
480.0 192.0 466.0 116.0 494.0 111.0 508.0 187.0 Grasp 0
432.0 265.0 414.0 219.0 440.0 209.0 458.0 255.0 Grasp 0
463.0 116.0 386.0 138.0 378.0 110.0 455.0 88.0 Grasp 0
406.0 81.0 349.0 109.0 336.0 83.0 393.0 55.0 Grasp 0
513.0 149.0 414.0 159.0 411.0 130.0 510.0 121.0 Grasp 0
460.0 94.0 460.0 163.0 431.0 163.0 431.0 94.0 Grasp 0
517.0 137.0 517.0 185.0 488.0 185.0 488.0 137.0 Grasp 0
370.0 64.0 353.0 91.0 329.0 76.0 346.0 49.0 Grasp 0
381.0 65.0 349.0 99.0 328.0 80.0 360.0 46.0 Grasp 0
243.0 307.0 213.0 231.0 240.0 220.0 270.0 297.0 Grasp 0
477.0 110.0 466.0 168.0 438.0 162.0 448.0 105.0 Grasp 0
420.0 90.0 363.0 118.0 350.0 93.0 408.0 64.0 Grasp 0
441.0 103.0 383.0 132.0 370.0 106.0 428.0 78.0 Grasp 0
425.0 94.0 404.0 128.0 380.0 112.0 401.0 79.0 Grasp 0
448.0 258.0 424.0 220.0 449.0 205.0 472.0 243.0 Grasp 0
458.0 297.0 388.0 374.0 366.0 355.0 436.0 278.0 Grasp 0
