584.0 327.0 526.0 283.0 545.0 259.0 602.0 303.0 Grasp 0
517.0 377.0 480.0 317.0 505.0 301.0 542.0 361.0 Grasp 0
245.0 91.0 165.0 84.0 167.0 54.0 248.0 61.0 Grasp 0
419.0 138.0 378.0 71.0 402.0 56.0 444.0 123.0 Grasp 0
216.0 349.0 159.0 321.0 172.0 294.0 229.0 322.0 Grasp 0
251.0 69.0 164.0 61.0 167.0 30.0 253.0 38.0 Grasp 0
321.0 414.0 262.0 409.0 265.0 381.0 323.0 386.0 Grasp 0
308.0 429.0 262.0 416.0 270.0 388.0 316.0 401.0 Grasp 0
322.0 396.0 270.0 382.0 278.0 354.0 330.0 369.0 Grasp 0
430.0 296.0 378.0 336.0 360.0 313.0 413.0 273.0 Grasp 0
500.0 385.0 465.0 328.0 490.0 312.0 525.0 370.0 Grasp 0
487.0 312.0 487.0 397.0 458.0 397.0 458.0 312.0 Grasp 0
328.0 377.0 277.0 362.0 285.0 335.0 336.0 349.0 Grasp 0
615.0 283.0 550.0 251.0 564.0 224.0 629.0 256.0 Grasp 0
327.0 402.0 265.0 396.0 267.0 368.0 329.0 373.0 Grasp 0
634.0 277.0 539.0 268.0 542.0 238.0 636.0 247.0 Grasp 0
239.0 326.0 166.0 290.0 180.0 263.0 252.0 299.0 Grasp 0
402.0 152.0 342.0 86.0 364.0 67.0 424.0 132.0 Grasp 0
248.0 102.0 172.0 109.0 169.0 79.0 245.0 72.0 Grasp 0
437.0 312.0 386.0 351.0 369.0 328.0 420.0 289.0 Grasp 0
421.0 202.0 343.0 164.0 356.0 138.0 434.0 176.0 Grasp 0
438.0 138.0 394.0 68.0 419.0 52.0 462.0 122.0 Grasp 0
558.0 350.0 510.0 297.0 532.0 277.0 580.0 330.0 Grasp 0
609.0 303.0 539.0 268.0 552.0 241.0 622.0 276.0 Grasp 0
263.0 73.0 170.0 99.0 161.0 70.0 254.0 43.0 Grasp 0
221.0 343.0 152.0 292.0 171.0 268.0 239.0 319.0 Grasp 0
343.0 370.0 271.0 376.0 268.0 348.0 340.0 341.0 Grasp 0
530.0 371.0 491.0 307.0 516.0 291.0 556.0 355.0 Grasp 0
338.0 384.0 267.0 391.0 264.0 362.0 335.0 356.0 Grasp 0
417.0 140.0 357.0 75.0 379.0 55.0 438.0 120.0 Grasp 0
246.0 339.0 159.0 314.0 168.0 285.0 254.0 310.0 Grasp 0
