558.0 354.0 522.0 260.0 550.0 249.0 586.0 343.0 Grasp 0
193.0 70.0 111.0 202.0 65.0 174.0 147.0 41.0 Grasp 0
352.0 159.0 262.0 304.0 215.0 275.0 305.0 130.0 Grasp 0
221.0 82.0 136.0 218.0 90.0 190.0 175.0 53.0 Grasp 0
479.0 254.0 403.0 376.0 357.0 348.0 433.0 225.0 Grasp 0
509.0 277.0 404.0 392.0 364.0 355.0 468.0 240.0 Grasp 0
550.0 256.0 550.0 348.0 520.0 348.0 520.0 256.0 Grasp 0
502.0 258.0 448.0 398.0 397.0 378.0 451.0 238.0 Grasp 0
511.0 90.0 511.0 170.0 482.0 170.0 482.0 90.0 Grasp 0
376.0 162.0 311.0 331.0 260.0 311.0 325.0 142.0 Grasp 0
502.0 269.0 355.0 380.0 321.0 336.0 468.0 225.0 Grasp 0
397.0 176.0 332.0 342.0 281.0 322.0 345.0 156.0 Grasp 0
553.0 60.0 453.0 51.0 456.0 22.0 556.0 31.0 Grasp 0
311.0 134.0 223.0 276.0 176.0 247.0 264.0 105.0 Grasp 0
495.0 86.0 433.0 69.0 441.0 41.0 503.0 59.0 Grasp 0
409.0 157.0 375.0 69.0 401.0 58.0 436.0 147.0 Grasp 0
424.0 160.0 408.0 76.0 436.0 71.0 452.0 154.0 Grasp 0
430.0 200.0 368.0 360.0 316.0 340.0 379.0 180.0 Grasp 0
326.0 144.0 238.0 286.0 191.0 258.0 280.0 115.0 Grasp 0
286.0 118.0 198.0 260.0 152.0 231.0 240.0 89.0 Grasp 0
516.0 82.0 452.0 51.0 465.0 25.0 528.0 57.0 Grasp 0
539.0 257.0 521.0 352.0 492.0 347.0 510.0 251.0 Grasp 0
461.0 241.0 383.0 366.0 336.0 337.0 414.0 212.0 Grasp 0
488.0 84.0 448.0 53.0 465.0 31.0 505.0 61.0 Grasp 0
521.0 109.0 497.0 170.0 470.0 160.0 494.0 99.0 Grasp 0
540.0 259.0 540.0 348.0 510.0 348.0 510.0 259.0 Grasp 0
435.0 179.0 435.0 392.0 379.0 392.0 379.0 179.0 Grasp 0
522.0 259.0 505.0 350.0 476.0 345.0 493.0 254.0 Grasp 0
563.0 254.0 563.0 350.0 534.0 350.0 534.0 254.0 Grasp 0
