511.0 301.0 491.0 333.0 467.0 318.0 486.0 286.0 Grasp 0
520.0 302.0 476.0 350.0 454.0 330.0 498.0 282.0 Grasp 0
522.0 259.0 425.0 332.0 407.0 309.0 504.0 236.0 Grasp 0
532.0 256.0 476.0 194.0 497.0 175.0 553.0 237.0 Grasp 0
556.0 319.0 532.0 359.0 507.0 344.0 532.0 304.0 Grasp 0
553.0 252.0 525.0 206.0 549.0 191.0 577.0 237.0 Grasp 0
503.0 297.0 437.0 346.0 420.0 323.0 485.0 273.0 Grasp 0
420.0 165.0 353.0 199.0 340.0 173.0 408.0 139.0 Grasp 0
525.0 251.0 505.0 199.0 531.0 189.0 552.0 241.0 Grasp 0
588.0 326.0 571.0 369.0 544.0 358.0 561.0 315.0 Grasp 0
563.0 247.0 537.0 205.0 561.0 190.0 587.0 233.0 Grasp 0
608.0 334.0 594.0 370.0 567.0 360.0 581.0 324.0 Grasp 0
531.0 309.0 508.0 347.0 483.0 332.0 507.0 294.0 Grasp 0
444.0 194.0 345.0 203.0 343.0 174.0 441.0 165.0 Grasp 0
565.0 323.0 540.0 363.0 516.0 348.0 541.0 308.0 Grasp 0
303.0 162.0 209.0 154.0 212.0 124.0 306.0 133.0 Grasp 0
582.0 231.0 564.0 203.0 588.0 188.0 606.0 217.0 Grasp 0
304.0 213.0 199.0 243.0 191.0 215.0 296.0 185.0 Grasp 0
293.0 195.0 205.0 170.0 213.0 142.0 301.0 167.0 Grasp 0
490.0 282.0 436.0 341.0 415.0 321.0 468.0 262.0 Grasp 0
539.0 308.0 522.0 351.0 495.0 341.0 512.0 298.0 Grasp 0
506.0 249.0 473.0 195.0 497.0 180.0 530.0 234.0 Grasp 0
312.0 146.0 207.0 176.0 199.0 148.0 304.0 118.0 Grasp 0
577.0 239.0 553.0 213.0 574.0 194.0 597.0 220.0 Grasp 0
493.0 257.0 458.0 199.0 482.0 184.0 518.0 242.0 Grasp 0
297.0 182.0 205.0 156.0 213.0 128.0 305.0 154.0 Grasp 0
486.0 258.0 441.0 185.0 466.0 170.0 511.0 242.0 Grasp 0
529.0 306.0 491.0 348.0 469.0 328.0 507.0 287.0 Grasp 0
572.0 324.0 556.0 365.0 529.0 355.0 545.0 313.0 Grasp 0
601.0 328.0 584.0 373.0 557.0 363.0 574.0 318.0 Grasp 0
505.0 293.0 423.0 334.0 410.0 307.0 492.0 267.0 Grasp 0
299.0 214.0 201.0 223.0 198.0 194.0 297.0 185.0 Grasp 0
299.0 158.0 210.0 132.0 218.0 104.0 307.0 129.0 Grasp 0
548.0 316.0 512.0 355.0 491.0 335.0 526.0 296.0 Grasp 0
303.0 204.0 202.0 213.0 199.0 184.0 300.0 174.0 Grasp 0
524.0 309.0 434.0 354.0 421.0 328.0 512.0 283.0 Grasp 0
547.0 249.0 466.0 338.0 445.0 318.0 526.0 229.0 Grasp 0
577.0 195.0 554.0 253.0 528.0 243.0 550.0 184.0 Grasp 0
