436.0 289.0 436.0 379.0 406.0 379.0 406.0 289.0 Grasp 0
386.0 282.0 386.0 366.0 356.0 366.0 356.0 282.0 Grasp 0
452.0 279.0 449.0 263.0 477.0 258.0 479.0 274.0 Grasp 0
410.0 287.0 395.0 367.0 366.0 361.0 381.0 282.0 Grasp 0
398.0 290.0 359.0 352.0 334.0 337.0 373.0 274.0 Grasp 0
426.0 357.0 410.0 275.0 439.0 269.0 455.0 352.0 Grasp 0
580.0 255.0 567.0 322.0 539.0 316.0 552.0 249.0 Grasp 0
592.0 279.0 527.0 230.0 545.0 206.0 610.0 255.0 Grasp 0
246.0 369.0 209.0 342.0 227.0 319.0 263.0 346.0 Grasp 0
506.0 295.0 494.0 282.0 515.0 263.0 527.0 276.0 Grasp 0
375.0 282.0 375.0 365.0 345.0 365.0 345.0 282.0 Grasp 0
266.0 343.0 227.0 300.0 249.0 281.0 288.0 324.0 Grasp 0
266.0 358.0 229.0 317.0 250.0 298.0 287.0 339.0 Grasp 0
249.0 362.0 216.0 325.0 238.0 306.0 271.0 342.0 Grasp 0
536.0 315.0 510.0 248.0 536.0 238.0 562.0 305.0 Grasp 0
561.0 235.0 535.0 302.0 509.0 292.0 535.0 225.0 Grasp 0
246.0 351.0 213.0 314.0 235.0 295.0 268.0 331.0 Grasp 0
482.0 274.0 479.0 257.0 506.0 252.0 510.0 269.0 Grasp 0
399.0 294.0 371.0 367.0 343.0 357.0 372.0 283.0 Grasp 0
545.0 21.0 514.0 99.0 487.0 88.0 517.0 10.0 Grasp 0
387.0 287.0 347.0 353.0 322.0 338.0 363.0 272.0 Grasp 0
565.0 241.0 552.0 312.0 524.0 307.0 537.0 236.0 Grasp 0
558.0 224.0 532.0 292.0 505.0 281.0 531.0 214.0 Grasp 0
581.0 244.0 540.0 310.0 515.0 294.0 556.0 229.0 Grasp 0
452.0 292.0 452.0 378.0 422.0 378.0 422.0 292.0 Grasp 0
437.0 357.0 421.0 275.0 451.0 270.0 466.0 352.0 Grasp 0
277.0 344.0 237.0 301.0 259.0 281.0 299.0 325.0 Grasp 0
512.0 312.0 493.0 263.0 520.0 253.0 539.0 301.0 Grasp 0
426.0 279.0 410.0 363.0 382.0 357.0 397.0 274.0 Grasp 0
234.0 145.0 227.0 133.0 254.0 116.0 262.0 128.0 Grasp 0
375.0 290.0 338.0 350.0 313.0 334.0 350.0 274.0 Grasp 0
587.0 233.0 575.0 299.0 547.0 294.0 559.0 228.0 Grasp 0
462.0 275.0 459.0 257.0 486.0 252.0 490.0 269.0 Grasp 0
520.0 252.0 517.0 269.0 489.0 264.0 492.0 247.0 Grasp 0
