375.0 239.0 342.0 324.0 314.0 313.0 347.0 228.0 Grasp 0
304.0 85.0 231.0 49.0 244.0 23.0 317.0 60.0 Grasp 0
437.0 99.0 367.0 93.0 370.0 64.0 439.0 71.0 Grasp 0
249.0 300.0 198.0 275.0 211.0 249.0 262.0 274.0 Grasp 0
273.0 206.0 221.0 201.0 224.0 173.0 276.0 178.0 Grasp 0
249.0 291.0 193.0 286.0 196.0 257.0 251.0 262.0 Grasp 0
245.0 287.0 194.0 262.0 207.0 236.0 258.0 261.0 Grasp 0
418.0 132.0 356.0 114.0 364.0 87.0 426.0 105.0 Grasp 0
266.0 254.0 219.0 278.0 206.0 252.0 253.0 228.0 Grasp 0
272.0 128.0 207.0 110.0 215.0 82.0 280.0 101.0 Grasp 0
424.0 122.0 361.0 104.0 368.0 76.0 432.0 94.0 Grasp 0
283.0 148.0 227.0 132.0 235.0 105.0 291.0 121.0 Grasp 0
441.0 143.0 384.0 149.0 381.0 119.0 439.0 113.0 Grasp 0
435.0 275.0 386.0 355.0 361.0 340.0 411.0 260.0 Grasp 0
292.0 99.0 220.0 78.0 227.0 51.0 299.0 72.0 Grasp 0
293.0 118.0 227.0 99.0 235.0 72.0 301.0 91.0 Grasp 0
432.0 66.0 358.0 73.0 356.0 43.0 430.0 36.0 Grasp 0
282.0 238.0 230.0 253.0 222.0 225.0 274.0 210.0 Grasp 0
303.0 143.0 249.0 148.0 246.0 120.0 300.0 115.0 Grasp 0
239.0 323.0 196.0 291.0 213.0 268.0 256.0 300.0 Grasp 0
267.0 259.0 225.0 291.0 208.0 268.0 250.0 236.0 Grasp 0
259.0 333.0 207.0 318.0 215.0 290.0 267.0 305.0 Grasp 0
256.0 310.0 206.0 285.0 218.0 259.0 269.0 284.0 Grasp 0
289.0 200.0 236.0 195.0 238.0 167.0 291.0 172.0 Grasp 0
309.0 127.0 244.0 134.0 241.0 105.0 306.0 99.0 Grasp 0
280.0 139.0 220.0 122.0 228.0 94.0 288.0 112.0 Grasp 0
310.0 109.0 243.0 90.0 251.0 63.0 318.0 82.0 Grasp 0
278.0 222.0 230.0 227.0 227.0 198.0 275.0 193.0 Grasp 0
394.0 266.0 344.0 347.0 318.0 331.0 368.0 250.0 Grasp 0
287.0 206.0 236.0 220.0 228.0 193.0 279.0 178.0 Grasp 0
421.0 151.0 365.0 135.0 373.0 108.0 429.0 124.0 Grasp 0
440.0 84.0 368.0 77.0 370.0 47.0 443.0 54.0 Grasp 0
276.0 158.0 223.0 143.0 231.0 116.0 284.0 131.0 Grasp 0
450.0 92.0 377.0 85.0 379.0 57.0 453.0 64.0 Grasp 0
272.0 249.0 219.0 264.0 211.0 236.0 264.0 221.0 Grasp 0
265.0 190.0 211.0 185.0 213.0 156.0 267.0 161.0 Grasp 0
279.0 185.0 226.0 180.0 229.0 152.0 282.0 157.0 Grasp 0
242.0 319.0 188.0 303.0 196.0 275.0 250.0 290.0 Grasp 0
293.0 186.0 239.0 191.0 236.0 162.0 290.0 157.0 Grasp 0
279.0 228.0 231.0 241.0 223.0 214.0 271.0 200.0 Grasp 0
436.0 116.0 368.0 97.0 376.0 68.0 444.0 87.0 Grasp 0
256.0 243.0 202.0 238.0 205.0 209.0 259.0 214.0 Grasp 0
420.0 271.0 371.0 350.0 346.0 334.0 394.0 255.0 Grasp 0
269.0 212.0 224.0 225.0 216.0 198.0 261.0 185.0 Grasp 0
266.0 225.0 217.0 239.0 209.0 211.0 258.0 197.0 Grasp 0
301.0 123.0 236.0 117.0 238.0 89.0 304.0 95.0 Grasp 0
300.0 164.0 246.0 159.0 249.0 130.0 303.0 135.0 Grasp 0
258.0 327.0 209.0 303.0 222.0 276.0 271.0 301.0 Grasp 0
258.0 264.0 204.0 259.0 207.0 231.0 261.0 236.0 Grasp 0
312.0 90.0 235.0 68.0 242.0 41.0 319.0 63.0 Grasp 0
408.0 254.0 375.0 340.0 347.0 330.0 380.0 243.0 Grasp 0
452.0 286.0 402.0 366.0 377.0 351.0 427.0 271.0 Grasp 0
373.0 255.0 316.0 318.0 294.0 297.0 351.0 234.0 Grasp 0
255.0 345.0 207.0 331.0 215.0 303.0 263.0 317.0 Grasp 0
311.0 106.0 242.0 113.0 239.0 84.0 308.0 78.0 Grasp 0
266.0 238.0 217.0 252.0 209.0 225.0 258.0 211.0 Grasp 0
416.0 134.0 366.0 96.0 384.0 72.0 434.0 110.0 Grasp 0
409.0 249.0 360.0 329.0 335.0 313.0 384.0 233.0 Grasp 0
264.0 173.0 212.0 158.0 220.0 130.0 272.0 145.0 Grasp 0
436.0 160.0 383.0 155.0 386.0 125.0 439.0 130.0 Grasp 0
440.0 138.0 379.0 133.0 382.0 103.0 443.0 109.0 Grasp 0
243.0 300.0 206.0 259.0 227.0 239.0 265.0 280.0 Grasp 0
405.0 251.0 341.0 321.0 319.0 301.0 382.0 231.0 Grasp 0
237.0 333.0 186.0 318.0 194.0 291.0 245.0 305.0 Grasp 0
259.0 227.0 211.0 222.0 213.0 193.0 262.0 198.0 Grasp 0
279.0 103.0 211.0 84.0 219.0 57.0 287.0 76.0 Grasp 0
463.0 307.0 386.0 365.0 368.0 342.0 445.0 284.0 Grasp 0
470.0 296.0 425.0 369.0 399.0 354.0 445.0 280.0 Grasp 0
429.0 62.0 388.0 107.0 365.0 87.0 406.0 42.0 Grasp 0
258.0 268.0 202.0 284.0 194.0 256.0 250.0 240.0 Grasp 0
248.0 301.0 192.0 296.0 194.0 268.0 251.0 273.0 Grasp 0
242.0 339.0 195.0 335.0 198.0 306.0 244.0 310.0 Grasp 0
259.0 216.0 214.0 212.0 217.0 184.0 262.0 188.0 Grasp 0
248.0 283.0 212.0 243.0 234.0 223.0 270.0 263.0 Grasp 0
258.0 254.0 204.0 249.0 207.0 220.0 261.0 225.0 Grasp 0
262.0 280.0 209.0 275.0 212.0 247.0 265.0 252.0 Grasp 0
272.0 118.0 208.0 100.0 216.0 73.0 280.0 91.0 Grasp 0
255.0 243.0 208.0 267.0 195.0 241.0 243.0 217.0 Grasp 0
463.0 286.0 414.0 366.0 389.0 351.0 438.0 271.0 Grasp 0
233.0 309.0 188.0 275.0 205.0 252.0 250.0 285.0 Grasp 0
406.0 158.0 353.0 143.0 361.0 114.0 415.0 129.0 Grasp 0
313.0 97.0 241.0 103.0 238.0 75.0 310.0 69.0 Grasp 0
398.0 241.0 336.0 309.0 313.0 289.0 376.0 220.0 Grasp 0
