400.0 233.0 361.0 295.0 335.0 279.0 374.0 217.0 Grasp 0
412.0 298.0 376.0 325.0 359.0 302.0 394.0 275.0 Grasp 0
277.0 244.0 269.0 287.0 241.0 282.0 249.0 239.0 Grasp 0
273.0 175.0 236.0 178.0 233.0 150.0 270.0 146.0 Grasp 0
362.0 218.0 334.0 289.0 306.0 278.0 333.0 207.0 Grasp 0
268.0 165.0 231.0 168.0 228.0 139.0 265.0 136.0 Grasp 0
275.0 152.0 239.0 149.0 242.0 120.0 278.0 124.0 Grasp 0
379.0 204.0 342.0 263.0 316.0 247.0 353.0 188.0 Grasp 0
248.0 193.0 214.0 202.0 206.0 175.0 240.0 165.0 Grasp 0
293.0 139.0 259.0 129.0 267.0 102.0 301.0 111.0 Grasp 0
259.0 264.0 244.0 304.0 217.0 294.0 233.0 253.0 Grasp 0
377.0 190.0 338.0 254.0 312.0 238.0 352.0 174.0 Grasp 0
288.0 129.0 253.0 119.0 261.0 91.0 296.0 101.0 Grasp 0
250.0 257.0 227.0 295.0 203.0 280.0 226.0 242.0 Grasp 0
264.0 182.0 228.0 192.0 221.0 164.0 256.0 154.0 Grasp 0
388.0 236.0 349.0 298.0 324.0 282.0 362.0 220.0 Grasp 0
414.0 224.0 375.0 287.0 349.0 271.0 388.0 208.0 Grasp 0
265.0 248.0 249.0 288.0 223.0 278.0 238.0 238.0 Grasp 0
383.0 225.0 344.0 286.0 318.0 270.0 357.0 209.0 Grasp 0
283.0 160.0 248.0 163.0 245.0 135.0 281.0 132.0 Grasp 0
339.0 201.0 298.0 266.0 272.0 250.0 313.0 185.0 Grasp 0
291.0 299.0 275.0 258.0 301.0 248.0 317.0 289.0 Grasp 0
448.0 270.0 437.0 300.0 410.0 289.0 422.0 260.0 Grasp 0
361.0 190.0 321.0 255.0 295.0 239.0 335.0 174.0 Grasp 0
257.0 175.0 221.0 179.0 218.0 150.0 254.0 147.0 Grasp 0
284.0 247.0 284.0 290.0 256.0 290.0 256.0 247.0 Grasp 0
272.0 260.0 264.0 303.0 236.0 298.0 244.0 255.0 Grasp 0
273.0 268.0 273.0 310.0 245.0 310.0 245.0 268.0 Grasp 0
249.0 264.0 233.0 304.0 207.0 294.0 223.0 253.0 Grasp 0
285.0 146.0 249.0 143.0 252.0 114.0 288.0 117.0 Grasp 0
260.0 307.0 252.0 266.0 280.0 260.0 288.0 302.0 Grasp 0
397.0 213.0 358.0 277.0 332.0 261.0 372.0 197.0 Grasp 0
270.0 303.0 262.0 260.0 290.0 255.0 298.0 298.0 Grasp 0
226.0 194.0 219.0 158.0 248.0 152.0 254.0 188.0 Grasp 0
442.0 275.0 425.0 302.0 400.0 286.0 416.0 260.0 Grasp 0
286.0 135.0 249.0 132.0 251.0 103.0 288.0 106.0 Grasp 0
455.0 285.0 439.0 311.0 414.0 296.0 430.0 270.0 Grasp 0
406.0 245.0 365.0 311.0 339.0 295.0 380.0 229.0 Grasp 0
426.0 258.0 375.0 314.0 353.0 294.0 404.0 238.0 Grasp 0
333.0 184.0 293.0 249.0 267.0 233.0 307.0 168.0 Grasp 0
256.0 241.0 233.0 279.0 209.0 264.0 232.0 227.0 Grasp 0
275.0 321.0 259.0 279.0 285.0 269.0 301.0 310.0 Grasp 0
417.0 241.0 377.0 305.0 351.0 289.0 391.0 225.0 Grasp 0
344.0 208.0 317.0 277.0 289.0 266.0 316.0 197.0 Grasp 0
219.0 201.0 206.0 166.0 233.0 155.0 246.0 190.0 Grasp 0
298.0 129.0 264.0 119.0 272.0 92.0 306.0 102.0 Grasp 0
421.0 304.0 392.0 336.0 371.0 317.0 400.0 285.0 Grasp 0
