243.0 369.0 152.0 361.0 155.0 333.0 246.0 341.0 Grasp 0
421.0 108.0 378.0 39.0 403.0 23.0 446.0 93.0 Grasp 0
514.0 181.0 496.0 135.0 523.0 124.0 541.0 171.0 Grasp 0
467.0 227.0 427.0 196.0 445.0 172.0 485.0 203.0 Grasp 0
366.0 243.0 310.0 304.0 288.0 284.0 344.0 222.0 Grasp 0
460.0 81.0 405.0 20.0 426.0 1.0 482.0 62.0 Grasp 0
327.0 197.0 293.0 286.0 264.0 275.0 299.0 186.0 Grasp 0
404.0 275.0 347.0 338.0 324.0 317.0 381.0 254.0 Grasp 0
382.0 256.0 325.0 317.0 302.0 297.0 359.0 235.0 Grasp 0
502.0 256.0 493.0 306.0 464.0 300.0 474.0 250.0 Grasp 0
575.0 147.0 561.0 182.0 534.0 172.0 548.0 137.0 Grasp 0
504.0 132.0 504.0 185.0 475.0 185.0 475.0 132.0 Grasp 0
492.0 180.0 470.0 146.0 495.0 130.0 516.0 165.0 Grasp 0
417.0 114.0 363.0 55.0 384.0 35.0 438.0 95.0 Grasp 0
358.0 236.0 302.0 297.0 279.0 276.0 335.0 215.0 Grasp 0
613.0 201.0 571.0 233.0 554.0 210.0 596.0 178.0 Grasp 0
610.0 220.0 571.0 231.0 563.0 203.0 602.0 192.0 Grasp 0
396.0 123.0 366.0 45.0 392.0 35.0 423.0 113.0 Grasp 0
526.0 311.0 512.0 276.0 539.0 266.0 553.0 301.0 Grasp 0
608.0 190.0 579.0 213.0 561.0 189.0 591.0 167.0 Grasp 0
574.0 290.0 553.0 267.0 575.0 247.0 596.0 270.0 Grasp 0
241.0 348.0 152.0 339.0 154.0 311.0 243.0 319.0 Grasp 0
535.0 276.0 528.0 312.0 499.0 306.0 506.0 271.0 Grasp 0
449.0 90.0 395.0 30.0 416.0 11.0 471.0 71.0 Grasp 0
343.0 223.0 271.0 278.0 252.0 253.0 325.0 198.0 Grasp 0
559.0 302.0 541.0 256.0 568.0 245.0 586.0 291.0 Grasp 0
421.0 292.0 366.0 352.0 344.0 331.0 398.0 272.0 Grasp 0
604.0 237.0 574.0 240.0 571.0 211.0 601.0 209.0 Grasp 0
416.0 284.0 358.0 347.0 335.0 326.0 392.0 263.0 Grasp 0
342.0 216.0 295.0 291.0 269.0 275.0 316.0 199.0 Grasp 0
390.0 256.0 342.0 333.0 316.0 316.0 363.0 240.0 Grasp 0
334.0 178.0 265.0 289.0 239.0 273.0 308.0 162.0 Grasp 0
472.0 193.0 445.0 173.0 463.0 150.0 490.0 170.0 Grasp 0
590.0 284.0 552.0 265.0 566.0 239.0 603.0 258.0 Grasp 0
348.0 38.0 256.0 107.0 238.0 83.0 330.0 14.0 Grasp 0
472.0 245.0 422.0 208.0 440.0 184.0 490.0 222.0 Grasp 0
446.0 314.0 390.0 375.0 367.0 354.0 423.0 293.0 Grasp 0
604.0 179.0 572.0 214.0 550.0 195.0 583.0 159.0 Grasp 0
461.0 214.0 429.0 190.0 447.0 167.0 478.0 191.0 Grasp 0
500.0 178.0 484.0 138.0 512.0 127.0 527.0 167.0 Grasp 0
545.0 129.0 537.0 171.0 508.0 165.0 515.0 124.0 Grasp 0
515.0 317.0 498.0 271.0 525.0 261.0 542.0 306.0 Grasp 0
560.0 302.0 536.0 275.0 557.0 256.0 582.0 282.0 Grasp 0
561.0 136.0 547.0 173.0 519.0 162.0 533.0 126.0 Grasp 0
604.0 248.0 574.0 239.0 582.0 211.0 613.0 220.0 Grasp 0
432.0 305.0 379.0 364.0 355.0 342.0 409.0 284.0 Grasp 0
540.0 311.0 517.0 275.0 542.0 260.0 565.0 296.0 Grasp 0
437.0 99.0 384.0 40.0 405.0 20.0 459.0 79.0 Grasp 0
546.0 270.0 537.0 317.0 508.0 311.0 516.0 264.0 Grasp 0
497.0 255.0 480.0 301.0 453.0 290.0 470.0 245.0 Grasp 0
219.0 226.0 160.0 290.0 139.0 270.0 197.0 206.0 Grasp 0
598.0 172.0 574.0 198.0 553.0 179.0 576.0 153.0 Grasp 0
366.0 184.0 257.0 303.0 235.0 283.0 344.0 163.0 Grasp 0
237.0 336.0 139.0 287.0 152.0 261.0 250.0 310.0 Grasp 0
371.0 208.0 243.0 245.0 234.0 216.0 362.0 179.0 Grasp 0
221.0 222.0 162.0 317.0 137.0 301.0 196.0 207.0 Grasp 0
598.0 269.0 564.0 259.0 572.0 231.0 606.0 240.0 Grasp 0
245.0 377.0 157.0 385.0 154.0 357.0 242.0 349.0 Grasp 0
320.0 182.0 251.0 294.0 225.0 278.0 294.0 166.0 Grasp 0
484.0 186.0 457.0 156.0 478.0 137.0 505.0 166.0 Grasp 0
547.0 307.0 533.0 273.0 561.0 262.0 574.0 296.0 Grasp 0
527.0 280.0 515.0 312.0 487.0 301.0 499.0 269.0 Grasp 0
387.0 126.0 359.0 55.0 386.0 44.0 414.0 116.0 Grasp 0
511.0 192.0 444.0 173.0 452.0 144.0 519.0 163.0 Grasp 0
360.0 188.0 241.0 278.0 223.0 254.0 342.0 164.0 Grasp 0
