213.0 40.0 160.0 79.0 142.0 55.0 195.0 16.0 Grasp 0
282.0 86.0 211.0 140.0 192.0 115.0 264.0 61.0 Grasp 0
244.0 49.0 179.0 81.0 165.0 54.0 230.0 22.0 Grasp 0
416.0 312.0 366.0 231.0 391.0 216.0 441.0 297.0 Grasp 0
428.0 162.0 383.0 88.0 409.0 72.0 454.0 146.0 Grasp 0
231.0 62.0 179.0 119.0 157.0 99.0 209.0 42.0 Grasp 0
340.0 367.0 298.0 335.0 316.0 312.0 357.0 343.0 Grasp 0
443.0 299.0 378.0 228.0 400.0 208.0 465.0 279.0 Grasp 0
455.0 143.0 395.0 78.0 418.0 57.0 478.0 123.0 Grasp 0
259.0 70.0 187.0 106.0 173.0 79.0 246.0 43.0 Grasp 0
404.0 160.0 371.0 74.0 400.0 63.0 433.0 149.0 Grasp 0
517.0 41.0 429.0 49.0 426.0 19.0 514.0 10.0 Grasp 0
380.0 357.0 289.0 331.0 298.0 303.0 388.0 329.0 Grasp 0
363.0 175.0 345.0 78.0 375.0 72.0 393.0 169.0 Grasp 0
384.0 170.0 367.0 81.0 397.0 76.0 414.0 165.0 Grasp 0
237.0 39.0 175.0 70.0 161.0 43.0 223.0 12.0 Grasp 0
393.0 367.0 314.0 328.0 327.0 302.0 406.0 341.0 Grasp 0
435.0 152.0 388.0 76.0 415.0 60.0 461.0 135.0 Grasp 0
372.0 172.0 355.0 80.0 385.0 75.0 403.0 166.0 Grasp 0
225.0 48.0 168.0 90.0 150.0 66.0 207.0 24.0 Grasp 0
405.0 344.0 319.0 320.0 327.0 292.0 413.0 316.0 Grasp 0
429.0 313.0 378.0 231.0 404.0 216.0 454.0 297.0 Grasp 0
531.0 51.0 433.0 60.0 430.0 27.0 528.0 18.0 Grasp 0
328.0 369.0 287.0 338.0 305.0 314.0 346.0 345.0 Grasp 0
328.0 356.0 288.0 325.0 306.0 302.0 346.0 332.0 Grasp 0
397.0 324.0 363.0 238.0 391.0 227.0 425.0 313.0 Grasp 0
