369.0 96.0 322.0 100.0 319.0 69.0 366.0 65.0 Grasp 0
389.0 134.0 331.0 139.0 329.0 108.0 386.0 103.0 Grasp 0
398.0 292.0 330.0 311.0 321.0 282.0 389.0 263.0 Grasp 0
414.0 310.0 350.0 358.0 332.0 334.0 396.0 286.0 Grasp 0
280.0 337.0 187.0 311.0 195.0 282.0 288.0 309.0 Grasp 0
577.0 221.0 577.0 321.0 547.0 321.0 547.0 221.0 Grasp 0
281.0 313.0 195.0 305.0 198.0 276.0 284.0 284.0 Grasp 0
577.0 341.0 499.0 319.0 506.0 291.0 585.0 313.0 Grasp 0
388.0 261.0 318.0 281.0 310.0 252.0 380.0 232.0 Grasp 0
594.0 296.0 539.0 236.0 562.0 216.0 616.0 275.0 Grasp 0
554.0 115.0 513.0 111.0 516.0 80.0 557.0 84.0 Grasp 0
527.0 175.0 486.0 154.0 500.0 127.0 541.0 147.0 Grasp 0
288.0 325.0 209.0 348.0 201.0 320.0 280.0 297.0 Grasp 0
550.0 366.0 490.0 320.0 507.0 297.0 568.0 343.0 Grasp 0
543.0 161.0 492.0 146.0 500.0 116.0 551.0 131.0 Grasp 0
416.0 339.0 346.0 358.0 338.0 330.0 408.0 310.0 Grasp 0
405.0 153.0 329.0 146.0 332.0 115.0 408.0 122.0 Grasp 0
564.0 85.0 517.0 90.0 514.0 59.0 561.0 54.0 Grasp 0
410.0 321.0 340.0 341.0 331.0 312.0 402.0 292.0 Grasp 0
357.0 48.0 317.0 45.0 320.0 14.0 360.0 17.0 Grasp 0
401.0 276.0 337.0 325.0 319.0 301.0 383.0 252.0 Grasp 0
581.0 342.0 501.0 350.0 498.0 321.0 578.0 314.0 Grasp 0
357.0 63.0 307.0 48.0 315.0 18.0 366.0 33.0 Grasp 0
394.0 278.0 324.0 298.0 316.0 269.0 386.0 249.0 Grasp 0
282.0 317.0 202.0 324.0 200.0 295.0 279.0 287.0 Grasp 0
616.0 261.0 538.0 284.0 530.0 254.0 607.0 232.0 Grasp 0
482.0 217.0 460.0 161.0 489.0 150.0 511.0 206.0 Grasp 0
602.0 230.0 564.0 330.0 535.0 319.0 574.0 219.0 Grasp 0
280.0 340.0 197.0 332.0 200.0 303.0 283.0 310.0 Grasp 0
423.0 140.0 423.0 216.0 392.0 216.0 392.0 140.0 Grasp 0
492.0 212.0 476.0 127.0 507.0 121.0 523.0 206.0 Grasp 0
570.0 64.0 519.0 79.0 511.0 49.0 561.0 34.0 Grasp 0
285.0 167.0 193.0 213.0 179.0 187.0 272.0 141.0 Grasp 0
608.0 243.0 536.0 278.0 523.0 252.0 594.0 216.0 Grasp 0
274.0 166.0 196.0 174.0 193.0 145.0 272.0 137.0 Grasp 0
281.0 156.0 196.0 199.0 183.0 172.0 268.0 130.0 Grasp 0
416.0 321.0 368.0 375.0 345.0 355.0 394.0 301.0 Grasp 0
372.0 108.0 324.0 113.0 321.0 82.0 369.0 77.0 Grasp 0
522.0 186.0 477.0 164.0 491.0 136.0 536.0 159.0 Grasp 0
591.0 319.0 510.0 296.0 518.0 268.0 599.0 291.0 Grasp 0
568.0 47.0 521.0 60.0 512.0 30.0 560.0 17.0 Grasp 0
543.0 147.0 500.0 135.0 509.0 105.0 551.0 117.0 Grasp 0
406.0 288.0 341.0 337.0 323.0 313.0 388.0 264.0 Grasp 0
593.0 321.0 501.0 312.0 504.0 283.0 595.0 291.0 Grasp 0
283.0 294.0 198.0 302.0 196.0 272.0 280.0 265.0 Grasp 0
434.0 151.0 434.0 221.0 403.0 221.0 403.0 151.0 Grasp 0
281.0 312.0 188.0 285.0 196.0 257.0 289.0 284.0 Grasp 0
382.0 123.0 327.0 128.0 324.0 97.0 379.0 92.0 Grasp 0
405.0 305.0 333.0 326.0 325.0 297.0 396.0 276.0 Grasp 0
386.0 254.0 304.0 262.0 301.0 232.0 384.0 224.0 Grasp 0
560.0 79.0 517.0 75.0 520.0 45.0 563.0 48.0 Grasp 0
623.0 271.0 544.0 311.0 530.0 284.0 609.0 244.0 Grasp 0
554.0 105.0 519.0 101.0 522.0 71.0 556.0 74.0 Grasp 0
491.0 214.0 466.0 151.0 495.0 140.0 520.0 202.0 Grasp 0
360.0 71.0 312.0 67.0 315.0 35.0 363.0 40.0 Grasp 0
614.0 243.0 557.0 305.0 534.0 285.0 591.0 223.0 Grasp 0
