437.0 103.0 413.0 43.0 441.0 32.0 464.0 93.0 Grasp 0
433.0 117.0 386.0 65.0 408.0 46.0 455.0 97.0 Grasp 0
364.0 198.0 288.0 176.0 299.0 140.0 375.0 162.0 Grasp 0
453.0 98.0 428.0 34.0 455.0 23.0 480.0 87.0 Grasp 0
381.0 173.0 298.0 149.0 308.0 113.0 392.0 137.0 Grasp 0
321.0 257.0 264.0 228.0 280.0 195.0 338.0 224.0 Grasp 0
338.0 233.0 275.0 202.0 292.0 169.0 355.0 200.0 Grasp 0
473.0 91.0 437.0 33.0 462.0 17.0 498.0 75.0 Grasp 0
230.0 161.0 216.0 232.0 186.0 226.0 200.0 155.0 Grasp 0
490.0 86.0 441.0 32.0 463.0 12.0 512.0 66.0 Grasp 0
421.0 124.0 374.0 73.0 396.0 53.0 443.0 104.0 Grasp 0
222.0 325.0 191.0 292.0 212.0 272.0 243.0 306.0 Grasp 0
347.0 212.0 286.0 182.0 303.0 148.0 364.0 178.0 Grasp 0
273.0 158.0 242.0 239.0 213.0 227.0 245.0 146.0 Grasp 0
416.0 130.0 352.0 81.0 370.0 58.0 434.0 107.0 Grasp 0
496.0 288.0 464.0 372.0 437.0 362.0 469.0 278.0 Grasp 0
482.0 285.0 427.0 374.0 403.0 358.0 457.0 270.0 Grasp 0
371.0 186.0 294.0 164.0 304.0 128.0 382.0 150.0 Grasp 0
329.0 246.0 268.0 215.0 285.0 182.0 346.0 213.0 Grasp 0
413.0 115.0 392.0 63.0 420.0 52.0 440.0 105.0 Grasp 0
371.0 165.0 314.0 136.0 331.0 103.0 388.0 132.0 Grasp 0
493.0 287.0 493.0 353.0 464.0 353.0 464.0 287.0 Grasp 0
352.0 203.0 294.0 139.0 322.0 113.0 380.0 177.0 Grasp 0
505.0 84.0 420.0 42.0 433.0 15.0 518.0 57.0 Grasp 0
426.0 107.0 403.0 50.0 431.0 39.0 453.0 96.0 Grasp 0
504.0 293.0 476.0 363.0 449.0 353.0 477.0 282.0 Grasp 0
256.0 159.0 242.0 231.0 212.0 225.0 225.0 153.0 Grasp 0
490.0 80.0 456.0 25.0 481.0 9.0 515.0 64.0 Grasp 0
452.0 107.0 403.0 53.0 425.0 33.0 474.0 87.0 Grasp 0
241.0 161.0 227.0 233.0 197.0 227.0 210.0 155.0 Grasp 0
214.0 234.0 200.0 160.0 230.0 154.0 244.0 229.0 Grasp 0
319.0 270.0 257.0 202.0 285.0 176.0 347.0 244.0 Grasp 0
364.0 182.0 304.0 136.0 326.0 107.0 386.0 152.0 Grasp 0
