447.0 65.0 398.0 28.0 415.0 5.0 465.0 42.0 Grasp 0
456.0 320.0 447.0 368.0 418.0 362.0 427.0 314.0 Grasp 0
451.0 98.0 396.0 57.0 414.0 33.0 469.0 75.0 Grasp 0
457.0 355.0 446.0 301.0 476.0 295.0 486.0 350.0 Grasp 0
260.0 244.0 260.0 316.0 230.0 316.0 230.0 244.0 Grasp 0
499.0 82.0 499.0 109.0 471.0 109.0 471.0 82.0 Grasp 0
490.0 384.0 461.0 337.0 486.0 321.0 515.0 369.0 Grasp 0
416.0 133.0 372.0 85.0 394.0 64.0 438.0 113.0 Grasp 0
429.0 121.0 369.0 91.0 382.0 64.0 442.0 94.0 Grasp 0
515.0 77.0 515.0 98.0 486.0 98.0 486.0 77.0 Grasp 0
208.0 322.0 196.0 257.0 225.0 252.0 238.0 316.0 Grasp 0
323.0 256.0 307.0 340.0 279.0 335.0 294.0 251.0 Grasp 0
243.0 252.0 231.0 316.0 201.0 311.0 213.0 247.0 Grasp 0
261.0 116.0 261.0 173.0 232.0 173.0 232.0 116.0 Grasp 0
219.0 352.0 184.0 296.0 210.0 279.0 245.0 336.0 Grasp 0
249.0 347.0 235.0 275.0 264.0 269.0 278.0 341.0 Grasp 0
269.0 176.0 258.0 116.0 287.0 110.0 299.0 171.0 Grasp 0
315.0 179.0 291.0 117.0 319.0 106.0 343.0 168.0 Grasp 0
315.0 156.0 291.0 94.0 319.0 83.0 343.0 145.0 Grasp 0
496.0 95.0 491.0 121.0 463.0 116.0 468.0 90.0 Grasp 0
484.0 108.0 478.0 77.0 506.0 72.0 512.0 103.0 Grasp 0
439.0 103.0 387.0 63.0 405.0 39.0 457.0 79.0 Grasp 0
577.0 332.0 513.0 338.0 510.0 304.0 574.0 298.0 Grasp 0
331.0 167.0 308.0 106.0 336.0 95.0 359.0 156.0 Grasp 0
451.0 85.0 407.0 37.0 429.0 17.0 472.0 65.0 Grasp 0
238.0 129.0 231.0 168.0 203.0 163.0 210.0 124.0 Grasp 0
430.0 365.0 414.0 324.0 441.0 313.0 457.0 355.0 Grasp 0
581.0 330.0 529.0 369.0 509.0 342.0 560.0 304.0 Grasp 0
316.0 349.0 300.0 261.0 328.0 255.0 345.0 343.0 Grasp 0
359.0 165.0 326.0 112.0 352.0 97.0 384.0 149.0 Grasp 0
566.0 321.0 518.0 325.0 515.0 294.0 563.0 289.0 Grasp 0
432.0 118.0 380.0 79.0 398.0 55.0 450.0 94.0 Grasp 0
219.0 340.0 206.0 273.0 236.0 268.0 248.0 334.0 Grasp 0
248.0 252.0 248.0 322.0 218.0 322.0 218.0 252.0 Grasp 0
486.0 103.0 480.0 135.0 452.0 130.0 458.0 98.0 Grasp 0
545.0 316.0 520.0 313.0 523.0 280.0 548.0 282.0 Grasp 0
306.0 260.0 291.0 338.0 262.0 333.0 277.0 255.0 Grasp 0
254.0 336.0 241.0 264.0 270.0 258.0 283.0 330.0 Grasp 0
342.0 167.0 319.0 107.0 347.0 96.0 370.0 156.0 Grasp 0
388.0 145.0 353.0 89.0 379.0 73.0 413.0 130.0 Grasp 0
281.0 183.0 269.0 120.0 298.0 115.0 310.0 177.0 Grasp 0
290.0 159.0 279.0 100.0 308.0 94.0 319.0 153.0 Grasp 0
422.0 97.0 370.0 58.0 388.0 34.0 440.0 73.0 Grasp 0
230.0 340.0 218.0 273.0 247.0 267.0 260.0 334.0 Grasp 0
543.0 307.0 492.0 312.0 489.0 281.0 541.0 276.0 Grasp 0
418.0 238.0 400.0 334.0 372.0 329.0 390.0 233.0 Grasp 0
383.0 155.0 347.0 96.0 373.0 80.0 409.0 139.0 Grasp 0
529.0 310.0 502.0 307.0 505.0 276.0 531.0 279.0 Grasp 0
555.0 325.0 497.0 330.0 494.0 299.0 552.0 293.0 Grasp 0
366.0 156.0 331.0 100.0 357.0 85.0 391.0 140.0 Grasp 0
250.0 117.0 250.0 173.0 221.0 173.0 221.0 117.0 Grasp 0
272.0 181.0 243.0 149.0 264.0 129.0 293.0 162.0 Grasp 0
559.0 302.0 523.0 299.0 526.0 267.0 562.0 270.0 Grasp 0
244.0 340.0 209.0 283.0 234.0 267.0 270.0 324.0 Grasp 0
406.0 138.0 361.0 89.0 383.0 69.0 428.0 118.0 Grasp 0
456.0 33.0 432.0 31.0 434.0 2.0 459.0 4.0 Grasp 0
460.0 38.0 408.0 33.0 411.0 4.0 463.0 9.0 Grasp 0
