456.0 127.0 428.0 125.0 431.0 92.0 459.0 95.0 Grasp 0
574.0 209.0 504.0 156.0 522.0 132.0 592.0 185.0 Grasp 0
417.0 112.0 397.0 106.0 405.0 79.0 425.0 85.0 Grasp 0
297.0 251.0 230.0 200.0 249.0 175.0 317.0 225.0 Grasp 0
585.0 226.0 514.0 172.0 532.0 149.0 603.0 202.0 Grasp 0
318.0 229.0 257.0 162.0 280.0 141.0 341.0 208.0 Grasp 0
510.0 283.0 452.0 220.0 475.0 199.0 532.0 263.0 Grasp 0
289.0 279.0 228.0 232.0 248.0 206.0 309.0 253.0 Grasp 0
329.0 116.0 263.0 97.0 271.0 68.0 338.0 87.0 Grasp 0
421.0 53.0 377.0 66.0 369.0 39.0 413.0 26.0 Grasp 0
517.0 291.0 450.0 241.0 468.0 216.0 535.0 267.0 Grasp 0
421.0 103.0 404.0 105.0 401.0 77.0 419.0 75.0 Grasp 0
267.0 285.0 205.0 254.0 220.0 225.0 282.0 255.0 Grasp 0
421.0 137.0 400.0 126.0 413.0 101.0 434.0 111.0 Grasp 0
258.0 272.0 198.0 227.0 218.0 201.0 278.0 246.0 Grasp 0
601.0 197.0 534.0 147.0 552.0 124.0 618.0 174.0 Grasp 0
328.0 219.0 293.0 180.0 317.0 158.0 352.0 197.0 Grasp 0
317.0 269.0 249.0 218.0 268.0 192.0 336.0 243.0 Grasp 0
422.0 122.0 403.0 117.0 411.0 90.0 430.0 95.0 Grasp 0
404.0 57.0 362.0 69.0 355.0 42.0 396.0 30.0 Grasp 0
487.0 299.0 433.0 241.0 456.0 220.0 510.0 278.0 Grasp 0
607.0 169.0 537.0 134.0 550.0 108.0 620.0 143.0 Grasp 0
247.0 295.0 193.0 254.0 213.0 227.0 267.0 268.0 Grasp 0
599.0 190.0 559.0 126.0 584.0 111.0 624.0 175.0 Grasp 0
318.0 252.0 248.0 199.0 268.0 174.0 337.0 226.0 Grasp 0
435.0 53.0 399.0 71.0 387.0 46.0 422.0 28.0 Grasp 0
258.0 262.0 207.0 207.0 231.0 185.0 282.0 240.0 Grasp 0
304.0 274.0 238.0 225.0 257.0 199.0 323.0 248.0 Grasp 0
338.0 236.0 258.0 196.0 272.0 167.0 352.0 207.0 Grasp 0
505.0 313.0 442.0 265.0 461.0 241.0 524.0 288.0 Grasp 0
319.0 131.0 256.0 125.0 259.0 95.0 322.0 101.0 Grasp 0
567.0 235.0 508.0 170.0 530.0 150.0 589.0 215.0 Grasp 0
394.0 45.0 351.0 41.0 354.0 13.0 397.0 17.0 Grasp 0
493.0 313.0 432.0 268.0 451.0 243.0 511.0 289.0 Grasp 0
552.0 235.0 493.0 170.0 515.0 150.0 574.0 214.0 Grasp 0
566.0 248.0 494.0 193.0 512.0 169.0 585.0 224.0 Grasp 0
592.0 224.0 534.0 161.0 556.0 141.0 614.0 204.0 Grasp 0
493.0 275.0 437.0 213.0 459.0 192.0 516.0 254.0 Grasp 0
353.0 214.0 266.0 171.0 280.0 143.0 367.0 186.0 Grasp 0
618.0 174.0 555.0 127.0 573.0 103.0 635.0 150.0 Grasp 0
541.0 242.0 484.0 226.0 493.0 197.0 549.0 213.0 Grasp 0
266.0 254.0 211.0 193.0 235.0 171.0 290.0 232.0 Grasp 0
404.0 47.0 362.0 59.0 354.0 32.0 396.0 20.0 Grasp 0
534.0 286.0 453.0 262.0 461.0 233.0 543.0 256.0 Grasp 0
336.0 209.0 294.0 188.0 308.0 159.0 351.0 180.0 Grasp 0
604.0 158.0 537.0 125.0 550.0 99.0 617.0 132.0 Grasp 0
591.0 203.0 522.0 151.0 540.0 127.0 609.0 179.0 Grasp 0
401.0 80.0 383.0 74.0 390.0 47.0 409.0 52.0 Grasp 0
