332.0 234.0 298.0 321.0 270.0 310.0 303.0 223.0 Grasp 0
250.0 311.0 234.0 225.0 265.0 220.0 281.0 305.0 Grasp 0
384.0 85.0 371.0 158.0 342.0 152.0 356.0 80.0 Grasp 0
486.0 184.0 471.0 103.0 499.0 98.0 514.0 179.0 Grasp 0
389.0 142.0 369.0 90.0 396.0 79.0 416.0 131.0 Grasp 0
396.0 82.0 396.0 145.0 367.0 145.0 367.0 82.0 Grasp 0
412.0 132.0 402.0 79.0 430.0 73.0 440.0 127.0 Grasp 0
434.0 71.0 421.0 144.0 392.0 138.0 405.0 66.0 Grasp 0
452.0 312.0 400.0 352.0 382.0 327.0 434.0 288.0 Grasp 0
267.0 90.0 212.0 179.0 187.0 163.0 242.0 74.0 Grasp 0
561.0 84.0 531.0 51.0 552.0 31.0 582.0 64.0 Grasp 0
544.0 106.0 513.0 71.0 534.0 52.0 565.0 86.0 Grasp 0
320.0 248.0 246.0 304.0 227.0 280.0 302.0 224.0 Grasp 0
457.0 69.0 445.0 134.0 417.0 128.0 429.0 64.0 Grasp 0
308.0 241.0 240.0 293.0 221.0 269.0 290.0 217.0 Grasp 0
372.0 93.0 343.0 167.0 316.0 156.0 345.0 83.0 Grasp 0
282.0 227.0 267.0 306.0 236.0 300.0 251.0 221.0 Grasp 0
573.0 68.0 544.0 46.0 562.0 23.0 590.0 45.0 Grasp 0
503.0 151.0 482.0 96.0 508.0 85.0 530.0 141.0 Grasp 0
300.0 228.0 285.0 313.0 254.0 307.0 270.0 223.0 Grasp 0
479.0 205.0 434.0 192.0 441.0 165.0 487.0 178.0 Grasp 0
466.0 303.0 409.0 365.0 387.0 345.0 444.0 282.0 Grasp 0
539.0 109.0 517.0 52.0 544.0 42.0 566.0 99.0 Grasp 0
254.0 72.0 209.0 121.0 188.0 101.0 232.0 52.0 Grasp 0
515.0 138.0 493.0 82.0 520.0 72.0 541.0 128.0 Grasp 0
245.0 59.0 207.0 87.0 189.0 64.0 227.0 36.0 Grasp 0
535.0 148.0 444.0 174.0 437.0 147.0 527.0 121.0 Grasp 0
472.0 222.0 418.0 206.0 425.0 179.0 479.0 195.0 Grasp 0
445.0 68.0 431.0 140.0 403.0 134.0 416.0 63.0 Grasp 0
398.0 139.0 378.0 87.0 405.0 77.0 425.0 128.0 Grasp 0
408.0 136.0 388.0 84.0 415.0 74.0 435.0 125.0 Grasp 0
461.0 322.0 417.0 371.0 394.0 350.0 439.0 302.0 Grasp 0
433.0 126.0 423.0 71.0 451.0 65.0 462.0 121.0 Grasp 0
526.0 126.0 498.0 82.0 523.0 67.0 550.0 111.0 Grasp 0
360.0 148.0 349.0 92.0 378.0 87.0 389.0 143.0 Grasp 0
437.0 246.0 406.0 223.0 423.0 200.0 454.0 224.0 Grasp 0
436.0 258.0 393.0 236.0 406.0 211.0 449.0 233.0 Grasp 0
259.0 95.0 204.0 137.0 186.0 114.0 242.0 72.0 Grasp 0
288.0 184.0 253.0 94.0 281.0 84.0 315.0 173.0 Grasp 0
351.0 72.0 288.0 78.0 285.0 48.0 348.0 43.0 Grasp 0
488.0 205.0 421.0 211.0 418.0 183.0 485.0 177.0 Grasp 0
496.0 158.0 475.0 104.0 502.0 94.0 523.0 148.0 Grasp 0
526.0 159.0 436.0 185.0 428.0 158.0 518.0 132.0 Grasp 0
231.0 58.0 201.0 67.0 193.0 39.0 223.0 30.0 Grasp 0
418.0 76.0 405.0 148.0 376.0 142.0 390.0 70.0 Grasp 0
465.0 71.0 454.0 125.0 426.0 120.0 436.0 66.0 Grasp 0
551.0 97.0 520.0 62.0 541.0 43.0 572.0 78.0 Grasp 0
230.0 41.0 197.0 57.0 184.0 31.0 217.0 15.0 Grasp 0
504.0 176.0 446.0 170.0 448.0 142.0 507.0 147.0 Grasp 0
505.0 179.0 434.0 186.0 431.0 158.0 502.0 151.0 Grasp 0
368.0 232.0 308.0 328.0 282.0 312.0 342.0 216.0 Grasp 0
241.0 51.0 203.0 79.0 185.0 56.0 223.0 27.0 Grasp 0
533.0 118.0 505.0 74.0 529.0 59.0 557.0 103.0 Grasp 0
446.0 239.0 410.0 213.0 427.0 190.0 463.0 217.0 Grasp 0
451.0 231.0 418.0 206.0 434.0 183.0 468.0 209.0 Grasp 0
249.0 70.0 211.0 99.0 194.0 76.0 232.0 47.0 Grasp 0
451.0 285.0 394.0 348.0 371.0 327.0 428.0 264.0 Grasp 0
297.0 235.0 254.0 305.0 227.0 289.0 271.0 218.0 Grasp 0
471.0 229.0 405.0 223.0 408.0 195.0 474.0 201.0 Grasp 0
327.0 241.0 278.0 321.0 252.0 305.0 301.0 225.0 Grasp 0
489.0 196.0 422.0 202.0 419.0 174.0 487.0 167.0 Grasp 0
