508.0 270.0 444.0 302.0 431.0 276.0 495.0 244.0 Grasp 0
509.0 358.0 456.0 363.0 453.0 334.0 506.0 329.0 Grasp 0
508.0 341.0 449.0 346.0 446.0 318.0 505.0 312.0 Grasp 0
506.0 246.0 442.0 278.0 429.0 252.0 493.0 221.0 Grasp 0
315.0 168.0 226.0 193.0 218.0 165.0 308.0 140.0 Grasp 0
502.0 109.0 416.0 134.0 408.0 107.0 494.0 82.0 Grasp 0
492.0 201.0 403.0 156.0 416.0 131.0 505.0 175.0 Grasp 0
506.0 311.0 448.0 316.0 445.0 287.0 503.0 282.0 Grasp 0
491.0 72.0 406.0 80.0 403.0 51.0 488.0 44.0 Grasp 0
492.0 156.0 411.0 149.0 413.0 120.0 495.0 128.0 Grasp 0
493.0 129.0 417.0 136.0 414.0 108.0 490.0 101.0 Grasp 0
305.0 141.0 230.0 178.0 217.0 152.0 292.0 115.0 Grasp 0
284.0 269.0 205.0 230.0 218.0 204.0 297.0 243.0 Grasp 0
283.0 272.0 206.0 250.0 214.0 222.0 291.0 244.0 Grasp 0
501.0 283.0 447.0 288.0 444.0 259.0 498.0 254.0 Grasp 0
263.0 329.0 193.0 294.0 206.0 268.0 276.0 303.0 Grasp 0
500.0 88.0 411.0 113.0 403.0 86.0 492.0 61.0 Grasp 0
496.0 76.0 410.0 101.0 402.0 74.0 489.0 49.0 Grasp 0
513.0 195.0 442.0 274.0 421.0 254.0 492.0 176.0 Grasp 0
507.0 291.0 447.0 309.0 439.0 281.0 499.0 264.0 Grasp 0
510.0 246.0 443.0 296.0 426.0 273.0 492.0 223.0 Grasp 0
340.0 176.0 327.0 242.0 297.0 237.0 310.0 170.0 Grasp 0
523.0 341.0 460.0 372.0 447.0 346.0 510.0 314.0 Grasp 0
301.0 156.0 235.0 150.0 238.0 121.0 304.0 127.0 Grasp 0
342.0 192.0 342.0 233.0 311.0 233.0 311.0 192.0 Grasp 0
491.0 169.0 413.0 162.0 416.0 134.0 493.0 141.0 Grasp 0
492.0 100.0 402.0 92.0 404.0 63.0 495.0 72.0 Grasp 0
287.0 251.0 252.0 195.0 279.0 178.0 314.0 235.0 Grasp 0
396.0 159.0 339.0 250.0 313.0 234.0 370.0 143.0 Grasp 0
493.0 119.0 403.0 111.0 406.0 83.0 496.0 91.0 Grasp 0
274.0 294.0 199.0 211.0 220.0 192.0 296.0 275.0 Grasp 0
509.0 323.0 449.0 328.0 446.0 299.0 506.0 294.0 Grasp 0
264.0 241.0 248.0 199.0 277.0 187.0 294.0 229.0 Grasp 0
289.0 242.0 279.0 190.0 310.0 185.0 320.0 237.0 Grasp 0
404.0 163.0 404.0 263.0 375.0 263.0 375.0 163.0 Grasp 0
274.0 295.0 203.0 274.0 211.0 246.0 282.0 267.0 Grasp 0
512.0 224.0 442.0 277.0 425.0 254.0 495.0 201.0 Grasp 0
307.0 170.0 231.0 163.0 234.0 134.0 310.0 141.0 Grasp 0
316.0 292.0 257.0 197.0 283.0 181.0 342.0 276.0 Grasp 0
360.0 180.0 337.0 303.0 307.0 297.0 330.0 174.0 Grasp 0
