336.0 246.0 273.0 177.0 297.0 156.0 360.0 225.0 Grasp 0
224.0 340.0 166.0 277.0 190.0 254.0 248.0 318.0 Grasp 0
281.0 295.0 218.0 225.0 242.0 203.0 306.0 273.0 Grasp 0
313.0 282.0 249.0 212.0 273.0 191.0 336.0 261.0 Grasp 0
269.0 318.0 206.0 249.0 230.0 227.0 294.0 296.0 Grasp 0
300.0 294.0 237.0 225.0 261.0 203.0 324.0 272.0 Grasp 0
328.0 279.0 278.0 199.0 305.0 182.0 355.0 262.0 Grasp 0
286.0 280.0 235.0 198.0 263.0 181.0 313.0 263.0 Grasp 0
356.0 253.0 309.0 177.0 336.0 161.0 383.0 237.0 Grasp 0
196.0 325.0 151.0 252.0 179.0 234.0 224.0 307.0 Grasp 0
217.0 320.0 169.0 243.0 197.0 226.0 245.0 303.0 Grasp 0
486.0 255.0 486.0 316.0 458.0 316.0 458.0 255.0 Grasp 0
250.0 345.0 191.0 280.0 215.0 259.0 274.0 324.0 Grasp 0
242.0 309.0 194.0 230.0 222.0 213.0 270.0 291.0 Grasp 0
237.0 354.0 170.0 303.0 189.0 277.0 257.0 328.0 Grasp 0
344.0 259.0 297.0 183.0 324.0 166.0 371.0 243.0 Grasp 0
255.0 296.0 206.0 217.0 234.0 200.0 283.0 279.0 Grasp 0
252.0 319.0 173.0 280.0 187.0 251.0 266.0 290.0 Grasp 0
289.0 313.0 224.0 242.0 248.0 220.0 313.0 291.0 Grasp 0
482.0 269.0 470.0 329.0 442.0 323.0 453.0 263.0 Grasp 0
