405.0 117.0 375.0 40.0 403.0 29.0 433.0 107.0 Grasp 0
340.0 151.0 311.0 75.0 338.0 64.0 367.0 141.0 Grasp 0
511.0 94.0 481.0 16.0 507.0 6.0 538.0 84.0 Grasp 0
484.0 110.0 454.0 32.0 481.0 22.0 511.0 100.0 Grasp 0
581.0 89.0 566.0 7.0 594.0 2.0 609.0 84.0 Grasp 0
433.0 110.0 418.0 27.0 446.0 21.0 462.0 104.0 Grasp 0
396.0 136.0 381.0 53.0 409.0 47.0 425.0 131.0 Grasp 0
344.0 56.0 329.0 137.0 300.0 131.0 315.0 50.0 Grasp 0
346.0 142.0 315.0 61.0 342.0 51.0 373.0 131.0 Grasp 0
384.0 127.0 354.0 50.0 381.0 39.0 411.0 117.0 Grasp 0
465.0 110.0 450.0 27.0 478.0 22.0 494.0 104.0 Grasp 0
463.0 119.0 434.0 43.0 461.0 32.0 490.0 108.0 Grasp 0
453.0 120.0 422.0 42.0 449.0 32.0 480.0 110.0 Grasp 0
313.0 167.0 274.0 104.0 299.0 89.0 338.0 152.0 Grasp 0
359.0 133.0 343.0 47.0 371.0 41.0 387.0 128.0 Grasp 0
348.0 136.0 332.0 54.0 361.0 48.0 376.0 131.0 Grasp 0
435.0 120.0 403.0 37.0 430.0 26.0 462.0 109.0 Grasp 0
315.0 49.0 315.0 128.0 285.0 128.0 285.0 49.0 Grasp 0
416.0 117.0 386.0 40.0 414.0 29.0 444.0 107.0 Grasp 0
312.0 150.0 283.0 75.0 310.0 65.0 340.0 140.0 Grasp 0
333.0 57.0 318.0 136.0 289.0 131.0 304.0 51.0 Grasp 0
563.0 6.0 563.0 91.0 534.0 91.0 534.0 6.0 Grasp 0
551.0 90.0 492.0 26.0 514.0 6.0 572.0 71.0 Grasp 0
471.0 32.0 471.0 120.0 442.0 120.0 442.0 32.0 Grasp 0
467.0 103.0 467.0 19.0 496.0 19.0 496.0 103.0 Grasp 0
386.0 129.0 369.0 40.0 398.0 35.0 414.0 124.0 Grasp 0
