590.0 170.0 564.0 142.0 585.0 123.0 611.0 151.0 Grasp 0
333.0 183.0 306.0 253.0 275.0 241.0 303.0 171.0 Grasp 0
222.0 64.0 205.0 77.0 185.0 52.0 202.0 39.0 Grasp 0
384.0 211.0 358.0 280.0 329.0 268.0 356.0 200.0 Grasp 0
531.0 90.0 473.0 61.0 486.0 35.0 544.0 64.0 Grasp 0
363.0 183.0 336.0 254.0 306.0 242.0 333.0 172.0 Grasp 0
294.0 86.0 290.0 106.0 259.0 100.0 263.0 81.0 Grasp 0
351.0 177.0 324.0 248.0 294.0 237.0 321.0 165.0 Grasp 0
274.0 326.0 239.0 336.0 231.0 308.0 266.0 298.0 Grasp 0
514.0 73.0 456.0 44.0 469.0 18.0 527.0 47.0 Grasp 0
521.0 96.0 462.0 67.0 475.0 41.0 534.0 70.0 Grasp 0
499.0 95.0 444.0 54.0 461.0 30.0 516.0 72.0 Grasp 0
407.0 208.0 380.0 276.0 352.0 265.0 378.0 197.0 Grasp 0
267.0 324.0 219.0 329.0 217.0 300.0 264.0 295.0 Grasp 0
330.0 77.0 312.0 68.0 326.0 40.0 344.0 49.0 Grasp 0
230.0 345.0 206.0 306.0 231.0 290.0 255.0 330.0 Grasp 0
502.0 74.0 444.0 45.0 457.0 19.0 515.0 48.0 Grasp 0
610.0 226.0 603.0 264.0 575.0 258.0 582.0 221.0 Grasp 0
339.0 61.0 320.0 56.0 329.0 25.0 348.0 31.0 Grasp 0
606.0 164.0 580.0 135.0 601.0 115.0 628.0 144.0 Grasp 0
507.0 62.0 452.0 34.0 465.0 8.0 520.0 35.0 Grasp 0
295.0 106.0 282.0 92.0 304.0 71.0 318.0 86.0 Grasp 0
243.0 81.0 233.0 99.0 206.0 82.0 217.0 65.0 Grasp 0
524.0 67.0 468.0 40.0 481.0 13.0 537.0 41.0 Grasp 0
374.0 184.0 347.0 254.0 317.0 243.0 345.0 172.0 Grasp 0
282.0 88.0 279.0 107.0 249.0 101.0 252.0 82.0 Grasp 0
286.0 293.0 254.0 284.0 262.0 256.0 294.0 265.0 Grasp 0
300.0 98.0 286.0 82.0 309.0 61.0 324.0 76.0 Grasp 0
283.0 315.0 240.0 327.0 232.0 299.0 275.0 287.0 Grasp 0
208.0 34.0 188.0 36.0 185.0 5.0 205.0 3.0 Grasp 0
277.0 308.0 237.0 312.0 235.0 283.0 275.0 279.0 Grasp 0
379.0 212.0 339.0 277.0 312.0 261.0 352.0 196.0 Grasp 0
362.0 202.0 336.0 271.0 306.0 259.0 333.0 191.0 Grasp 0
236.0 355.0 220.0 313.0 247.0 303.0 263.0 344.0 Grasp 0
271.0 89.0 264.0 107.0 235.0 96.0 242.0 78.0 Grasp 0
280.0 296.0 244.0 293.0 247.0 264.0 282.0 267.0 Grasp 0
576.0 170.0 554.0 134.0 579.0 119.0 601.0 155.0 Grasp 0
237.0 338.0 221.0 296.0 247.0 285.0 264.0 327.0 Grasp 0
324.0 83.0 306.0 74.0 320.0 47.0 338.0 56.0 Grasp 0
312.0 94.0 299.0 80.0 321.0 59.0 335.0 73.0 Grasp 0
266.0 313.0 221.0 317.0 218.0 289.0 263.0 285.0 Grasp 0
