257.0 287.0 203.0 314.0 189.0 286.0 243.0 258.0 Grasp 0
382.0 99.0 336.0 49.0 357.0 30.0 403.0 80.0 Grasp 0
349.0 127.0 273.0 89.0 286.0 63.0 362.0 101.0 Grasp 0
397.0 81.0 363.0 26.0 387.0 11.0 421.0 66.0 Grasp 0
297.0 145.0 257.0 101.0 278.0 81.0 319.0 126.0 Grasp 0
328.0 375.0 304.0 336.0 333.0 318.0 357.0 357.0 Grasp 0
238.0 69.0 140.0 41.0 148.0 13.0 246.0 41.0 Grasp 0
415.0 76.0 369.0 24.0 390.0 5.0 436.0 57.0 Grasp 0
369.0 341.0 323.0 328.0 333.0 295.0 378.0 308.0 Grasp 0
354.0 107.0 316.0 66.0 337.0 46.0 375.0 88.0 Grasp 0
340.0 122.0 299.0 77.0 320.0 57.0 361.0 102.0 Grasp 0
222.0 72.0 158.0 24.0 176.0 0.0 240.0 49.0 Grasp 0
330.0 135.0 258.0 99.0 271.0 74.0 343.0 110.0 Grasp 0
255.0 308.0 213.0 340.0 194.0 315.0 236.0 283.0 Grasp 0
309.0 150.0 235.0 112.0 247.0 87.0 322.0 124.0 Grasp 0
278.0 192.0 278.0 252.0 246.0 252.0 246.0 192.0 Grasp 0
272.0 335.0 258.0 372.0 228.0 360.0 242.0 323.0 Grasp 0
414.0 93.0 332.0 52.0 344.0 26.0 427.0 67.0 Grasp 0
376.0 325.0 330.0 321.0 333.0 286.0 379.0 290.0 Grasp 0
217.0 86.0 136.0 46.0 149.0 20.0 230.0 60.0 Grasp 0
302.0 157.0 226.0 119.0 239.0 93.0 315.0 131.0 Grasp 0
317.0 141.0 246.0 106.0 259.0 80.0 330.0 116.0 Grasp 0
383.0 88.0 351.0 37.0 376.0 22.0 407.0 73.0 Grasp 0
365.0 103.0 322.0 56.0 343.0 36.0 386.0 84.0 Grasp 0
243.0 262.0 223.0 211.0 253.0 199.0 272.0 250.0 Grasp 0
403.0 98.0 324.0 59.0 336.0 33.0 416.0 73.0 Grasp 0
371.0 243.0 329.0 264.0 314.0 234.0 356.0 213.0 Grasp 0
153.0 156.0 93.0 90.0 113.0 71.0 174.0 137.0 Grasp 0
453.0 73.0 363.0 28.0 376.0 2.0 466.0 47.0 Grasp 0
354.0 355.0 317.0 327.0 337.0 299.0 375.0 328.0 Grasp 0
341.0 372.0 302.0 343.0 323.0 316.0 362.0 345.0 Grasp 0
157.0 149.0 109.0 71.0 133.0 56.0 181.0 134.0 Grasp 0
219.0 93.0 115.0 64.0 123.0 36.0 227.0 66.0 Grasp 0
255.0 244.0 241.0 207.0 270.0 195.0 285.0 233.0 Grasp 0
414.0 89.0 349.0 40.0 366.0 17.0 431.0 66.0 Grasp 0
258.0 282.0 201.0 298.0 192.0 268.0 250.0 252.0 Grasp 0
259.0 315.0 222.0 355.0 198.0 334.0 235.0 293.0 Grasp 0
193.0 111.0 122.0 58.0 139.0 35.0 210.0 88.0 Grasp 0
277.0 391.0 258.0 341.0 289.0 329.0 308.0 379.0 Grasp 0
360.0 228.0 324.0 255.0 304.0 229.0 340.0 202.0 Grasp 0
379.0 301.0 332.0 296.0 335.0 262.0 382.0 266.0 Grasp 0
381.0 279.0 331.0 284.0 328.0 250.0 378.0 245.0 Grasp 0
349.0 106.0 328.0 51.0 355.0 41.0 376.0 95.0 Grasp 0
348.0 218.0 304.0 251.0 284.0 225.0 329.0 192.0 Grasp 0
363.0 101.0 337.0 34.0 364.0 24.0 390.0 90.0 Grasp 0
199.0 100.0 134.0 50.0 151.0 27.0 217.0 77.0 Grasp 0
371.0 236.0 340.0 270.0 315.0 247.0 346.0 213.0 Grasp 0
240.0 74.0 118.0 63.0 120.0 34.0 243.0 45.0 Grasp 0
387.0 109.0 290.0 81.0 297.0 53.0 395.0 81.0 Grasp 0
281.0 344.0 275.0 378.0 242.0 372.0 248.0 338.0 Grasp 0
159.0 147.0 122.0 52.0 149.0 42.0 186.0 137.0 Grasp 0
259.0 329.0 239.0 362.0 211.0 345.0 232.0 312.0 Grasp 0
