333.0 313.0 279.0 254.0 301.0 234.0 354.0 293.0 Grasp 0
373.0 289.0 332.0 222.0 356.0 207.0 398.0 274.0 Grasp 0
347.0 139.0 300.0 63.0 325.0 47.0 372.0 124.0 Grasp 0
278.0 159.0 244.0 72.0 272.0 61.0 306.0 149.0 Grasp 0
319.0 304.0 296.0 244.0 323.0 233.0 346.0 293.0 Grasp 0
324.0 147.0 290.0 59.0 318.0 49.0 351.0 136.0 Grasp 0
361.0 53.0 344.0 144.0 315.0 138.0 332.0 48.0 Grasp 0
300.0 153.0 266.0 66.0 294.0 55.0 328.0 142.0 Grasp 0
353.0 296.0 314.0 233.0 339.0 218.0 378.0 280.0 Grasp 0
320.0 314.0 272.0 261.0 294.0 241.0 342.0 294.0 Grasp 0
363.0 294.0 322.0 228.0 347.0 213.0 388.0 279.0 Grasp 0
253.0 162.0 237.0 75.0 266.0 70.0 282.0 156.0 Grasp 0
277.0 161.0 228.0 82.0 253.0 66.0 302.0 146.0 Grasp 0
326.0 143.0 309.0 52.0 338.0 47.0 355.0 138.0 Grasp 0
377.0 206.0 377.0 289.0 348.0 289.0 348.0 206.0 Grasp 0
384.0 236.0 287.0 285.0 274.0 258.0 371.0 210.0 Grasp 0
335.0 139.0 319.0 52.0 348.0 46.0 364.0 133.0 Grasp 0
332.0 299.0 308.0 237.0 335.0 226.0 359.0 288.0 Grasp 0
309.0 308.0 286.0 249.0 314.0 239.0 336.0 297.0 Grasp 0
289.0 156.0 255.0 69.0 283.0 58.0 317.0 145.0 Grasp 0
314.0 150.0 280.0 62.0 308.0 51.0 342.0 139.0 Grasp 0
394.0 254.0 308.0 319.0 290.0 296.0 377.0 231.0 Grasp 0
286.0 69.0 269.0 161.0 240.0 155.0 257.0 64.0 Grasp 0
