291.0 258.0 265.0 265.0 257.0 237.0 283.0 230.0 Grasp 0
187.0 246.0 159.0 215.0 180.0 196.0 208.0 226.0 Grasp 0
513.0 376.0 483.0 408.0 462.0 389.0 492.0 356.0 Grasp 0
522.0 86.0 504.0 58.0 529.0 43.0 547.0 71.0 Grasp 0
270.0 131.0 202.0 125.0 205.0 94.0 273.0 100.0 Grasp 0
480.0 380.0 448.0 404.0 430.0 381.0 463.0 357.0 Grasp 0
467.0 112.0 448.0 82.0 473.0 66.0 492.0 97.0 Grasp 0
502.0 375.0 469.0 400.0 452.0 377.0 484.0 352.0 Grasp 0
424.0 113.0 409.0 76.0 438.0 65.0 452.0 102.0 Grasp 0
381.0 356.0 374.0 315.0 402.0 310.0 410.0 351.0 Grasp 0
374.0 296.0 374.0 327.0 345.0 327.0 345.0 296.0 Grasp 0
302.0 263.0 275.0 271.0 267.0 243.0 294.0 235.0 Grasp 0
434.0 237.0 405.0 252.0 392.0 226.0 421.0 211.0 Grasp 0
458.0 121.0 439.0 90.0 464.0 74.0 484.0 105.0 Grasp 0
276.0 90.0 254.0 55.0 280.0 39.0 301.0 74.0 Grasp 0
296.0 88.0 288.0 46.0 316.0 41.0 324.0 82.0 Grasp 0
398.0 125.0 383.0 87.0 410.0 76.0 425.0 114.0 Grasp 0
431.0 250.0 397.0 253.0 395.0 223.0 428.0 220.0 Grasp 0
201.0 229.0 186.0 191.0 213.0 181.0 228.0 218.0 Grasp 0
187.0 234.0 167.0 202.0 191.0 186.0 211.0 219.0 Grasp 0
495.0 89.0 477.0 59.0 503.0 43.0 521.0 73.0 Grasp 0
332.0 37.0 332.0 87.0 301.0 87.0 301.0 37.0 Grasp 0
454.0 109.0 435.0 78.0 459.0 63.0 479.0 94.0 Grasp 0
197.0 235.0 176.0 201.0 200.0 185.0 222.0 219.0 Grasp 0
370.0 342.0 364.0 308.0 392.0 303.0 399.0 337.0 Grasp 0
414.0 209.0 384.0 232.0 365.0 208.0 396.0 185.0 Grasp 0
457.0 356.0 418.0 367.0 410.0 340.0 449.0 329.0 Grasp 0
379.0 45.0 348.0 95.0 322.0 79.0 353.0 29.0 Grasp 0
503.0 105.0 489.0 70.0 517.0 59.0 531.0 95.0 Grasp 0
418.0 187.0 386.0 211.0 369.0 188.0 400.0 164.0 Grasp 0
494.0 380.0 471.0 416.0 447.0 401.0 470.0 365.0 Grasp 0
520.0 386.0 499.0 420.0 474.0 405.0 495.0 371.0 Grasp 0
393.0 163.0 345.0 149.0 353.0 120.0 401.0 133.0 Grasp 0
189.0 217.0 175.0 181.0 202.0 171.0 216.0 207.0 Grasp 0
440.0 108.0 425.0 70.0 454.0 59.0 468.0 97.0 Grasp 0
423.0 131.0 409.0 94.0 437.0 83.0 452.0 120.0 Grasp 0
359.0 341.0 353.0 310.0 382.0 304.0 388.0 336.0 Grasp 0
464.0 368.0 427.0 387.0 415.0 361.0 451.0 343.0 Grasp 0
433.0 116.0 418.0 77.0 446.0 66.0 462.0 105.0 Grasp 0
276.0 99.0 249.0 69.0 271.0 50.0 298.0 79.0 Grasp 0
537.0 76.0 524.0 43.0 553.0 32.0 565.0 65.0 Grasp 0
478.0 106.0 460.0 76.0 485.0 61.0 503.0 90.0 Grasp 0
414.0 137.0 399.0 99.0 427.0 89.0 441.0 126.0 Grasp 0
261.0 134.0 222.0 138.0 219.0 108.0 258.0 105.0 Grasp 0
435.0 206.0 411.0 232.0 388.0 212.0 413.0 185.0 Grasp 0
265.0 110.0 220.0 87.0 233.0 60.0 279.0 82.0 Grasp 0
192.0 205.0 185.0 167.0 214.0 162.0 221.0 200.0 Grasp 0
190.0 254.0 160.0 232.0 178.0 209.0 207.0 231.0 Grasp 0
443.0 266.0 410.0 269.0 407.0 240.0 440.0 237.0 Grasp 0
270.0 115.0 238.0 91.0 256.0 67.0 288.0 91.0 Grasp 0
469.0 351.0 431.0 370.0 419.0 345.0 456.0 326.0 Grasp 0
502.0 88.0 489.0 57.0 517.0 46.0 529.0 78.0 Grasp 0
400.0 73.0 353.0 109.0 334.0 85.0 382.0 49.0 Grasp 0
342.0 282.0 320.0 299.0 302.0 276.0 325.0 260.0 Grasp 0
466.0 101.0 447.0 69.0 472.0 53.0 492.0 85.0 Grasp 0
490.0 364.0 458.0 387.0 441.0 365.0 472.0 341.0 Grasp 0
436.0 362.0 396.0 373.0 388.0 345.0 429.0 334.0 Grasp 0
512.0 389.0 482.0 422.0 461.0 403.0 491.0 369.0 Grasp 0
446.0 243.0 416.0 258.0 402.0 231.0 432.0 215.0 Grasp 0
322.0 277.0 293.0 279.0 291.0 250.0 319.0 248.0 Grasp 0
465.0 290.0 436.0 288.0 439.0 259.0 467.0 261.0 Grasp 0
457.0 277.0 426.0 279.0 423.0 251.0 454.0 248.0 Grasp 0
461.0 297.0 430.0 294.0 433.0 264.0 463.0 267.0 Grasp 0
527.0 82.0 515.0 51.0 543.0 41.0 555.0 71.0 Grasp 0
497.0 390.0 463.0 416.0 445.0 393.0 480.0 367.0 Grasp 0
431.0 217.0 406.0 244.0 385.0 225.0 410.0 197.0 Grasp 0
446.0 125.0 431.0 87.0 459.0 76.0 474.0 114.0 Grasp 0
518.0 99.0 500.0 69.0 525.0 54.0 543.0 83.0 Grasp 0
343.0 318.0 337.0 289.0 366.0 284.0 371.0 313.0 Grasp 0
427.0 202.0 394.0 227.0 376.0 203.0 409.0 178.0 Grasp 0
470.0 375.0 437.0 399.0 420.0 376.0 453.0 352.0 Grasp 0
491.0 380.0 459.0 405.0 441.0 382.0 474.0 357.0 Grasp 0
453.0 363.0 416.0 381.0 403.0 355.0 441.0 337.0 Grasp 0
412.0 120.0 396.0 79.0 425.0 68.0 441.0 109.0 Grasp 0
491.0 107.0 477.0 71.0 505.0 60.0 519.0 96.0 Grasp 0
360.0 279.0 355.0 307.0 327.0 302.0 332.0 273.0 Grasp 0
486.0 108.0 468.0 79.0 493.0 64.0 511.0 92.0 Grasp 0
409.0 192.0 381.0 223.0 359.0 202.0 387.0 172.0 Grasp 0
330.0 276.0 305.0 288.0 292.0 262.0 318.0 250.0 Grasp 0
504.0 367.0 483.0 400.0 459.0 385.0 479.0 352.0 Grasp 0
393.0 56.0 353.0 99.0 331.0 79.0 370.0 35.0 Grasp 0
359.0 329.0 353.0 300.0 382.0 294.0 387.0 323.0 Grasp 0
364.0 34.0 343.0 88.0 315.0 77.0 336.0 23.0 Grasp 0
314.0 270.0 290.0 282.0 277.0 257.0 301.0 244.0 Grasp 0
340.0 214.0 320.0 162.0 348.0 151.0 368.0 203.0 Grasp 0
288.0 74.0 279.0 28.0 310.0 22.0 319.0 68.0 Grasp 0
479.0 364.0 444.0 382.0 431.0 356.0 466.0 339.0 Grasp 0
521.0 374.0 498.0 412.0 473.0 397.0 497.0 359.0 Grasp 0
426.0 225.0 391.0 242.0 378.0 215.0 412.0 197.0 Grasp 0
468.0 296.0 444.0 293.0 446.0 264.0 471.0 267.0 Grasp 0
204.0 219.0 188.0 179.0 215.0 169.0 231.0 209.0 Grasp 0
196.0 245.0 169.0 216.0 191.0 196.0 218.0 226.0 Grasp 0
509.0 394.0 486.0 432.0 462.0 417.0 485.0 379.0 Grasp 0
438.0 220.0 407.0 236.0 393.0 209.0 425.0 194.0 Grasp 0
285.0 252.0 260.0 260.0 252.0 232.0 278.0 225.0 Grasp 0
418.0 193.0 390.0 224.0 369.0 204.0 396.0 174.0 Grasp 0
326.0 148.0 326.0 202.0 296.0 202.0 296.0 148.0 Grasp 0
348.0 31.0 338.0 86.0 308.0 80.0 318.0 26.0 Grasp 0
252.0 100.0 219.0 75.0 237.0 51.0 270.0 76.0 Grasp 0
273.0 138.0 230.0 142.0 227.0 112.0 270.0 108.0 Grasp 0
484.0 99.0 466.0 70.0 491.0 54.0 510.0 83.0 Grasp 0
453.0 255.0 425.0 276.0 406.0 252.0 435.0 231.0 Grasp 0
442.0 255.0 411.0 258.0 408.0 229.0 440.0 226.0 Grasp 0
441.0 229.0 418.0 254.0 397.0 234.0 419.0 209.0 Grasp 0
332.0 282.0 304.0 285.0 301.0 256.0 330.0 253.0 Grasp 0
