259.0 124.0 237.0 148.0 216.0 129.0 238.0 104.0 Grasp 0
356.0 98.0 322.0 115.0 309.0 90.0 343.0 73.0 Grasp 0
570.0 317.0 518.0 260.0 542.0 239.0 594.0 296.0 Grasp 0
390.0 167.0 324.0 200.0 310.0 173.0 377.0 140.0 Grasp 0
253.0 112.0 229.0 130.0 211.0 107.0 235.0 89.0 Grasp 0
413.0 228.0 346.0 261.0 332.0 234.0 400.0 201.0 Grasp 0
605.0 269.0 521.0 292.0 513.0 262.0 596.0 239.0 Grasp 0
375.0 135.0 342.0 132.0 344.0 103.0 377.0 107.0 Grasp 0
620.0 285.0 532.0 277.0 535.0 246.0 623.0 254.0 Grasp 0
372.0 182.0 314.0 226.0 296.0 201.0 353.0 158.0 Grasp 0
262.0 109.0 251.0 137.0 224.0 126.0 235.0 98.0 Grasp 0
270.0 119.0 265.0 148.0 237.0 142.0 242.0 114.0 Grasp 0
266.0 330.0 254.0 266.0 283.0 261.0 294.0 325.0 Grasp 0
606.0 243.0 530.0 281.0 516.0 253.0 592.0 215.0 Grasp 0
347.0 39.0 314.0 64.0 297.0 41.0 330.0 16.0 Grasp 0
421.0 208.0 370.0 264.0 347.0 243.0 398.0 187.0 Grasp 0
232.0 331.0 212.0 316.0 230.0 293.0 249.0 308.0 Grasp 0
358.0 55.0 320.0 74.0 307.0 48.0 346.0 29.0 Grasp 0
605.0 234.0 524.0 257.0 516.0 227.0 596.0 204.0 Grasp 0
344.0 136.0 285.0 181.0 267.0 157.0 326.0 112.0 Grasp 0
363.0 116.0 327.0 119.0 324.0 91.0 360.0 87.0 Grasp 0
361.0 153.0 302.0 198.0 283.0 174.0 343.0 129.0 Grasp 0
368.0 144.0 337.0 141.0 340.0 112.0 371.0 115.0 Grasp 0
375.0 112.0 336.0 115.0 333.0 87.0 372.0 83.0 Grasp 0
391.0 206.0 324.0 239.0 310.0 211.0 377.0 178.0 Grasp 0
336.0 33.0 299.0 52.0 287.0 26.0 324.0 8.0 Grasp 0
377.0 98.0 343.0 115.0 331.0 90.0 364.0 73.0 Grasp 0
330.0 45.0 295.0 63.0 282.0 38.0 318.0 20.0 Grasp 0
263.0 116.0 243.0 138.0 222.0 119.0 242.0 97.0 Grasp 0
362.0 164.0 301.0 210.0 283.0 186.0 344.0 140.0 Grasp 0
355.0 75.0 319.0 86.0 311.0 58.0 347.0 48.0 Grasp 0
248.0 320.0 229.0 305.0 247.0 282.0 265.0 297.0 Grasp 0
355.0 87.0 318.0 97.0 310.0 69.0 347.0 59.0 Grasp 0
376.0 367.0 358.0 366.0 361.0 335.0 378.0 336.0 Grasp 0
275.0 133.0 270.0 165.0 241.0 160.0 247.0 128.0 Grasp 0
627.0 265.0 555.0 301.0 541.0 272.0 613.0 237.0 Grasp 0
605.0 303.0 525.0 295.0 528.0 264.0 608.0 272.0 Grasp 0
588.0 221.0 531.0 284.0 508.0 263.0 565.0 200.0 Grasp 0
391.0 188.0 324.0 222.0 310.0 195.0 377.0 161.0 Grasp 0
274.0 309.0 249.0 243.0 275.0 233.0 301.0 298.0 Grasp 0
252.0 104.0 238.0 128.0 213.0 113.0 228.0 89.0 Grasp 0
355.0 101.0 313.0 105.0 310.0 76.0 353.0 72.0 Grasp 0
374.0 144.0 307.0 177.0 293.0 150.0 361.0 117.0 Grasp 0
365.0 106.0 325.0 110.0 322.0 81.0 362.0 78.0 Grasp 0
336.0 50.0 304.0 74.0 287.0 51.0 319.0 27.0 Grasp 0
281.0 134.0 258.0 159.0 237.0 140.0 259.0 115.0 Grasp 0
258.0 123.0 250.0 144.0 223.0 133.0 231.0 113.0 Grasp 0
554.0 196.0 488.0 229.0 475.0 203.0 541.0 170.0 Grasp 0
279.0 150.0 258.0 173.0 237.0 154.0 258.0 130.0 Grasp 0
266.0 117.0 256.0 142.0 230.0 132.0 239.0 106.0 Grasp 0
343.0 65.0 305.0 84.0 293.0 58.0 330.0 40.0 Grasp 0
372.0 91.0 333.0 102.0 325.0 75.0 364.0 64.0 Grasp 0
286.0 145.0 280.0 176.0 252.0 170.0 258.0 140.0 Grasp 0
377.0 126.0 339.0 122.0 341.0 94.0 380.0 97.0 Grasp 0
411.0 232.0 352.0 277.0 334.0 253.0 393.0 208.0 Grasp 0
397.0 221.0 329.0 254.0 316.0 227.0 384.0 193.0 Grasp 0
211.0 341.0 196.0 325.0 218.0 305.0 232.0 321.0 Grasp 0
365.0 79.0 329.0 89.0 321.0 62.0 357.0 52.0 Grasp 0
376.0 154.0 346.0 145.0 354.0 117.0 384.0 126.0 Grasp 0
400.0 368.0 382.0 370.0 379.0 340.0 397.0 338.0 Grasp 0
604.0 232.0 544.0 297.0 522.0 276.0 581.0 211.0 Grasp 0
578.0 219.0 510.0 238.0 501.0 209.0 570.0 189.0 Grasp 0
592.0 310.0 517.0 273.0 531.0 245.0 606.0 282.0 Grasp 0
591.0 307.0 550.0 241.0 577.0 225.0 618.0 290.0 Grasp 0
270.0 138.0 247.0 163.0 226.0 144.0 248.0 119.0 Grasp 0
326.0 34.0 289.0 53.0 276.0 27.0 313.0 9.0 Grasp 0
369.0 366.0 353.0 364.0 355.0 334.0 371.0 336.0 Grasp 0
567.0 299.0 551.0 214.0 581.0 208.0 597.0 294.0 Grasp 0
597.0 272.0 523.0 309.0 509.0 281.0 583.0 245.0 Grasp 0
365.0 131.0 329.0 128.0 332.0 99.0 368.0 102.0 Grasp 0
375.0 132.0 305.0 167.0 292.0 140.0 362.0 105.0 Grasp 0
551.0 210.0 473.0 217.0 471.0 188.0 548.0 181.0 Grasp 0
384.0 373.0 366.0 371.0 369.0 339.0 387.0 341.0 Grasp 0
563.0 239.0 542.0 273.0 516.0 257.0 537.0 223.0 Grasp 0
386.0 155.0 317.0 189.0 304.0 162.0 372.0 128.0 Grasp 0
418.0 203.0 357.0 249.0 339.0 225.0 400.0 179.0 Grasp 0
606.0 262.0 549.0 325.0 525.0 304.0 583.0 241.0 Grasp 0
238.0 325.0 219.0 310.0 236.0 288.0 255.0 302.0 Grasp 0
342.0 85.0 305.0 89.0 302.0 60.0 339.0 57.0 Grasp 0
346.0 31.0 316.0 54.0 298.0 31.0 329.0 8.0 Grasp 0
408.0 247.0 336.0 267.0 327.0 238.0 400.0 217.0 Grasp 0
592.0 232.0 533.0 297.0 510.0 276.0 569.0 211.0 Grasp 0
589.0 225.0 498.0 251.0 489.0 221.0 581.0 195.0 Grasp 0
