502.0 204.0 486.0 288.0 458.0 283.0 474.0 199.0 Grasp 0
447.0 310.0 392.0 268.0 410.0 245.0 465.0 286.0 Grasp 0
317.0 116.0 260.0 178.0 238.0 158.0 295.0 96.0 Grasp 0
531.0 260.0 500.0 310.0 475.0 295.0 507.0 245.0 Grasp 0
339.0 221.0 239.0 172.0 252.0 145.0 352.0 195.0 Grasp 0
392.0 64.0 343.0 78.0 336.0 51.0 384.0 37.0 Grasp 0
426.0 317.0 383.0 270.0 405.0 250.0 448.0 298.0 Grasp 0
311.0 116.0 260.0 155.0 242.0 131.0 293.0 92.0 Grasp 0
407.0 80.0 338.0 86.0 335.0 58.0 404.0 52.0 Grasp 0
520.0 235.0 494.0 301.0 468.0 291.0 493.0 225.0 Grasp 0
358.0 210.0 339.0 106.0 367.0 100.0 387.0 205.0 Grasp 0
230.0 316.0 200.0 239.0 227.0 229.0 257.0 306.0 Grasp 0
508.0 213.0 492.0 298.0 464.0 293.0 480.0 208.0 Grasp 0
535.0 284.0 508.0 313.0 487.0 294.0 514.0 264.0 Grasp 0
346.0 238.0 248.0 210.0 256.0 182.0 354.0 210.0 Grasp 0
193.0 355.0 168.0 327.0 189.0 308.0 215.0 336.0 Grasp 0
212.0 327.0 194.0 227.0 222.0 222.0 240.0 322.0 Grasp 0
397.0 74.0 356.0 95.0 344.0 69.0 385.0 49.0 Grasp 0
424.0 120.0 333.0 94.0 341.0 67.0 432.0 93.0 Grasp 0
387.0 57.0 354.0 82.0 337.0 59.0 370.0 34.0 Grasp 0
211.0 331.0 174.0 271.0 198.0 256.0 235.0 316.0 Grasp 0
