470.0 270.0 416.0 182.0 441.0 167.0 495.0 254.0 Grasp 0
559.0 139.0 559.0 220.0 531.0 220.0 531.0 139.0 Grasp 0
319.0 369.0 303.0 451.0 275.0 446.0 290.0 364.0 Grasp 0
342.0 461.0 307.0 370.0 334.0 359.0 370.0 451.0 Grasp 0
326.0 368.0 326.0 448.0 297.0 448.0 297.0 368.0 Grasp 0
242.0 456.0 200.0 387.0 224.0 372.0 267.0 441.0 Grasp 0
321.0 455.0 305.0 369.0 334.0 364.0 350.0 450.0 Grasp 0
441.0 305.0 441.0 401.0 412.0 401.0 412.0 305.0 Grasp 0
530.0 225.0 513.0 132.0 541.0 126.0 558.0 220.0 Grasp 0
588.0 162.0 588.0 223.0 559.0 223.0 559.0 162.0 Grasp 0
313.0 373.0 240.0 453.0 218.0 434.0 291.0 354.0 Grasp 0
579.0 154.0 565.0 225.0 537.0 220.0 551.0 149.0 Grasp 0
436.0 267.0 403.0 180.0 430.0 169.0 464.0 256.0 Grasp 0
362.0 122.0 286.0 129.0 283.0 94.0 359.0 87.0 Grasp 0
349.0 140.0 281.0 106.0 297.0 75.0 365.0 109.0 Grasp 0
359.0 95.0 299.0 140.0 279.0 112.0 338.0 67.0 Grasp 0
594.0 168.0 571.0 226.0 544.0 216.0 567.0 157.0 Grasp 0
361.0 89.0 321.0 152.0 292.0 134.0 331.0 70.0 Grasp 0
286.0 355.0 184.0 326.0 192.0 298.0 294.0 327.0 Grasp 0
457.0 323.0 442.0 402.0 413.0 396.0 428.0 318.0 Grasp 0
450.0 183.0 450.0 256.0 421.0 256.0 421.0 183.0 Grasp 0
497.0 268.0 448.0 188.0 473.0 172.0 523.0 252.0 Grasp 0
401.0 262.0 386.0 178.0 414.0 172.0 430.0 257.0 Grasp 0
477.0 118.0 425.0 158.0 408.0 135.0 460.0 96.0 Grasp 0
471.0 265.0 440.0 184.0 468.0 173.0 499.0 254.0 Grasp 0
607.0 181.0 566.0 225.0 545.0 205.0 585.0 161.0 Grasp 0
373.0 468.0 313.0 370.0 337.0 354.0 398.0 452.0 Grasp 0
510.0 133.0 434.0 171.0 421.0 146.0 498.0 108.0 Grasp 0
