498.0 162.0 430.0 169.0 427.0 140.0 495.0 134.0 Grasp 0
492.0 222.0 419.0 215.0 422.0 186.0 495.0 193.0 Grasp 0
475.0 253.0 411.0 204.0 429.0 181.0 492.0 229.0 Grasp 0
410.0 292.0 410.0 389.0 374.0 389.0 374.0 292.0 Grasp 0
341.0 292.0 341.0 394.0 304.0 394.0 304.0 292.0 Grasp 0
491.0 211.0 420.0 191.0 428.0 163.0 499.0 183.0 Grasp 0
487.0 239.0 418.0 233.0 421.0 204.0 490.0 210.0 Grasp 0
363.0 183.0 299.0 232.0 281.0 209.0 346.0 160.0 Grasp 0
507.0 166.0 423.0 190.0 415.0 162.0 499.0 138.0 Grasp 0
354.0 293.0 354.0 397.0 317.0 397.0 317.0 293.0 Grasp 0
491.0 208.0 419.0 172.0 431.0 146.0 504.0 182.0 Grasp 0
347.0 90.0 331.0 6.0 361.0 1.0 376.0 84.0 Grasp 0
512.0 139.0 428.0 163.0 420.0 135.0 504.0 111.0 Grasp 0
459.0 284.0 403.0 242.0 421.0 219.0 477.0 261.0 Grasp 0
367.0 291.0 321.0 408.0 288.0 395.0 333.0 278.0 Grasp 0
506.0 94.0 459.0 19.0 484.0 4.0 530.0 79.0 Grasp 0
374.0 20.0 361.0 87.0 332.0 82.0 345.0 15.0 Grasp 0
328.0 292.0 328.0 396.0 291.0 396.0 291.0 292.0 Grasp 0
396.0 292.0 396.0 393.0 360.0 393.0 360.0 292.0 Grasp 0
490.0 102.0 445.0 29.0 470.0 14.0 515.0 87.0 Grasp 0
452.0 287.0 405.0 211.0 430.0 196.0 477.0 271.0 Grasp 0
526.0 173.0 448.0 151.0 457.0 121.0 534.0 143.0 Grasp 0
512.0 98.0 483.0 22.0 510.0 12.0 539.0 87.0 Grasp 0
465.0 274.0 404.0 206.0 425.0 187.0 487.0 254.0 Grasp 0
480.0 245.0 414.0 195.0 432.0 172.0 498.0 222.0 Grasp 0
381.0 31.0 370.0 86.0 341.0 80.0 351.0 25.0 Grasp 0
385.0 289.0 364.0 403.0 328.0 396.0 349.0 283.0 Grasp 0
515.0 96.0 502.0 26.0 530.0 21.0 543.0 91.0 Grasp 0
372.0 200.0 304.0 233.0 292.0 208.0 359.0 174.0 Grasp 0
518.0 137.0 431.0 180.0 418.0 154.0 505.0 111.0 Grasp 0
393.0 405.0 348.0 290.0 381.0 277.0 426.0 392.0 Grasp 0
487.0 249.0 410.0 242.0 413.0 213.0 490.0 220.0 Grasp 0
493.0 179.0 429.0 173.0 431.0 145.0 496.0 151.0 Grasp 0
377.0 234.0 300.0 242.0 297.0 213.0 374.0 206.0 Grasp 0
469.0 267.0 406.0 236.0 419.0 210.0 482.0 241.0 Grasp 0
563.0 41.0 563.0 111.0 534.0 111.0 534.0 41.0 Grasp 0
491.0 120.0 437.0 33.0 461.0 18.0 515.0 105.0 Grasp 0
310.0 290.0 310.0 393.0 274.0 393.0 274.0 290.0 Grasp 0
422.0 291.0 422.0 388.0 386.0 388.0 386.0 291.0 Grasp 0
495.0 195.0 424.0 188.0 426.0 159.0 498.0 166.0 Grasp 0
514.0 128.0 435.0 150.0 427.0 122.0 506.0 100.0 Grasp 0
