356.0 34.0 332.0 95.0 305.0 84.0 328.0 24.0 Grasp 0
252.0 184.0 229.0 245.0 202.0 234.0 225.0 173.0 Grasp 0
541.0 51.0 518.0 89.0 494.0 74.0 517.0 36.0 Grasp 0
431.0 87.0 412.0 136.0 384.0 126.0 404.0 76.0 Grasp 0
342.0 26.0 291.0 83.0 268.0 62.0 320.0 5.0 Grasp 0
528.0 347.0 476.0 263.0 501.0 248.0 552.0 332.0 Grasp 0
538.0 341.0 507.0 260.0 534.0 250.0 565.0 330.0 Grasp 0
324.0 21.0 278.0 70.0 256.0 50.0 302.0 0.0 Grasp 0
549.0 176.0 506.0 198.0 493.0 172.0 536.0 151.0 Grasp 0
349.0 26.0 323.0 92.0 295.0 82.0 321.0 15.0 Grasp 0
329.0 15.0 303.0 81.0 276.0 70.0 301.0 4.0 Grasp 0
371.0 137.0 352.0 36.0 381.0 30.0 400.0 132.0 Grasp 0
553.0 262.0 540.0 332.0 512.0 326.0 525.0 256.0 Grasp 0
499.0 20.0 489.0 71.0 461.0 65.0 471.0 15.0 Grasp 0
413.0 74.0 402.0 134.0 373.0 128.0 384.0 68.0 Grasp 0
504.0 345.0 454.0 264.0 478.0 249.0 528.0 330.0 Grasp 0
249.0 174.0 249.0 257.0 219.0 257.0 219.0 174.0 Grasp 0
389.0 239.0 314.0 183.0 331.0 160.0 406.0 216.0 Grasp 0
341.0 384.0 275.0 334.0 292.0 311.0 358.0 361.0 Grasp 0
365.0 41.0 342.0 99.0 315.0 89.0 337.0 31.0 Grasp 0
550.0 59.0 530.0 91.0 506.0 77.0 526.0 44.0 Grasp 0
512.0 91.0 501.0 36.0 529.0 31.0 540.0 86.0 Grasp 0
358.0 159.0 320.0 140.0 333.0 115.0 370.0 133.0 Grasp 0
540.0 336.0 526.0 258.0 554.0 253.0 569.0 331.0 Grasp 0
267.0 184.0 267.0 279.0 237.0 279.0 237.0 184.0 Grasp 0
527.0 43.0 504.0 81.0 479.0 66.0 503.0 28.0 Grasp 0
384.0 136.0 368.0 52.0 397.0 46.0 412.0 131.0 Grasp 0
562.0 268.0 550.0 332.0 522.0 327.0 534.0 262.0 Grasp 0
509.0 25.0 500.0 76.0 472.0 71.0 481.0 20.0 Grasp 0
498.0 92.0 485.0 23.0 513.0 18.0 526.0 87.0 Grasp 0
386.0 201.0 322.0 183.0 330.0 155.0 394.0 174.0 Grasp 0
362.0 173.0 320.0 161.0 328.0 134.0 370.0 145.0 Grasp 0
340.0 20.0 314.0 87.0 286.0 77.0 312.0 9.0 Grasp 0
400.0 70.0 337.0 117.0 320.0 94.0 382.0 47.0 Grasp 0
405.0 135.0 392.0 69.0 421.0 64.0 433.0 130.0 Grasp 0
518.0 347.0 466.0 264.0 490.0 249.0 542.0 332.0 Grasp 0
544.0 171.0 520.0 197.0 499.0 178.0 523.0 152.0 Grasp 0
517.0 337.0 502.0 260.0 531.0 255.0 545.0 332.0 Grasp 0
421.0 79.0 335.0 122.0 322.0 95.0 408.0 52.0 Grasp 0
308.0 376.0 273.0 338.0 294.0 318.0 329.0 357.0 Grasp 0
538.0 346.0 487.0 263.0 511.0 248.0 562.0 331.0 Grasp 0
503.0 338.0 489.0 261.0 517.0 256.0 531.0 333.0 Grasp 0
389.0 67.0 330.0 111.0 312.0 88.0 371.0 43.0 Grasp 0
492.0 330.0 479.0 263.0 507.0 258.0 520.0 324.0 Grasp 0
380.0 235.0 304.0 197.0 317.0 171.0 393.0 209.0 Grasp 0
376.0 188.0 321.0 172.0 328.0 145.0 384.0 160.0 Grasp 0
404.0 140.0 370.0 51.0 397.0 41.0 431.0 130.0 Grasp 0
