460.0 189.0 425.0 280.0 397.0 269.0 432.0 178.0 Grasp 0
261.0 335.0 234.0 322.0 247.0 296.0 273.0 310.0 Grasp 0
401.0 174.0 370.0 255.0 342.0 244.0 374.0 163.0 Grasp 0
592.0 268.0 562.0 347.0 534.0 337.0 565.0 258.0 Grasp 0
254.0 339.0 224.0 331.0 232.0 303.0 262.0 312.0 Grasp 0
122.0 408.0 108.0 387.0 132.0 372.0 146.0 393.0 Grasp 0
609.0 298.0 568.0 364.0 543.0 348.0 584.0 282.0 Grasp 0
471.0 196.0 435.0 288.0 407.0 277.0 443.0 186.0 Grasp 0
382.0 134.0 338.0 85.0 359.0 66.0 404.0 114.0 Grasp 0
373.0 358.0 327.0 362.0 325.0 333.0 371.0 329.0 Grasp 0
106.0 413.0 93.0 392.0 117.0 377.0 130.0 398.0 Grasp 0
386.0 172.0 352.0 257.0 325.0 247.0 358.0 161.0 Grasp 0
439.0 133.0 426.0 118.0 447.0 99.0 460.0 114.0 Grasp 0
485.0 458.0 438.0 422.0 455.0 399.0 503.0 434.0 Grasp 0
541.0 225.0 506.0 314.0 478.0 304.0 513.0 214.0 Grasp 0
142.0 404.0 123.0 383.0 144.0 364.0 163.0 385.0 Grasp 0
493.0 433.0 448.0 410.0 461.0 384.0 506.0 406.0 Grasp 0
457.0 479.0 425.0 427.0 450.0 411.0 483.0 463.0 Grasp 0
514.0 218.0 478.0 310.0 451.0 299.0 486.0 208.0 Grasp 0
486.0 476.0 443.0 430.0 465.0 410.0 508.0 456.0 Grasp 0
228.0 349.0 198.0 341.0 206.0 314.0 236.0 322.0 Grasp 0
166.0 381.0 146.0 359.0 168.0 340.0 187.0 361.0 Grasp 0
152.0 387.0 136.0 368.0 156.0 349.0 173.0 368.0 Grasp 0
243.0 170.0 232.0 114.0 261.0 109.0 272.0 165.0 Grasp 0
244.0 350.0 213.0 341.0 221.0 314.0 252.0 322.0 Grasp 0
336.0 436.0 323.0 367.0 353.0 362.0 366.0 431.0 Grasp 0
470.0 462.0 426.0 414.0 448.0 394.0 492.0 442.0 Grasp 0
161.0 394.0 143.0 375.0 164.0 356.0 182.0 375.0 Grasp 0
474.0 438.0 441.0 402.0 463.0 382.0 496.0 418.0 Grasp 0
409.0 472.0 311.0 481.0 308.0 449.0 406.0 440.0 Grasp 0
380.0 121.0 327.0 95.0 340.0 69.0 394.0 95.0 Grasp 0
407.0 184.0 375.0 267.0 347.0 256.0 380.0 173.0 Grasp 0
489.0 423.0 445.0 401.0 458.0 375.0 502.0 397.0 Grasp 0
372.0 378.0 325.0 392.0 317.0 364.0 364.0 351.0 Grasp 0
381.0 115.0 333.0 79.0 350.0 56.0 398.0 92.0 Grasp 0
460.0 494.0 427.0 442.0 453.0 426.0 485.0 478.0 Grasp 0
419.0 180.0 400.0 277.0 371.0 271.0 389.0 174.0 Grasp 0
278.0 324.0 251.0 316.0 259.0 288.0 286.0 296.0 Grasp 0
493.0 213.0 457.0 305.0 429.0 294.0 465.0 202.0 Grasp 0
621.0 296.0 581.0 359.0 556.0 344.0 595.0 280.0 Grasp 0
384.0 140.0 330.0 99.0 347.0 76.0 401.0 116.0 Grasp 0
448.0 175.0 413.0 265.0 385.0 254.0 420.0 164.0 Grasp 0
194.0 371.0 183.0 343.0 209.0 333.0 220.0 361.0 Grasp 0
387.0 446.0 378.0 494.0 345.0 487.0 354.0 440.0 Grasp 0
487.0 202.0 452.0 294.0 424.0 283.0 459.0 191.0 Grasp 0
530.0 214.0 495.0 304.0 467.0 293.0 502.0 203.0 Grasp 0
299.0 96.0 299.0 151.0 270.0 151.0 270.0 96.0 Grasp 0
368.0 392.0 317.0 407.0 309.0 378.0 360.0 364.0 Grasp 0
183.0 374.0 174.0 350.0 200.0 340.0 209.0 364.0 Grasp 0
584.0 273.0 537.0 348.0 512.0 333.0 559.0 257.0 Grasp 0
175.0 371.0 166.0 347.0 193.0 337.0 202.0 361.0 Grasp 0
476.0 209.0 441.0 299.0 413.0 289.0 448.0 198.0 Grasp 0
616.0 271.0 587.0 346.0 559.0 335.0 588.0 260.0 Grasp 0
553.0 242.0 502.0 324.0 477.0 309.0 528.0 226.0 Grasp 0
383.0 454.0 345.0 497.0 320.0 474.0 359.0 432.0 Grasp 0
192.0 359.0 183.0 335.0 210.0 325.0 219.0 349.0 Grasp 0
365.0 382.0 365.0 465.0 331.0 465.0 331.0 382.0 Grasp 0
178.0 380.0 158.0 358.0 179.0 338.0 199.0 360.0 Grasp 0
485.0 433.0 452.0 396.0 473.0 376.0 506.0 413.0 Grasp 0
419.0 178.0 386.0 262.0 358.0 252.0 391.0 167.0 Grasp 0
