472.0 133.0 445.0 176.0 420.0 160.0 446.0 117.0 Grasp 0
420.0 110.0 366.0 151.0 348.0 127.0 402.0 86.0 Grasp 0
440.0 130.0 388.0 169.0 370.0 145.0 422.0 106.0 Grasp 0
456.0 109.0 426.0 157.0 400.0 142.0 430.0 94.0 Grasp 0
228.0 251.0 228.0 342.0 198.0 342.0 198.0 251.0 Grasp 0
598.0 136.0 540.0 120.0 548.0 91.0 606.0 108.0 Grasp 0
403.0 74.0 355.0 126.0 332.0 106.0 380.0 54.0 Grasp 0
435.0 87.0 387.0 140.0 365.0 119.0 413.0 67.0 Grasp 0
490.0 150.0 464.0 192.0 438.0 176.0 464.0 134.0 Grasp 0
483.0 182.0 466.0 227.0 439.0 216.0 456.0 172.0 Grasp 0
454.0 337.0 433.0 314.0 454.0 295.0 475.0 318.0 Grasp 0
556.0 191.0 506.0 154.0 524.0 130.0 573.0 168.0 Grasp 0
462.0 141.0 417.0 175.0 398.0 151.0 443.0 117.0 Grasp 0
442.0 347.0 422.0 324.0 443.0 305.0 463.0 328.0 Grasp 0
587.0 117.0 529.0 101.0 537.0 73.0 595.0 89.0 Grasp 0
428.0 363.0 407.0 339.0 428.0 320.0 449.0 344.0 Grasp 0
478.0 320.0 448.0 305.0 461.0 280.0 490.0 295.0 Grasp 0
590.0 155.0 531.0 138.0 539.0 109.0 599.0 126.0 Grasp 0
420.0 79.0 363.0 122.0 346.0 98.0 402.0 55.0 Grasp 0
487.0 314.0 459.0 300.0 472.0 275.0 500.0 289.0 Grasp 0
369.0 157.0 338.0 78.0 366.0 67.0 397.0 146.0 Grasp 0
424.0 51.0 371.0 91.0 353.0 67.0 406.0 28.0 Grasp 0
601.0 78.0 557.0 65.0 565.0 37.0 609.0 50.0 Grasp 0
471.0 117.0 443.0 161.0 418.0 146.0 446.0 101.0 Grasp 0
332.0 266.0 332.0 296.0 302.0 296.0 302.0 266.0 Grasp 0
449.0 90.0 428.0 145.0 399.0 134.0 421.0 79.0 Grasp 0
593.0 144.0 535.0 128.0 543.0 100.0 601.0 116.0 Grasp 0
491.0 163.0 474.0 209.0 446.0 198.0 463.0 152.0 Grasp 0
544.0 221.0 502.0 175.0 524.0 155.0 566.0 201.0 Grasp 0
586.0 175.0 532.0 148.0 545.0 121.0 599.0 148.0 Grasp 0
473.0 155.0 446.0 199.0 420.0 183.0 447.0 139.0 Grasp 0
496.0 181.0 475.0 237.0 447.0 226.0 468.0 170.0 Grasp 0
581.0 199.0 524.0 170.0 537.0 143.0 594.0 172.0 Grasp 0
318.0 275.0 312.0 304.0 283.0 298.0 288.0 269.0 Grasp 0
284.0 250.0 255.0 253.0 253.0 224.0 282.0 221.0 Grasp 0
428.0 111.0 382.0 162.0 360.0 142.0 406.0 91.0 Grasp 0
598.0 127.0 547.0 89.0 565.0 65.0 616.0 104.0 Grasp 0
593.0 83.0 545.0 79.0 547.0 49.0 595.0 54.0 Grasp 0
572.0 176.0 516.0 148.0 529.0 121.0 585.0 149.0 Grasp 0
441.0 336.0 429.0 305.0 456.0 295.0 468.0 326.0 Grasp 0
486.0 144.0 452.0 181.0 430.0 160.0 463.0 124.0 Grasp 0
543.0 209.0 502.0 165.0 524.0 145.0 565.0 190.0 Grasp 0
434.0 360.0 403.0 352.0 411.0 324.0 441.0 333.0 Grasp 0
297.0 322.0 239.0 258.0 260.0 238.0 319.0 303.0 Grasp 0
439.0 146.0 393.0 181.0 376.0 158.0 422.0 123.0 Grasp 0
423.0 69.0 353.0 88.0 344.0 60.0 414.0 40.0 Grasp 0
420.0 62.0 364.0 104.0 346.0 80.0 402.0 38.0 Grasp 0
298.0 299.0 287.0 326.0 260.0 315.0 270.0 289.0 Grasp 0
416.0 353.0 411.0 326.0 439.0 321.0 444.0 348.0 Grasp 0
431.0 347.0 426.0 320.0 454.0 315.0 459.0 342.0 Grasp 0
509.0 303.0 478.0 294.0 485.0 266.0 517.0 275.0 Grasp 0
590.0 93.0 535.0 88.0 538.0 59.0 592.0 64.0 Grasp 0
276.0 268.0 247.0 276.0 239.0 248.0 268.0 240.0 Grasp 0
290.0 319.0 218.0 264.0 236.0 241.0 308.0 296.0 Grasp 0
272.0 261.0 243.0 264.0 240.0 234.0 270.0 232.0 Grasp 0
291.0 234.0 262.0 236.0 259.0 207.0 288.0 205.0 Grasp 0
580.0 190.0 531.0 153.0 549.0 129.0 598.0 166.0 Grasp 0
507.0 173.0 490.0 219.0 460.0 208.0 478.0 162.0 Grasp 0
571.0 150.0 512.0 133.0 520.0 105.0 579.0 122.0 Grasp 0
292.0 215.0 263.0 212.0 266.0 183.0 295.0 186.0 Grasp 0
537.0 281.0 503.0 285.0 500.0 256.0 534.0 253.0 Grasp 0
415.0 89.0 366.0 143.0 343.0 122.0 392.0 69.0 Grasp 0
453.0 156.0 421.0 191.0 400.0 172.0 432.0 137.0 Grasp 0
479.0 167.0 452.0 210.0 426.0 194.0 453.0 150.0 Grasp 0
513.0 292.0 483.0 283.0 490.0 256.0 521.0 264.0 Grasp 0
510.0 181.0 499.0 242.0 469.0 236.0 481.0 176.0 Grasp 0
579.0 160.0 520.0 143.0 528.0 115.0 588.0 132.0 Grasp 0
570.0 190.0 520.0 153.0 538.0 129.0 588.0 167.0 Grasp 0
352.0 288.0 342.0 262.0 369.0 251.0 380.0 278.0 Grasp 0
278.0 255.0 249.0 258.0 247.0 229.0 276.0 226.0 Grasp 0
293.0 201.0 269.0 194.0 277.0 167.0 301.0 174.0 Grasp 0
603.0 127.0 544.0 110.0 552.0 82.0 611.0 99.0 Grasp 0
267.0 267.0 237.0 269.0 234.0 240.0 265.0 237.0 Grasp 0
493.0 304.0 464.0 289.0 476.0 264.0 506.0 279.0 Grasp 0
469.0 326.0 448.0 303.0 468.0 284.0 490.0 307.0 Grasp 0
438.0 112.0 393.0 162.0 371.0 142.0 416.0 92.0 Grasp 0
574.0 212.0 525.0 175.0 543.0 152.0 591.0 188.0 Grasp 0
599.0 106.0 540.0 90.0 548.0 61.0 607.0 78.0 Grasp 0
455.0 126.0 400.0 168.0 382.0 144.0 437.0 102.0 Grasp 0
602.0 116.0 542.0 99.0 550.0 70.0 610.0 87.0 Grasp 0
287.0 226.0 258.0 223.0 260.0 194.0 290.0 197.0 Grasp 0
581.0 133.0 525.0 117.0 533.0 89.0 589.0 105.0 Grasp 0
337.0 261.0 337.0 291.0 307.0 291.0 307.0 261.0 Grasp 0
372.0 258.0 366.0 286.0 338.0 280.0 343.0 253.0 Grasp 0
461.0 102.0 442.0 151.0 414.0 140.0 433.0 91.0 Grasp 0
400.0 61.0 355.0 110.0 333.0 90.0 378.0 41.0 Grasp 0
581.0 168.0 532.0 130.0 550.0 107.0 599.0 144.0 Grasp 0
559.0 220.0 516.0 174.0 538.0 154.0 581.0 200.0 Grasp 0
595.0 95.0 551.0 82.0 559.0 54.0 603.0 66.0 Grasp 0
309.0 288.0 298.0 314.0 272.0 303.0 282.0 277.0 Grasp 0
455.0 88.0 397.0 131.0 379.0 107.0 436.0 64.0 Grasp 0
367.0 265.0 362.0 291.0 333.0 286.0 338.0 260.0 Grasp 0
280.0 263.0 206.0 284.0 198.0 255.0 272.0 234.0 Grasp 0
438.0 358.0 416.0 334.0 437.0 315.0 459.0 339.0 Grasp 0
527.0 279.0 494.0 276.0 497.0 248.0 530.0 251.0 Grasp 0
466.0 333.0 440.0 313.0 457.0 290.0 483.0 310.0 Grasp 0
449.0 84.0 408.0 151.0 383.0 135.0 424.0 69.0 Grasp 0
585.0 182.0 526.0 165.0 534.0 137.0 594.0 154.0 Grasp 0
421.0 348.0 416.0 321.0 444.0 315.0 449.0 342.0 Grasp 0
504.0 150.0 480.0 189.0 453.0 173.0 478.0 133.0 Grasp 0
460.0 128.0 431.0 174.0 406.0 158.0 434.0 112.0 Grasp 0
351.0 264.0 346.0 293.0 316.0 288.0 321.0 259.0 Grasp 0
603.0 88.0 558.0 75.0 567.0 47.0 611.0 59.0 Grasp 0
