413.0 138.0 354.0 167.0 341.0 141.0 400.0 111.0 Grasp 0
413.0 292.0 337.0 235.0 355.0 212.0 430.0 269.0 Grasp 0
382.0 88.0 338.0 137.0 315.0 116.0 360.0 68.0 Grasp 0
365.0 65.0 321.0 113.0 298.0 92.0 342.0 44.0 Grasp 0
309.0 295.0 205.0 265.0 213.0 237.0 317.0 266.0 Grasp 0
230.0 125.0 188.0 93.0 205.0 70.0 247.0 102.0 Grasp 0
303.0 336.0 212.0 328.0 215.0 298.0 305.0 307.0 Grasp 0
309.0 316.0 213.0 325.0 211.0 295.0 307.0 286.0 Grasp 0
315.0 292.0 211.0 301.0 208.0 271.0 313.0 262.0 Grasp 0
305.0 314.0 210.0 306.0 213.0 276.0 308.0 284.0 Grasp 0
232.0 174.0 194.0 170.0 197.0 142.0 235.0 145.0 Grasp 0
341.0 35.0 297.0 84.0 274.0 62.0 318.0 14.0 Grasp 0
402.0 116.0 352.0 154.0 334.0 130.0 384.0 92.0 Grasp 0
374.0 74.0 329.0 123.0 306.0 102.0 351.0 53.0 Grasp 0
303.0 335.0 203.0 307.0 211.0 278.0 311.0 307.0 Grasp 0
353.0 52.0 310.0 99.0 287.0 78.0 330.0 31.0 Grasp 0
232.0 155.0 187.0 132.0 199.0 107.0 245.0 129.0 Grasp 0
232.0 134.0 188.0 112.0 201.0 87.0 245.0 109.0 Grasp 0
408.0 117.0 363.0 166.0 341.0 146.0 386.0 97.0 Grasp 0
425.0 276.0 337.0 232.0 350.0 206.0 438.0 249.0 Grasp 0
244.0 204.0 196.0 228.0 184.0 203.0 231.0 179.0 Grasp 0
427.0 253.0 348.0 214.0 361.0 188.0 440.0 227.0 Grasp 0
232.0 166.0 190.0 154.0 197.0 127.0 240.0 139.0 Grasp 0
239.0 202.0 196.0 214.0 188.0 187.0 232.0 175.0 Grasp 0
434.0 245.0 344.0 237.0 347.0 208.0 437.0 216.0 Grasp 0
293.0 356.0 205.0 313.0 218.0 286.0 306.0 330.0 Grasp 0
333.0 24.0 288.0 73.0 265.0 52.0 309.0 3.0 Grasp 0
236.0 186.0 196.0 190.0 194.0 162.0 234.0 158.0 Grasp 0
390.0 98.0 347.0 145.0 325.0 125.0 368.0 77.0 Grasp 0
247.0 207.0 197.0 245.0 180.0 223.0 230.0 185.0 Grasp 0
314.0 277.0 212.0 287.0 209.0 257.0 312.0 247.0 Grasp 0
253.0 192.0 197.0 283.0 173.0 268.0 229.0 177.0 Grasp 0
311.0 321.0 220.0 347.0 212.0 318.0 303.0 292.0 Grasp 0
231.0 150.0 184.0 114.0 201.0 91.0 248.0 127.0 Grasp 0
415.0 193.0 415.0 295.0 385.0 295.0 385.0 193.0 Grasp 0
435.0 212.0 362.0 292.0 341.0 272.0 414.0 192.0 Grasp 0
229.0 111.0 194.0 94.0 207.0 69.0 241.0 86.0 Grasp 0
442.0 213.0 383.0 308.0 358.0 292.0 417.0 197.0 Grasp 0
