576.0 93.0 541.0 83.0 549.0 56.0 584.0 66.0 Grasp 0
317.0 250.0 228.0 242.0 231.0 213.0 320.0 221.0 Grasp 0
379.0 326.0 329.0 364.0 311.0 341.0 362.0 303.0 Grasp 0
566.0 126.0 530.0 116.0 538.0 89.0 574.0 99.0 Grasp 0
330.0 217.0 240.0 209.0 243.0 180.0 333.0 188.0 Grasp 0
420.0 266.0 385.0 228.0 406.0 208.0 441.0 247.0 Grasp 0
547.0 186.0 511.0 168.0 523.0 142.0 559.0 160.0 Grasp 0
434.0 259.0 399.0 221.0 420.0 201.0 455.0 240.0 Grasp 0
454.0 248.0 419.0 209.0 440.0 190.0 476.0 229.0 Grasp 0
585.0 54.0 556.0 46.0 563.0 19.0 593.0 27.0 Grasp 0
360.0 283.0 345.0 245.0 372.0 235.0 387.0 273.0 Grasp 0
393.0 273.0 376.0 229.0 403.0 219.0 420.0 262.0 Grasp 0
345.0 168.0 261.0 160.0 264.0 131.0 348.0 139.0 Grasp 0
535.0 214.0 499.0 175.0 520.0 155.0 556.0 195.0 Grasp 0
327.0 211.0 248.0 188.0 256.0 160.0 335.0 182.0 Grasp 0
553.0 165.0 518.0 148.0 530.0 122.0 566.0 140.0 Grasp 0
581.0 78.0 546.0 68.0 554.0 41.0 588.0 51.0 Grasp 0
436.0 253.0 412.0 214.0 437.0 199.0 461.0 238.0 Grasp 0
458.0 241.0 435.0 203.0 459.0 188.0 483.0 226.0 Grasp 0
331.0 230.0 230.0 239.0 227.0 210.0 328.0 201.0 Grasp 0
396.0 330.0 345.0 369.0 328.0 346.0 379.0 308.0 Grasp 0
329.0 197.0 256.0 176.0 264.0 148.0 337.0 169.0 Grasp 0
316.0 231.0 242.0 194.0 255.0 168.0 329.0 205.0 Grasp 0
362.0 322.0 291.0 357.0 278.0 332.0 350.0 296.0 Grasp 0
471.0 226.0 463.0 188.0 491.0 183.0 499.0 221.0 Grasp 0
326.0 228.0 237.0 219.0 240.0 190.0 328.0 199.0 Grasp 0
331.0 239.0 217.0 272.0 209.0 244.0 323.0 211.0 Grasp 0
412.0 334.0 376.0 372.0 356.0 353.0 391.0 315.0 Grasp 0
335.0 181.0 261.0 145.0 274.0 119.0 348.0 155.0 Grasp 0
323.0 255.0 214.0 286.0 206.0 258.0 315.0 227.0 Grasp 0
525.0 223.0 498.0 180.0 523.0 165.0 549.0 208.0 Grasp 0
334.0 169.0 269.0 137.0 282.0 111.0 347.0 143.0 Grasp 0
570.0 110.0 536.0 100.0 543.0 73.0 578.0 83.0 Grasp 0
308.0 252.0 235.0 215.0 248.0 189.0 321.0 225.0 Grasp 0
250.0 328.0 213.0 234.0 240.0 223.0 277.0 317.0 Grasp 0
357.0 321.0 254.0 350.0 246.0 323.0 349.0 294.0 Grasp 0
381.0 279.0 364.0 235.0 390.0 225.0 407.0 269.0 Grasp 0
376.0 325.0 305.0 361.0 292.0 336.0 364.0 300.0 Grasp 0
218.0 331.0 201.0 287.0 227.0 277.0 244.0 321.0 Grasp 0
463.0 231.0 449.0 198.0 476.0 187.0 489.0 221.0 Grasp 0
557.0 152.0 521.0 142.0 529.0 114.0 565.0 125.0 Grasp 0
584.0 45.0 562.0 38.0 570.0 11.0 592.0 18.0 Grasp 0
500.0 183.0 490.0 236.0 462.0 231.0 472.0 178.0 Grasp 0
587.0 96.0 534.0 111.0 527.0 84.0 580.0 69.0 Grasp 0
549.0 175.0 513.0 135.0 534.0 116.0 570.0 155.0 Grasp 0
551.0 175.0 515.0 157.0 527.0 131.0 564.0 149.0 Grasp 0
406.0 219.0 392.0 292.0 364.0 286.0 377.0 214.0 Grasp 0
367.0 286.0 357.0 233.0 386.0 228.0 395.0 281.0 Grasp 0
601.0 63.0 541.0 93.0 529.0 68.0 588.0 38.0 Grasp 0
563.0 136.0 527.0 126.0 535.0 99.0 570.0 109.0 Grasp 0
