490.0 252.0 413.0 290.0 399.0 262.0 476.0 224.0 Grasp 0
509.0 300.0 447.0 347.0 429.0 324.0 491.0 277.0 Grasp 0
502.0 265.0 439.0 334.0 417.0 313.0 480.0 245.0 Grasp 0
519.0 305.0 464.0 365.0 442.0 346.0 497.0 286.0 Grasp 0
259.0 141.0 194.0 213.0 172.0 194.0 238.0 122.0 Grasp 0
494.0 253.0 420.0 309.0 402.0 284.0 476.0 228.0 Grasp 0
249.0 145.0 197.0 171.0 184.0 145.0 236.0 119.0 Grasp 0
458.0 218.0 441.0 307.0 410.0 301.0 427.0 213.0 Grasp 0
492.0 224.0 437.0 312.0 411.0 296.0 465.0 208.0 Grasp 0
242.0 313.0 183.0 268.0 200.0 245.0 259.0 289.0 Grasp 0
388.0 149.0 308.0 142.0 311.0 113.0 391.0 120.0 Grasp 0
513.0 332.0 439.0 353.0 431.0 325.0 505.0 304.0 Grasp 0
497.0 268.0 400.0 277.0 397.0 246.0 494.0 237.0 Grasp 0
255.0 145.0 196.0 189.0 179.0 166.0 237.0 122.0 Grasp 0
464.0 213.0 464.0 317.0 433.0 317.0 433.0 213.0 Grasp 0
433.0 315.0 397.0 223.0 426.0 211.0 462.0 304.0 Grasp 0
486.0 284.0 398.0 241.0 412.0 213.0 500.0 256.0 Grasp 0
515.0 333.0 457.0 362.0 445.0 336.0 502.0 307.0 Grasp 0
244.0 310.0 176.0 235.0 197.0 215.0 265.0 290.0 Grasp 0
510.0 271.0 443.0 344.0 421.0 324.0 487.0 251.0 Grasp 0
467.0 301.0 419.0 224.0 446.0 208.0 493.0 285.0 Grasp 0
