607.0 210.0 595.0 275.0 565.0 269.0 577.0 204.0 Grasp 0
281.0 64.0 212.0 70.0 210.0 41.0 278.0 35.0 Grasp 0
283.0 84.0 217.0 91.0 215.0 61.0 280.0 55.0 Grasp 0
289.0 102.0 221.0 122.0 213.0 93.0 281.0 74.0 Grasp 0
535.0 126.0 477.0 97.0 491.0 70.0 549.0 99.0 Grasp 0
291.0 55.0 217.0 92.0 204.0 66.0 278.0 29.0 Grasp 0
279.0 107.0 202.0 49.0 220.0 25.0 297.0 84.0 Grasp 0
383.0 57.0 369.0 131.0 340.0 126.0 354.0 52.0 Grasp 0
551.0 109.0 499.0 94.0 507.0 65.0 559.0 80.0 Grasp 0
423.0 51.0 337.0 75.0 328.0 46.0 414.0 21.0 Grasp 0
284.0 45.0 220.0 77.0 207.0 50.0 271.0 18.0 Grasp 0
563.0 88.0 515.0 84.0 518.0 54.0 566.0 59.0 Grasp 0
304.0 96.0 236.0 171.0 214.0 151.0 282.0 76.0 Grasp 0
579.0 277.0 566.0 207.0 596.0 202.0 609.0 271.0 Grasp 0
297.0 76.0 222.0 132.0 204.0 109.0 279.0 52.0 Grasp 0
566.0 53.0 489.0 60.0 486.0 30.0 563.0 23.0 Grasp 0
224.0 268.0 210.0 192.0 239.0 187.0 253.0 262.0 Grasp 0
604.0 209.0 572.0 293.0 543.0 282.0 576.0 198.0 Grasp 0
299.0 91.0 224.0 148.0 206.0 124.0 281.0 67.0 Grasp 0
539.0 120.0 501.0 101.0 514.0 74.0 553.0 93.0 Grasp 0
577.0 180.0 557.0 283.0 527.0 277.0 547.0 174.0 Grasp 0
520.0 145.0 460.0 100.0 479.0 76.0 538.0 121.0 Grasp 0
594.0 183.0 594.0 275.0 564.0 275.0 564.0 183.0 Grasp 0
583.0 194.0 568.0 274.0 538.0 269.0 553.0 189.0 Grasp 0
360.0 369.0 345.0 289.0 374.0 284.0 389.0 364.0 Grasp 0
284.0 95.0 218.0 101.0 215.0 72.0 281.0 66.0 Grasp 0
