300.0 139.0 266.0 193.0 242.0 178.0 276.0 123.0 Grasp 0
295.0 323.0 262.0 237.0 289.0 227.0 322.0 313.0 Grasp 0
259.0 115.0 236.0 174.0 209.0 163.0 231.0 105.0 Grasp 0
305.0 138.0 281.0 201.0 254.0 191.0 278.0 128.0 Grasp 0
291.0 243.0 278.0 312.0 250.0 307.0 263.0 237.0 Grasp 0
320.0 149.0 286.0 205.0 261.0 190.0 296.0 134.0 Grasp 0
265.0 238.0 253.0 303.0 224.0 298.0 237.0 232.0 Grasp 0
271.0 326.0 234.0 232.0 261.0 221.0 298.0 316.0 Grasp 0
269.0 119.0 245.0 180.0 218.0 169.0 242.0 108.0 Grasp 0
284.0 132.0 252.0 184.0 227.0 168.0 259.0 117.0 Grasp 0
325.0 143.0 311.0 219.0 282.0 214.0 297.0 138.0 Grasp 0
251.0 115.0 220.0 164.0 196.0 149.0 226.0 99.0 Grasp 0
257.0 320.0 224.0 236.0 251.0 225.0 284.0 309.0 Grasp 0
287.0 244.0 262.0 310.0 235.0 300.0 260.0 234.0 Grasp 0
271.0 320.0 255.0 236.0 284.0 231.0 299.0 315.0 Grasp 0
293.0 323.0 219.0 242.0 241.0 223.0 315.0 304.0 Grasp 0
312.0 252.0 287.0 317.0 260.0 307.0 286.0 242.0 Grasp 0
297.0 255.0 228.0 306.0 211.0 283.0 279.0 232.0 Grasp 0
299.0 329.0 239.0 232.0 264.0 216.0 324.0 313.0 Grasp 0
304.0 127.0 304.0 214.0 275.0 214.0 275.0 127.0 Grasp 0
325.0 268.0 228.0 316.0 215.0 290.0 313.0 242.0 Grasp 0
323.0 329.0 267.0 239.0 292.0 224.0 348.0 314.0 Grasp 0
281.0 253.0 222.0 297.0 205.0 274.0 263.0 230.0 Grasp 0
343.0 275.0 275.0 327.0 257.0 304.0 326.0 252.0 Grasp 0
