269.0 371.0 259.0 345.0 287.0 334.0 297.0 360.0 Grasp 0
467.0 328.0 456.0 356.0 430.0 346.0 441.0 317.0 Grasp 0
253.0 349.0 244.0 326.0 272.0 316.0 280.0 338.0 Grasp 0
455.0 337.0 444.0 364.0 417.0 353.0 427.0 326.0 Grasp 0
267.0 365.0 254.0 343.0 279.0 328.0 292.0 349.0 Grasp 0
301.0 367.0 285.0 342.0 311.0 327.0 326.0 351.0 Grasp 0
417.0 337.0 417.0 363.0 386.0 363.0 386.0 337.0 Grasp 0
392.0 252.0 339.0 292.0 321.0 267.0 373.0 227.0 Grasp 0
283.0 362.0 278.0 334.0 307.0 329.0 312.0 356.0 Grasp 0
476.0 324.0 470.0 355.0 442.0 350.0 448.0 319.0 Grasp 0
246.0 155.0 246.0 254.0 217.0 254.0 217.0 155.0 Grasp 0
429.0 300.0 429.0 325.0 400.0 325.0 400.0 300.0 Grasp 0
451.0 328.0 440.0 356.0 414.0 345.0 425.0 318.0 Grasp 0
401.0 89.0 300.0 39.0 314.0 10.0 415.0 60.0 Grasp 0
451.0 293.0 451.0 322.0 422.0 322.0 422.0 293.0 Grasp 0
255.0 371.0 242.0 350.0 268.0 335.0 281.0 355.0 Grasp 0
262.0 353.0 242.0 331.0 263.0 311.0 283.0 333.0 Grasp 0
254.0 363.0 244.0 337.0 271.0 326.0 281.0 353.0 Grasp 0
275.0 362.0 266.0 339.0 293.0 329.0 302.0 352.0 Grasp 0
240.0 257.0 221.0 160.0 249.0 155.0 267.0 252.0 Grasp 0
240.0 355.0 232.0 334.0 261.0 323.0 269.0 344.0 Grasp 0
429.0 339.0 419.0 365.0 391.0 354.0 401.0 328.0 Grasp 0
288.0 367.0 269.0 345.0 290.0 325.0 310.0 347.0 Grasp 0
448.0 43.0 357.0 51.0 354.0 19.0 445.0 10.0 Grasp 0
482.0 330.0 476.0 361.0 448.0 356.0 454.0 324.0 Grasp 0
491.0 332.0 487.0 354.0 459.0 349.0 463.0 326.0 Grasp 0
417.0 302.0 411.0 331.0 382.0 326.0 387.0 296.0 Grasp 0
410.0 139.0 336.0 83.0 356.0 58.0 429.0 113.0 Grasp 0
