444.0 364.0 426.0 264.0 454.0 258.0 473.0 358.0 Grasp 0
446.0 265.0 428.0 364.0 399.0 358.0 417.0 259.0 Grasp 0
280.0 95.0 209.0 88.0 212.0 59.0 283.0 66.0 Grasp 0
303.0 42.0 206.0 51.0 203.0 22.0 301.0 13.0 Grasp 0
280.0 82.0 197.0 40.0 210.0 14.0 293.0 56.0 Grasp 0
338.0 277.0 253.0 235.0 266.0 209.0 351.0 251.0 Grasp 0
400.0 273.0 400.0 348.0 371.0 348.0 371.0 273.0 Grasp 0
303.0 54.0 207.0 63.0 205.0 34.0 300.0 25.0 Grasp 0
355.0 253.0 255.0 225.0 263.0 196.0 363.0 225.0 Grasp 0
390.0 360.0 374.0 275.0 403.0 270.0 419.0 355.0 Grasp 0
289.0 78.0 206.0 71.0 209.0 42.0 292.0 49.0 Grasp 0
323.0 209.0 249.0 265.0 231.0 242.0 305.0 186.0 Grasp 0
481.0 361.0 443.0 262.0 470.0 252.0 509.0 351.0 Grasp 0
389.0 212.0 360.0 190.0 377.0 166.0 406.0 188.0 Grasp 0
307.0 62.0 214.0 88.0 206.0 60.0 299.0 34.0 Grasp 0
364.0 231.0 340.0 192.0 365.0 176.0 389.0 215.0 Grasp 0
400.0 267.0 347.0 353.0 322.0 337.0 375.0 252.0 Grasp 0
407.0 365.0 389.0 272.0 418.0 267.0 435.0 360.0 Grasp 0
386.0 270.0 335.0 353.0 310.0 338.0 361.0 255.0 Grasp 0
353.0 252.0 249.0 262.0 247.0 233.0 350.0 223.0 Grasp 0
435.0 270.0 402.0 355.0 375.0 344.0 408.0 259.0 Grasp 0
378.0 223.0 348.0 189.0 369.0 170.0 400.0 203.0 Grasp 0
402.0 267.0 372.0 346.0 344.0 335.0 375.0 256.0 Grasp 0
275.0 91.0 198.0 53.0 211.0 27.0 288.0 65.0 Grasp 0
423.0 365.0 405.0 268.0 434.0 263.0 452.0 360.0 Grasp 0
497.0 253.0 497.0 358.0 467.0 358.0 467.0 253.0 Grasp 0
471.0 367.0 430.0 262.0 457.0 251.0 498.0 356.0 Grasp 0
416.0 274.0 388.0 347.0 360.0 337.0 389.0 263.0 Grasp 0
294.0 65.0 199.0 38.0 207.0 10.0 302.0 37.0 Grasp 0
377.0 272.0 364.0 341.0 335.0 336.0 348.0 267.0 Grasp 0
345.0 214.0 259.0 279.0 241.0 255.0 327.0 191.0 Grasp 0
