325.0 281.0 258.0 263.0 266.0 235.0 333.0 254.0 Grasp 0
344.0 271.0 279.0 252.0 287.0 224.0 352.0 243.0 Grasp 0
357.0 183.0 280.0 161.0 288.0 133.0 364.0 155.0 Grasp 0
372.0 192.0 296.0 170.0 304.0 142.0 380.0 164.0 Grasp 0
322.0 313.0 261.0 296.0 269.0 268.0 330.0 285.0 Grasp 0
378.0 171.0 301.0 149.0 309.0 121.0 386.0 143.0 Grasp 0
340.0 303.0 275.0 285.0 283.0 257.0 348.0 275.0 Grasp 0
377.0 156.0 301.0 134.0 309.0 106.0 385.0 128.0 Grasp 0
388.0 123.0 312.0 101.0 320.0 74.0 396.0 95.0 Grasp 0
348.0 287.0 283.0 280.0 285.0 252.0 351.0 258.0 Grasp 0
360.0 203.0 287.0 182.0 295.0 154.0 368.0 175.0 Grasp 0
381.0 134.0 308.0 113.0 316.0 85.0 389.0 106.0 Grasp 0
319.0 324.0 254.0 305.0 262.0 278.0 327.0 296.0 Grasp 0
312.0 297.0 250.0 279.0 258.0 252.0 319.0 269.0 Grasp 0
354.0 213.0 282.0 193.0 290.0 165.0 362.0 186.0 Grasp 0
342.0 317.0 279.0 312.0 281.0 283.0 344.0 289.0 Grasp 0
361.0 229.0 286.0 208.0 294.0 180.0 369.0 202.0 Grasp 0
343.0 234.0 272.0 214.0 280.0 187.0 351.0 207.0 Grasp 0
342.0 255.0 273.0 235.0 281.0 208.0 350.0 228.0 Grasp 0
358.0 244.0 289.0 225.0 297.0 197.0 365.0 217.0 Grasp 0
386.0 105.0 309.0 97.0 312.0 69.0 389.0 76.0 Grasp 0
335.0 276.0 270.0 257.0 278.0 230.0 343.0 248.0 Grasp 0
368.0 177.0 290.0 155.0 297.0 128.0 376.0 150.0 Grasp 0
356.0 193.0 281.0 171.0 289.0 144.0 363.0 165.0 Grasp 0
394.0 145.0 317.0 123.0 324.0 96.0 402.0 118.0 Grasp 0
324.0 292.0 259.0 273.0 267.0 246.0 332.0 264.0 Grasp 0
370.0 240.0 298.0 219.0 306.0 192.0 378.0 212.0 Grasp 0
396.0 123.0 321.0 86.0 334.0 60.0 409.0 98.0 Grasp 0
331.0 260.0 263.0 241.0 271.0 213.0 339.0 233.0 Grasp 0
371.0 224.0 297.0 203.0 305.0 176.0 379.0 196.0 Grasp 0
342.0 244.0 274.0 225.0 282.0 198.0 349.0 217.0 Grasp 0
367.0 161.0 291.0 140.0 299.0 112.0 374.0 134.0 Grasp 0
357.0 255.0 290.0 236.0 298.0 208.0 365.0 227.0 Grasp 0
345.0 314.0 280.0 295.0 288.0 267.0 353.0 286.0 Grasp 0
404.0 117.0 335.0 82.0 348.0 56.0 417.0 91.0 Grasp 0
383.0 187.0 307.0 165.0 315.0 137.0 391.0 159.0 Grasp 0
