268.0 445.0 219.0 392.0 241.0 373.0 289.0 425.0 Grasp 0
505.0 115.0 472.0 169.0 447.0 153.0 480.0 99.0 Grasp 0
524.0 115.0 510.0 189.0 481.0 183.0 494.0 110.0 Grasp 0
467.0 355.0 390.0 413.0 371.0 387.0 448.0 329.0 Grasp 0
452.0 335.0 422.0 414.0 391.0 403.0 422.0 323.0 Grasp 0
223.0 95.0 202.0 61.0 228.0 44.0 250.0 79.0 Grasp 0
505.0 94.0 505.0 189.0 475.0 189.0 475.0 94.0 Grasp 0
413.0 322.0 413.0 403.0 381.0 403.0 381.0 322.0 Grasp 0
229.0 128.0 189.0 158.0 170.0 133.0 210.0 103.0 Grasp 0
353.0 84.0 326.0 127.0 300.0 111.0 327.0 67.0 Grasp 0
495.0 90.0 480.0 175.0 450.0 170.0 466.0 85.0 Grasp 0
246.0 155.0 246.0 212.0 215.0 212.0 215.0 155.0 Grasp 0
242.0 96.0 201.0 65.0 220.0 39.0 261.0 71.0 Grasp 0
440.0 328.0 408.0 412.0 378.0 400.0 410.0 316.0 Grasp 0
436.0 306.0 436.0 391.0 404.0 391.0 404.0 306.0 Grasp 0
314.0 432.0 226.0 388.0 239.0 362.0 327.0 406.0 Grasp 0
441.0 325.0 441.0 409.0 409.0 409.0 409.0 325.0 Grasp 0
235.0 175.0 214.0 197.0 191.0 176.0 212.0 153.0 Grasp 0
564.0 158.0 518.0 208.0 497.0 188.0 542.0 139.0 Grasp 0
418.0 318.0 343.0 399.0 320.0 378.0 394.0 296.0 Grasp 0
379.0 316.0 379.0 399.0 348.0 399.0 348.0 316.0 Grasp 0
243.0 453.0 210.0 398.0 235.0 383.0 268.0 437.0 Grasp 0
486.0 91.0 458.0 161.0 431.0 151.0 458.0 80.0 Grasp 0
393.0 377.0 393.0 295.0 425.0 295.0 425.0 377.0 Grasp 0
524.0 126.0 490.0 181.0 465.0 165.0 499.0 111.0 Grasp 0
474.0 47.0 474.0 137.0 445.0 137.0 445.0 47.0 Grasp 0
253.0 85.0 238.0 46.0 267.0 35.0 282.0 74.0 Grasp 0
409.0 318.0 377.0 400.0 347.0 389.0 379.0 307.0 Grasp 0
409.0 324.0 395.0 400.0 364.0 394.0 378.0 318.0 Grasp 0
341.0 83.0 322.0 104.0 299.0 83.0 318.0 62.0 Grasp 0
573.0 166.0 546.0 210.0 520.0 195.0 548.0 150.0 Grasp 0
290.0 433.0 241.0 379.0 263.0 359.0 312.0 413.0 Grasp 0
424.0 321.0 424.0 405.0 392.0 405.0 392.0 321.0 Grasp 0
533.0 132.0 499.0 186.0 474.0 171.0 508.0 117.0 Grasp 0
236.0 102.0 195.0 81.0 209.0 53.0 250.0 74.0 Grasp 0
332.0 401.0 265.0 293.0 291.0 277.0 357.0 385.0 Grasp 0
376.0 324.0 361.0 400.0 331.0 395.0 345.0 318.0 Grasp 0
420.0 412.0 388.0 328.0 418.0 316.0 450.0 400.0 Grasp 0
555.0 137.0 529.0 202.0 502.0 192.0 527.0 127.0 Grasp 0
301.0 44.0 273.0 89.0 246.0 73.0 274.0 27.0 Grasp 0
238.0 144.0 217.0 201.0 187.0 189.0 209.0 133.0 Grasp 0
272.0 286.0 253.0 337.0 226.0 327.0 245.0 275.0 Grasp 0
514.0 110.0 487.0 180.0 459.0 169.0 486.0 99.0 Grasp 0
209.0 119.0 181.0 98.0 200.0 73.0 228.0 94.0 Grasp 0
465.0 65.0 465.0 163.0 435.0 163.0 435.0 65.0 Grasp 0
329.0 427.0 239.0 382.0 252.0 356.0 342.0 401.0 Grasp 0
380.0 413.0 363.0 320.0 394.0 315.0 411.0 407.0 Grasp 0
298.0 440.0 212.0 397.0 226.0 371.0 311.0 413.0 Grasp 0
243.0 104.0 184.0 98.0 186.0 67.0 246.0 72.0 Grasp 0
271.0 38.0 262.0 90.0 231.0 84.0 240.0 32.0 Grasp 0
259.0 189.0 243.0 214.0 216.0 198.0 232.0 172.0 Grasp 0
544.0 143.0 511.0 196.0 487.0 180.0 519.0 127.0 Grasp 0
242.0 159.0 224.0 206.0 195.0 194.0 213.0 148.0 Grasp 0
316.0 44.0 316.0 98.0 284.0 98.0 284.0 44.0 Grasp 0
428.0 323.0 376.0 406.0 349.0 389.0 400.0 307.0 Grasp 0
396.0 319.0 366.0 395.0 337.0 384.0 366.0 308.0 Grasp 0
445.0 276.0 421.0 214.0 448.0 204.0 472.0 265.0 Grasp 0
345.0 91.0 297.0 105.0 289.0 75.0 336.0 62.0 Grasp 0
490.0 112.0 406.0 136.0 397.0 107.0 482.0 83.0 Grasp 0
458.0 313.0 357.0 389.0 338.0 364.0 439.0 288.0 Grasp 0
473.0 193.0 451.0 75.0 481.0 70.0 503.0 188.0 Grasp 0
561.0 155.0 541.0 207.0 513.0 197.0 533.0 145.0 Grasp 0
241.0 109.0 182.0 114.0 179.0 83.0 238.0 78.0 Grasp 0
279.0 439.0 230.0 386.0 252.0 366.0 300.0 420.0 Grasp 0
353.0 423.0 321.0 341.0 351.0 329.0 383.0 412.0 Grasp 0
298.0 154.0 254.0 42.0 284.0 31.0 327.0 143.0 Grasp 0
