283.0 124.0 283.0 221.0 254.0 221.0 254.0 124.0 Grasp 0
302.0 375.0 292.0 321.0 321.0 316.0 331.0 369.0 Grasp 0
302.0 354.0 283.0 303.0 310.0 293.0 329.0 343.0 Grasp 0
313.0 371.0 285.0 326.0 310.0 310.0 338.0 355.0 Grasp 0
442.0 308.0 423.0 359.0 396.0 348.0 415.0 298.0 Grasp 0
246.0 220.0 230.0 130.0 258.0 125.0 275.0 214.0 Grasp 0
320.0 170.0 303.0 151.0 324.0 131.0 342.0 151.0 Grasp 0
340.0 364.0 304.0 324.0 326.0 304.0 362.0 344.0 Grasp 0
250.0 125.0 214.0 218.0 187.0 207.0 223.0 114.0 Grasp 0
383.0 251.0 360.0 267.0 343.0 244.0 365.0 228.0 Grasp 0
314.0 321.0 305.0 374.0 276.0 369.0 286.0 316.0 Grasp 0
336.0 177.0 324.0 147.0 351.0 137.0 363.0 167.0 Grasp 0
402.0 264.0 374.0 279.0 361.0 252.0 389.0 238.0 Grasp 0
297.0 375.0 277.0 326.0 305.0 315.0 324.0 364.0 Grasp 0
361.0 177.0 345.0 151.0 369.0 136.0 385.0 162.0 Grasp 0
390.0 259.0 363.0 272.0 350.0 247.0 377.0 233.0 Grasp 0
334.0 250.0 312.0 261.0 299.0 235.0 321.0 224.0 Grasp 0
378.0 370.0 342.0 330.0 364.0 311.0 400.0 350.0 Grasp 0
350.0 177.0 334.0 151.0 359.0 135.0 375.0 161.0 Grasp 0
357.0 371.0 328.0 325.0 353.0 309.0 382.0 356.0 Grasp 0
375.0 175.0 362.0 154.0 386.0 138.0 400.0 160.0 Grasp 0
221.0 223.0 203.0 125.0 232.0 120.0 250.0 218.0 Grasp 0
457.0 312.0 451.0 348.0 422.0 343.0 429.0 307.0 Grasp 0
286.0 355.0 266.0 303.0 293.0 292.0 313.0 344.0 Grasp 0
353.0 248.0 326.0 262.0 313.0 236.0 340.0 222.0 Grasp 0
286.0 370.0 266.0 318.0 293.0 308.0 314.0 360.0 Grasp 0
362.0 259.0 337.0 272.0 325.0 246.0 349.0 234.0 Grasp 0
230.0 217.0 213.0 121.0 241.0 116.0 259.0 212.0 Grasp 0
426.0 323.0 395.0 372.0 370.0 357.0 401.0 307.0 Grasp 0
347.0 334.0 347.0 387.0 318.0 387.0 318.0 334.0 Grasp 0
324.0 361.0 295.0 315.0 321.0 299.0 349.0 345.0 Grasp 0
319.0 176.0 309.0 147.0 336.0 137.0 347.0 165.0 Grasp 0
301.0 175.0 287.0 152.0 311.0 137.0 325.0 160.0 Grasp 0
437.0 308.0 407.0 356.0 382.0 341.0 412.0 292.0 Grasp 0
307.0 136.0 290.0 224.0 262.0 219.0 278.0 130.0 Grasp 0
313.0 178.0 296.0 151.0 321.0 136.0 337.0 163.0 Grasp 0
336.0 311.0 326.0 363.0 298.0 358.0 307.0 306.0 Grasp 0
447.0 324.0 418.0 371.0 393.0 356.0 422.0 308.0 Grasp 0
329.0 369.0 310.0 322.0 338.0 311.0 356.0 359.0 Grasp 0
319.0 377.0 298.0 325.0 326.0 315.0 346.0 366.0 Grasp 0
469.0 320.0 463.0 353.0 434.0 348.0 440.0 315.0 Grasp 0
373.0 254.0 348.0 266.0 335.0 241.0 360.0 228.0 Grasp 0
433.0 318.0 412.0 372.0 385.0 362.0 406.0 307.0 Grasp 0
363.0 248.0 337.0 262.0 324.0 236.0 350.0 223.0 Grasp 0
340.0 371.0 320.0 320.0 348.0 309.0 368.0 360.0 Grasp 0
294.0 176.0 275.0 155.0 296.0 135.0 316.0 156.0 Grasp 0
312.0 167.0 307.0 193.0 279.0 188.0 284.0 161.0 Grasp 0
343.0 250.0 319.0 269.0 301.0 245.0 326.0 227.0 Grasp 0
391.0 358.0 345.0 323.0 362.0 300.0 408.0 335.0 Grasp 0
325.0 169.0 314.0 198.0 287.0 187.0 298.0 159.0 Grasp 0
364.0 241.0 344.0 262.0 323.0 243.0 343.0 222.0 Grasp 0
209.0 228.0 191.0 132.0 219.0 127.0 237.0 223.0 Grasp 0
413.0 359.0 367.0 325.0 385.0 301.0 431.0 336.0 Grasp 0
318.0 161.0 310.0 140.0 337.0 129.0 345.0 151.0 Grasp 0
385.0 372.0 356.0 326.0 381.0 311.0 410.0 357.0 Grasp 0
358.0 316.0 348.0 369.0 319.0 364.0 329.0 311.0 Grasp 0
418.0 328.0 378.0 371.0 357.0 352.0 396.0 308.0 Grasp 0
270.0 134.0 252.0 226.0 224.0 221.0 241.0 129.0 Grasp 0
314.0 306.0 304.0 360.0 275.0 355.0 285.0 301.0 Grasp 0
410.0 265.0 386.0 277.0 374.0 251.0 397.0 239.0 Grasp 0
329.0 371.0 294.0 332.0 316.0 312.0 351.0 351.0 Grasp 0
253.0 125.0 235.0 223.0 206.0 218.0 224.0 120.0 Grasp 0
