273.0 344.0 211.0 313.0 224.0 288.0 286.0 318.0 Grasp 0
458.0 333.0 407.0 348.0 398.0 319.0 450.0 304.0 Grasp 0
295.0 114.0 218.0 121.0 215.0 91.0 293.0 84.0 Grasp 0
282.0 40.0 208.0 47.0 205.0 17.0 279.0 10.0 Grasp 0
289.0 142.0 212.0 149.0 210.0 119.0 286.0 111.0 Grasp 0
266.0 79.0 189.0 86.0 186.0 56.0 263.0 48.0 Grasp 0
283.0 349.0 217.0 330.0 225.0 303.0 291.0 322.0 Grasp 0
448.0 329.0 394.0 344.0 386.0 315.0 440.0 300.0 Grasp 0
408.0 99.0 399.0 114.0 375.0 98.0 383.0 84.0 Grasp 0
263.0 33.0 189.0 54.0 180.0 25.0 254.0 4.0 Grasp 0
286.0 96.0 214.0 103.0 211.0 72.0 284.0 66.0 Grasp 0
285.0 130.0 210.0 137.0 208.0 107.0 283.0 100.0 Grasp 0
285.0 92.0 210.0 85.0 212.0 54.0 288.0 61.0 Grasp 0
248.0 339.0 185.0 307.0 197.0 282.0 261.0 313.0 Grasp 0
266.0 67.0 191.0 74.0 188.0 44.0 263.0 37.0 Grasp 0
262.0 350.0 195.0 331.0 203.0 304.0 269.0 323.0 Grasp 0
269.0 160.0 193.0 153.0 195.0 122.0 272.0 129.0 Grasp 0
391.0 85.0 372.0 80.0 379.0 53.0 399.0 58.0 Grasp 0
391.0 30.0 376.0 34.0 368.0 7.0 383.0 3.0 Grasp 0
266.0 91.0 191.0 98.0 188.0 68.0 263.0 61.0 Grasp 0
391.0 39.0 376.0 44.0 368.0 17.0 383.0 12.0 Grasp 0
245.0 336.0 198.0 284.0 219.0 265.0 266.0 317.0 Grasp 0
