306.0 242.0 259.0 278.0 241.0 254.0 289.0 218.0 Grasp 0
330.0 329.0 319.0 270.0 348.0 265.0 359.0 324.0 Grasp 0
473.0 301.0 450.0 358.0 423.0 348.0 445.0 290.0 Grasp 0
484.0 293.0 473.0 354.0 444.0 348.0 455.0 288.0 Grasp 0
319.0 329.0 308.0 271.0 337.0 265.0 348.0 323.0 Grasp 0
282.0 90.0 250.0 114.0 233.0 91.0 264.0 67.0 Grasp 0
290.0 208.0 228.0 239.0 215.0 213.0 277.0 182.0 Grasp 0
441.0 319.0 410.0 368.0 385.0 353.0 415.0 303.0 Grasp 0
462.0 318.0 451.0 379.0 422.0 373.0 433.0 313.0 Grasp 0
292.0 214.0 240.0 254.0 222.0 230.0 274.0 191.0 Grasp 0
288.0 224.0 247.0 270.0 225.0 250.0 266.0 204.0 Grasp 0
506.0 364.0 495.0 302.0 524.0 297.0 535.0 358.0 Grasp 0
310.0 259.0 264.0 293.0 246.0 270.0 292.0 235.0 Grasp 0
291.0 246.0 236.0 273.0 223.0 247.0 278.0 219.0 Grasp 0
492.0 305.0 492.0 367.0 462.0 367.0 462.0 305.0 Grasp 0
335.0 319.0 324.0 258.0 353.0 253.0 364.0 314.0 Grasp 0
479.0 318.0 467.0 379.0 438.0 374.0 450.0 313.0 Grasp 0
275.0 210.0 200.0 217.0 197.0 188.0 273.0 181.0 Grasp 0
456.0 323.0 434.0 380.0 407.0 369.0 429.0 312.0 Grasp 0
412.0 275.0 355.0 259.0 363.0 231.0 420.0 247.0 Grasp 0
489.0 351.0 478.0 292.0 507.0 287.0 518.0 346.0 Grasp 0
450.0 329.0 418.0 380.0 392.0 365.0 425.0 313.0 Grasp 0
264.0 220.0 196.0 239.0 188.0 211.0 257.0 192.0 Grasp 0
277.0 224.0 218.0 254.0 205.0 227.0 264.0 198.0 Grasp 0
292.0 197.0 228.0 229.0 215.0 203.0 279.0 171.0 Grasp 0
514.0 292.0 503.0 353.0 473.0 347.0 485.0 287.0 Grasp 0
508.0 381.0 484.0 319.0 511.0 309.0 535.0 371.0 Grasp 0
478.0 358.0 467.0 297.0 496.0 292.0 507.0 352.0 Grasp 0
433.0 261.0 386.0 225.0 405.0 201.0 452.0 236.0 Grasp 0
530.0 317.0 519.0 378.0 489.0 373.0 501.0 312.0 Grasp 0
484.0 378.0 473.0 317.0 502.0 311.0 513.0 373.0 Grasp 0
294.0 270.0 242.0 296.0 229.0 270.0 281.0 244.0 Grasp 0
445.0 380.0 433.0 318.0 462.0 313.0 474.0 374.0 Grasp 0
280.0 236.0 224.0 264.0 211.0 237.0 266.0 210.0 Grasp 0
484.0 315.0 484.0 377.0 455.0 377.0 455.0 315.0 Grasp 0
289.0 253.0 242.0 288.0 224.0 265.0 271.0 229.0 Grasp 0
463.0 298.0 463.0 361.0 433.0 361.0 433.0 298.0 Grasp 0
299.0 252.0 258.0 297.0 236.0 277.0 277.0 232.0 Grasp 0
