341.0 241.0 273.0 293.0 255.0 269.0 323.0 217.0 Grasp 0
373.0 297.0 315.0 341.0 297.0 316.0 354.0 272.0 Grasp 0
407.0 12.0 407.0 112.0 378.0 112.0 378.0 12.0 Grasp 0
383.0 308.0 334.0 362.0 311.0 340.0 360.0 287.0 Grasp 0
379.0 285.0 333.0 360.0 306.0 343.0 353.0 268.0 Grasp 0
319.0 83.0 264.0 143.0 243.0 124.0 298.0 63.0 Grasp 0
366.0 283.0 305.0 329.0 286.0 304.0 347.0 258.0 Grasp 0
241.0 6.0 228.0 72.0 200.0 67.0 212.0 1.0 Grasp 0
325.0 213.0 253.0 268.0 235.0 244.0 307.0 190.0 Grasp 0
331.0 222.0 260.0 276.0 242.0 252.0 313.0 198.0 Grasp 0
349.0 253.0 282.0 303.0 264.0 280.0 331.0 229.0 Grasp 0
360.0 274.0 298.0 321.0 280.0 296.0 341.0 250.0 Grasp 0
330.0 219.0 221.0 249.0 213.0 222.0 322.0 191.0 Grasp 0
307.0 84.0 226.0 124.0 212.0 98.0 293.0 57.0 Grasp 0
287.0 349.0 239.0 295.0 260.0 276.0 308.0 329.0 Grasp 0
271.0 358.0 228.0 311.0 249.0 291.0 293.0 339.0 Grasp 0
418.0 1.0 418.0 111.0 389.0 111.0 389.0 1.0 Grasp 0
