458.0 189.0 401.0 161.0 414.0 134.0 471.0 162.0 Grasp 0
274.0 207.0 227.0 260.0 205.0 240.0 253.0 188.0 Grasp 0
254.0 174.0 210.0 187.0 202.0 159.0 246.0 146.0 Grasp 0
450.0 207.0 392.0 178.0 405.0 151.0 464.0 180.0 Grasp 0
463.0 197.0 374.0 172.0 382.0 143.0 472.0 168.0 Grasp 0
269.0 204.0 222.0 240.0 205.0 217.0 252.0 181.0 Grasp 0
278.0 226.0 230.0 278.0 209.0 258.0 257.0 206.0 Grasp 0
282.0 248.0 235.0 299.0 214.0 280.0 261.0 229.0 Grasp 0
281.0 351.0 213.0 300.0 231.0 277.0 298.0 328.0 Grasp 0
245.0 156.0 211.0 166.0 203.0 138.0 237.0 128.0 Grasp 0
251.0 163.0 209.0 174.0 202.0 147.0 243.0 135.0 Grasp 0
290.0 272.0 244.0 345.0 220.0 330.0 265.0 257.0 Grasp 0
285.0 246.0 239.0 319.0 215.0 304.0 260.0 230.0 Grasp 0
265.0 181.0 217.0 217.0 200.0 194.0 248.0 158.0 Grasp 0
419.0 345.0 302.0 287.0 316.0 259.0 433.0 318.0 Grasp 0
267.0 191.0 219.0 227.0 202.0 204.0 250.0 168.0 Grasp 0
278.0 357.0 228.0 332.0 241.0 307.0 291.0 331.0 Grasp 0
287.0 258.0 242.0 331.0 217.0 316.0 263.0 242.0 Grasp 0
452.0 219.0 381.0 184.0 394.0 157.0 466.0 192.0 Grasp 0
424.0 335.0 307.0 277.0 320.0 249.0 438.0 308.0 Grasp 0
260.0 178.0 213.0 201.0 200.0 176.0 247.0 152.0 Grasp 0
292.0 284.0 247.0 357.0 223.0 342.0 268.0 269.0 Grasp 0
468.0 180.0 399.0 174.0 402.0 144.0 470.0 150.0 Grasp 0
