326.0 76.0 326.0 142.0 298.0 142.0 298.0 76.0 Grasp 0
373.0 57.0 314.0 51.0 316.0 23.0 376.0 28.0 Grasp 0
365.0 34.0 311.0 39.0 308.0 10.0 362.0 5.0 Grasp 0
412.0 113.0 347.0 162.0 330.0 140.0 395.0 90.0 Grasp 0
271.0 64.0 251.0 97.0 227.0 82.0 247.0 49.0 Grasp 0
279.0 136.0 265.0 63.0 293.0 57.0 307.0 131.0 Grasp 0
378.0 65.0 328.0 69.0 325.0 41.0 375.0 36.0 Grasp 0
459.0 151.0 377.0 214.0 359.0 191.0 442.0 128.0 Grasp 0
310.0 162.0 273.0 67.0 300.0 57.0 337.0 152.0 Grasp 0
255.0 59.0 241.0 82.0 216.0 67.0 231.0 43.0 Grasp 0
310.0 70.0 310.0 133.0 281.0 133.0 281.0 70.0 Grasp 0
336.0 165.0 319.0 78.0 347.0 73.0 364.0 160.0 Grasp 0
381.0 70.0 318.0 139.0 297.0 120.0 360.0 50.0 Grasp 0
278.0 58.0 269.0 109.0 241.0 103.0 250.0 53.0 Grasp 0
305.0 70.0 295.0 125.0 266.0 120.0 277.0 65.0 Grasp 0
288.0 60.0 277.0 115.0 249.0 110.0 259.0 55.0 Grasp 0
267.0 52.0 259.0 98.0 231.0 93.0 239.0 47.0 Grasp 0
248.0 54.0 232.0 79.0 208.0 65.0 224.0 39.0 Grasp 0
402.0 90.0 325.0 149.0 307.0 126.0 385.0 67.0 Grasp 0
316.0 165.0 300.0 78.0 328.0 73.0 344.0 160.0 Grasp 0
410.0 106.0 325.0 82.0 333.0 55.0 418.0 79.0 Grasp 0
263.0 61.0 246.0 89.0 221.0 74.0 239.0 46.0 Grasp 0
427.0 117.0 368.0 182.0 347.0 163.0 406.0 98.0 Grasp 0
457.0 141.0 361.0 189.0 348.0 163.0 444.0 115.0 Grasp 0
370.0 48.0 307.0 42.0 310.0 13.0 372.0 19.0 Grasp 0
397.0 75.0 344.0 160.0 320.0 145.0 373.0 60.0 Grasp 0
390.0 99.0 289.0 90.0 292.0 61.0 392.0 71.0 Grasp 0
451.0 146.0 378.0 201.0 361.0 178.0 433.0 123.0 Grasp 0
480.0 173.0 369.0 204.0 362.0 177.0 472.0 146.0 Grasp 0
379.0 73.0 311.0 54.0 319.0 26.0 387.0 45.0 Grasp 0
378.0 56.0 308.0 133.0 287.0 113.0 357.0 36.0 Grasp 0
284.0 77.0 269.0 101.0 245.0 86.0 260.0 62.0 Grasp 0
383.0 78.0 326.0 73.0 329.0 44.0 386.0 50.0 Grasp 0
294.0 81.0 278.0 107.0 253.0 92.0 269.0 66.0 Grasp 0
269.0 130.0 254.0 54.0 283.0 49.0 297.0 125.0 Grasp 0
368.0 39.0 323.0 51.0 315.0 24.0 360.0 11.0 Grasp 0
393.0 65.0 337.0 154.0 313.0 139.0 369.0 50.0 Grasp 0
440.0 133.0 381.0 229.0 356.0 214.0 416.0 117.0 Grasp 0
440.0 131.0 366.0 186.0 349.0 163.0 422.0 108.0 Grasp 0
265.0 61.0 227.0 90.0 210.0 67.0 248.0 39.0 Grasp 0
376.0 86.0 256.0 75.0 258.0 46.0 379.0 57.0 Grasp 0
