285.0 238.0 219.0 219.0 227.0 190.0 293.0 209.0 Grasp 0
298.0 209.0 224.0 202.0 227.0 172.0 301.0 179.0 Grasp 0
235.0 292.0 182.0 265.0 195.0 239.0 248.0 266.0 Grasp 0
392.0 57.0 366.0 44.0 379.0 19.0 405.0 32.0 Grasp 0
231.0 319.0 188.0 298.0 201.0 272.0 244.0 293.0 Grasp 0
551.0 213.0 551.0 294.0 521.0 294.0 521.0 213.0 Grasp 0
387.0 75.0 355.0 51.0 372.0 28.0 404.0 52.0 Grasp 0
367.0 114.0 339.0 69.0 363.0 54.0 391.0 99.0 Grasp 0
234.0 272.0 175.0 207.0 196.0 188.0 255.0 253.0 Grasp 0
513.0 297.0 498.0 219.0 527.0 213.0 542.0 292.0 Grasp 0
356.0 150.0 329.0 79.0 355.0 69.0 383.0 140.0 Grasp 0
233.0 275.0 178.0 234.0 195.0 211.0 250.0 252.0 Grasp 0
234.0 318.0 194.0 314.0 197.0 286.0 237.0 290.0 Grasp 0
237.0 306.0 182.0 279.0 195.0 254.0 249.0 281.0 Grasp 0
299.0 224.0 220.0 232.0 217.0 202.0 296.0 194.0 Grasp 0
395.0 45.0 375.0 39.0 383.0 12.0 403.0 18.0 Grasp 0
234.0 282.0 181.0 255.0 194.0 230.0 247.0 256.0 Grasp 0
547.0 197.0 460.0 189.0 463.0 160.0 549.0 168.0 Grasp 0
304.0 211.0 222.0 218.0 219.0 188.0 301.0 181.0 Grasp 0
311.0 171.0 234.0 178.0 232.0 148.0 309.0 141.0 Grasp 0
381.0 81.0 353.0 36.0 378.0 21.0 405.0 66.0 Grasp 0
540.0 193.0 495.0 171.0 508.0 145.0 552.0 167.0 Grasp 0
555.0 217.0 519.0 311.0 492.0 300.0 528.0 206.0 Grasp 0
381.0 86.0 350.0 62.0 368.0 39.0 399.0 63.0 Grasp 0
375.0 96.0 346.0 65.0 367.0 46.0 396.0 77.0 Grasp 0
290.0 224.0 220.0 204.0 229.0 176.0 298.0 195.0 Grasp 0
405.0 222.0 316.0 289.0 299.0 266.0 388.0 199.0 Grasp 0
353.0 167.0 323.0 89.0 350.0 79.0 380.0 157.0 Grasp 0
302.0 198.0 226.0 191.0 229.0 162.0 305.0 169.0 Grasp 0
