347.0 313.0 327.0 303.0 340.0 278.0 360.0 287.0 Grasp 0
239.0 160.0 208.0 163.0 206.0 135.0 236.0 132.0 Grasp 0
351.0 243.0 335.0 260.0 314.0 241.0 330.0 224.0 Grasp 0
241.0 219.0 219.0 235.0 202.0 212.0 224.0 196.0 Grasp 0
239.0 181.0 208.0 184.0 205.0 156.0 236.0 153.0 Grasp 0
329.0 227.0 321.0 247.0 294.0 237.0 302.0 216.0 Grasp 0
258.0 297.0 235.0 315.0 217.0 292.0 241.0 275.0 Grasp 0
257.0 309.0 235.0 325.0 218.0 302.0 240.0 286.0 Grasp 0
243.0 271.0 214.0 262.0 222.0 235.0 251.0 243.0 Grasp 0
391.0 248.0 378.0 317.0 350.0 311.0 363.0 243.0 Grasp 0
243.0 297.0 214.0 289.0 221.0 261.0 251.0 270.0 Grasp 0
362.0 310.0 349.0 243.0 377.0 238.0 390.0 304.0 Grasp 0
257.0 320.0 235.0 336.0 218.0 313.0 239.0 297.0 Grasp 0
246.0 188.0 216.0 197.0 208.0 169.0 238.0 161.0 Grasp 0
253.0 225.0 233.0 247.0 213.0 228.0 232.0 206.0 Grasp 0
243.0 207.0 218.0 226.0 201.0 203.0 226.0 185.0 Grasp 0
253.0 306.0 230.0 312.0 222.0 285.0 245.0 278.0 Grasp 0
233.0 154.0 203.0 157.0 200.0 129.0 230.0 126.0 Grasp 0
236.0 167.0 204.0 176.0 197.0 148.0 228.0 139.0 Grasp 0
341.0 237.0 324.0 255.0 303.0 236.0 320.0 218.0 Grasp 0
386.0 300.0 362.0 298.0 364.0 269.0 389.0 271.0 Grasp 0
386.0 284.0 350.0 226.0 374.0 211.0 410.0 269.0 Grasp 0
379.0 252.0 359.0 267.0 341.0 243.0 361.0 229.0 Grasp 0
412.0 280.0 369.0 234.0 390.0 214.0 433.0 261.0 Grasp 0
252.0 281.0 238.0 303.0 214.0 288.0 227.0 266.0 Grasp 0
249.0 239.0 223.0 258.0 206.0 235.0 232.0 216.0 Grasp 0
239.0 281.0 208.0 273.0 216.0 245.0 247.0 254.0 Grasp 0
228.0 136.0 202.0 144.0 194.0 116.0 221.0 109.0 Grasp 0
247.0 199.0 216.0 208.0 208.0 180.0 239.0 171.0 Grasp 0
328.0 331.0 309.0 317.0 327.0 294.0 346.0 308.0 Grasp 0
379.0 316.0 354.0 252.0 381.0 242.0 406.0 306.0 Grasp 0
240.0 262.0 212.0 248.0 224.0 222.0 252.0 236.0 Grasp 0
250.0 349.0 227.0 343.0 235.0 315.0 258.0 322.0 Grasp 0
387.0 255.0 366.0 266.0 353.0 240.0 374.0 229.0 Grasp 0
351.0 320.0 339.0 254.0 367.0 249.0 379.0 315.0 Grasp 0
255.0 332.0 236.0 346.0 219.0 323.0 238.0 309.0 Grasp 0
425.0 265.0 392.0 319.0 368.0 304.0 401.0 250.0 Grasp 0
372.0 257.0 352.0 271.0 335.0 249.0 355.0 234.0 Grasp 0
248.0 292.0 219.0 295.0 217.0 266.0 246.0 264.0 Grasp 0
252.0 284.0 221.0 281.0 224.0 253.0 254.0 256.0 Grasp 0
421.0 251.0 410.0 313.0 382.0 308.0 393.0 245.0 Grasp 0
358.0 308.0 337.0 297.0 350.0 272.0 371.0 282.0 Grasp 0
372.0 302.0 350.0 296.0 358.0 268.0 380.0 274.0 Grasp 0
351.0 293.0 339.0 229.0 367.0 223.0 379.0 287.0 Grasp 0
253.0 246.0 234.0 267.0 213.0 248.0 232.0 227.0 Grasp 0
362.0 248.0 346.0 266.0 325.0 247.0 341.0 229.0 Grasp 0
384.0 217.0 384.0 289.0 355.0 289.0 355.0 217.0 Grasp 0
236.0 188.0 204.0 197.0 197.0 169.0 228.0 160.0 Grasp 0
240.0 215.0 211.0 223.0 203.0 196.0 233.0 187.0 Grasp 0
400.0 253.0 388.0 321.0 360.0 316.0 372.0 247.0 Grasp 0
386.0 306.0 368.0 301.0 376.0 274.0 393.0 279.0 Grasp 0
426.0 219.0 415.0 281.0 387.0 276.0 398.0 213.0 Grasp 0
259.0 262.0 242.0 289.0 218.0 274.0 235.0 247.0 Grasp 0
233.0 144.0 204.0 147.0 201.0 119.0 230.0 116.0 Grasp 0
247.0 313.0 221.0 315.0 218.0 287.0 244.0 285.0 Grasp 0
251.0 299.0 222.0 307.0 214.0 280.0 244.0 272.0 Grasp 0
393.0 250.0 371.0 261.0 358.0 235.0 380.0 224.0 Grasp 0
236.0 315.0 212.0 297.0 229.0 275.0 253.0 292.0 Grasp 0
411.0 254.0 398.0 320.0 370.0 315.0 383.0 248.0 Grasp 0
341.0 318.0 323.0 309.0 335.0 283.0 354.0 292.0 Grasp 0
246.0 241.0 216.0 250.0 208.0 222.0 238.0 214.0 Grasp 0
