200.0 238.0 141.0 232.0 143.0 203.0 202.0 208.0 Grasp 0
206.0 194.0 145.0 200.0 142.0 170.0 204.0 164.0 Grasp 0
516.0 145.0 466.0 90.0 488.0 69.0 539.0 125.0 Grasp 0
592.0 50.0 569.0 52.0 566.0 22.0 590.0 20.0 Grasp 0
521.0 139.0 483.0 78.0 509.0 61.0 547.0 123.0 Grasp 0
222.0 238.0 163.0 243.0 160.0 214.0 220.0 208.0 Grasp 0
607.0 98.0 552.0 38.0 574.0 18.0 629.0 78.0 Grasp 0
215.0 178.0 154.0 172.0 157.0 143.0 217.0 148.0 Grasp 0
551.0 265.0 551.0 362.0 521.0 362.0 521.0 265.0 Grasp 0
204.0 216.0 149.0 221.0 146.0 192.0 201.0 187.0 Grasp 0
537.0 272.0 521.0 361.0 491.0 355.0 508.0 266.0 Grasp 0
205.0 183.0 142.0 178.0 145.0 148.0 207.0 154.0 Grasp 0
517.0 277.0 500.0 368.0 470.0 362.0 487.0 272.0 Grasp 0
221.0 227.0 164.0 232.0 162.0 203.0 218.0 198.0 Grasp 0
502.0 261.0 485.0 352.0 456.0 347.0 473.0 256.0 Grasp 0
197.0 292.0 154.0 270.0 167.0 244.0 210.0 266.0 Grasp 0
547.0 275.0 530.0 368.0 501.0 362.0 518.0 269.0 Grasp 0
524.0 152.0 510.0 78.0 540.0 73.0 554.0 146.0 Grasp 0
222.0 211.0 164.0 216.0 161.0 187.0 219.0 181.0 Grasp 0
533.0 167.0 492.0 101.0 518.0 85.0 558.0 151.0 Grasp 0
209.0 161.0 149.0 156.0 151.0 126.0 212.0 132.0 Grasp 0
214.0 261.0 173.0 282.0 160.0 256.0 201.0 235.0 Grasp 0
493.0 261.0 460.0 346.0 432.0 336.0 465.0 250.0 Grasp 0
200.0 150.0 142.0 133.0 150.0 105.0 208.0 121.0 Grasp 0
197.0 270.0 149.0 266.0 151.0 236.0 200.0 241.0 Grasp 0
560.0 34.0 506.0 29.0 508.0 0.0 562.0 5.0 Grasp 0
211.0 154.0 156.0 126.0 169.0 100.0 224.0 127.0 Grasp 0
205.0 205.0 145.0 210.0 143.0 181.0 202.0 175.0 Grasp 0
223.0 189.0 163.0 194.0 160.0 165.0 220.0 159.0 Grasp 0
561.0 260.0 561.0 356.0 531.0 356.0 531.0 260.0 Grasp 0
201.0 235.0 151.0 197.0 169.0 173.0 219.0 211.0 Grasp 0
519.0 249.0 501.0 341.0 472.0 336.0 489.0 244.0 Grasp 0
212.0 251.0 170.0 272.0 157.0 245.0 199.0 224.0 Grasp 0
