546.0 227.0 488.0 271.0 470.0 247.0 528.0 204.0 Grasp 0
258.0 293.0 183.0 271.0 191.0 243.0 266.0 264.0 Grasp 0
410.0 288.0 361.0 368.0 335.0 352.0 384.0 272.0 Grasp 0
517.0 120.0 431.0 144.0 423.0 116.0 509.0 91.0 Grasp 0
555.0 233.0 524.0 282.0 499.0 266.0 530.0 217.0 Grasp 0
321.0 180.0 240.0 172.0 243.0 143.0 324.0 151.0 Grasp 0
359.0 271.0 342.0 364.0 313.0 359.0 330.0 265.0 Grasp 0
267.0 303.0 191.0 324.0 182.0 296.0 258.0 274.0 Grasp 0
321.0 178.0 229.0 152.0 237.0 124.0 329.0 150.0 Grasp 0
307.0 305.0 294.0 372.0 265.0 367.0 278.0 300.0 Grasp 0
536.0 177.0 461.0 215.0 448.0 188.0 523.0 151.0 Grasp 0
391.0 275.0 340.0 357.0 315.0 341.0 365.0 260.0 Grasp 0
258.0 282.0 179.0 242.0 192.0 216.0 271.0 255.0 Grasp 0
381.0 65.0 366.0 142.0 336.0 137.0 351.0 59.0 Grasp 0
267.0 290.0 200.0 340.0 182.0 316.0 249.0 266.0 Grasp 0
261.0 299.0 192.0 305.0 189.0 276.0 258.0 269.0 Grasp 0
525.0 153.0 444.0 176.0 436.0 147.0 517.0 125.0 Grasp 0
292.0 61.0 224.0 80.0 216.0 52.0 284.0 33.0 Grasp 0
538.0 199.0 467.0 234.0 454.0 208.0 525.0 173.0 Grasp 0
310.0 64.0 241.0 139.0 220.0 120.0 289.0 45.0 Grasp 0
386.0 137.0 316.0 84.0 334.0 60.0 404.0 113.0 Grasp 0
535.0 212.0 470.0 245.0 457.0 219.0 522.0 186.0 Grasp 0
254.0 281.0 178.0 198.0 200.0 178.0 276.0 261.0 Grasp 0
299.0 29.0 224.0 86.0 206.0 63.0 281.0 7.0 Grasp 0
542.0 222.0 509.0 274.0 484.0 259.0 517.0 206.0 Grasp 0
305.0 63.0 234.0 117.0 217.0 94.0 288.0 40.0 Grasp 0
397.0 328.0 336.0 310.0 344.0 281.0 405.0 298.0 Grasp 0
300.0 62.0 228.0 98.0 215.0 73.0 287.0 37.0 Grasp 0
523.0 185.0 447.0 192.0 444.0 163.0 520.0 156.0 Grasp 0
337.0 194.0 292.0 266.0 268.0 251.0 312.0 179.0 Grasp 0
326.0 319.0 277.0 373.0 255.0 353.0 304.0 299.0 Grasp 0
412.0 321.0 364.0 373.0 342.0 353.0 389.0 301.0 Grasp 0
533.0 155.0 452.0 196.0 439.0 170.0 520.0 129.0 Grasp 0
401.0 346.0 331.0 311.0 344.0 283.0 414.0 318.0 Grasp 0
400.0 318.0 349.0 357.0 330.0 333.0 382.0 294.0 Grasp 0
303.0 355.0 294.0 308.0 323.0 303.0 332.0 350.0 Grasp 0
521.0 135.0 437.0 159.0 429.0 131.0 513.0 107.0 Grasp 0
391.0 343.0 331.0 326.0 339.0 297.0 399.0 314.0 Grasp 0
311.0 363.0 273.0 302.0 298.0 286.0 336.0 347.0 Grasp 0
536.0 187.0 464.0 223.0 451.0 197.0 523.0 161.0 Grasp 0
392.0 332.0 287.0 322.0 290.0 292.0 394.0 302.0 Grasp 0
565.0 242.0 537.0 287.0 512.0 272.0 540.0 226.0 Grasp 0
392.0 329.0 339.0 325.0 342.0 294.0 394.0 299.0 Grasp 0
394.0 355.0 296.0 328.0 304.0 298.0 402.0 326.0 Grasp 0
300.0 41.0 227.0 96.0 209.0 73.0 283.0 18.0 Grasp 0
328.0 213.0 230.0 164.0 243.0 138.0 341.0 186.0 Grasp 0
540.0 204.0 499.0 270.0 474.0 254.0 515.0 189.0 Grasp 0
400.0 294.0 346.0 353.0 323.0 333.0 377.0 274.0 Grasp 0
288.0 44.0 217.0 64.0 209.0 37.0 280.0 17.0 Grasp 0
