499.0 317.0 470.0 363.0 446.0 348.0 475.0 301.0 Grasp 0
301.0 342.0 271.0 264.0 299.0 253.0 330.0 331.0 Grasp 0
263.0 346.0 230.0 262.0 258.0 251.0 291.0 335.0 Grasp 0
251.0 347.0 218.0 263.0 246.0 252.0 279.0 337.0 Grasp 0
229.0 348.0 214.0 266.0 244.0 260.0 260.0 342.0 Grasp 0
225.0 113.0 189.0 54.0 214.0 39.0 250.0 97.0 Grasp 0
286.0 268.0 271.0 346.0 241.0 340.0 256.0 263.0 Grasp 0
416.0 266.0 367.0 345.0 342.0 329.0 391.0 250.0 Grasp 0
366.0 268.0 366.0 331.0 336.0 331.0 336.0 268.0 Grasp 0
287.0 350.0 232.0 262.0 258.0 246.0 313.0 334.0 Grasp 0
532.0 317.0 502.0 366.0 477.0 351.0 508.0 302.0 Grasp 0
263.0 113.0 215.0 35.0 241.0 19.0 289.0 97.0 Grasp 0
228.0 108.0 200.0 35.0 228.0 24.0 256.0 97.0 Grasp 0
273.0 342.0 258.0 263.0 288.0 257.0 303.0 336.0 Grasp 0
439.0 265.0 397.0 334.0 371.0 318.0 414.0 249.0 Grasp 0
263.0 263.0 263.0 341.0 232.0 341.0 232.0 263.0 Grasp 0
242.0 231.0 200.0 199.0 217.0 176.0 259.0 208.0 Grasp 0
428.0 266.0 378.0 345.0 353.0 330.0 402.0 250.0 Grasp 0
257.0 267.0 244.0 334.0 214.0 328.0 227.0 262.0 Grasp 0
323.0 270.0 323.0 332.0 293.0 332.0 293.0 270.0 Grasp 0
496.0 313.0 435.0 381.0 413.0 361.0 474.0 294.0 Grasp 0
298.0 348.0 246.0 263.0 271.0 248.0 324.0 332.0 Grasp 0
274.0 271.0 248.0 338.0 220.0 327.0 246.0 260.0 Grasp 0
366.0 232.0 347.0 127.0 377.0 121.0 396.0 227.0 Grasp 0
390.0 121.0 368.0 237.0 338.0 232.0 360.0 116.0 Grasp 0
