242.0 124.0 230.0 187.0 201.0 182.0 213.0 119.0 Grasp 0
547.0 342.0 539.0 302.0 567.0 297.0 575.0 337.0 Grasp 0
349.0 167.0 288.0 234.0 266.0 214.0 328.0 147.0 Grasp 0
549.0 297.0 523.0 363.0 496.0 353.0 522.0 286.0 Grasp 0
571.0 302.0 550.0 358.0 523.0 347.0 545.0 292.0 Grasp 0
355.0 170.0 311.0 240.0 286.0 225.0 330.0 154.0 Grasp 0
304.0 152.0 279.0 217.0 251.0 206.0 276.0 142.0 Grasp 0
314.0 157.0 289.0 222.0 262.0 212.0 287.0 146.0 Grasp 0
303.0 153.0 250.0 211.0 228.0 191.0 281.0 133.0 Grasp 0
522.0 247.0 447.0 225.0 455.0 198.0 530.0 219.0 Grasp 0
278.0 140.0 224.0 199.0 202.0 179.0 256.0 120.0 Grasp 0
539.0 297.0 513.0 364.0 487.0 354.0 513.0 286.0 Grasp 0
275.0 142.0 251.0 203.0 224.0 193.0 247.0 131.0 Grasp 0
263.0 129.0 248.0 204.0 219.0 199.0 233.0 123.0 Grasp 0
333.0 160.0 290.0 229.0 266.0 214.0 308.0 145.0 Grasp 0
492.0 279.0 449.0 210.0 474.0 194.0 516.0 263.0 Grasp 0
397.0 184.0 309.0 250.0 292.0 227.0 380.0 161.0 Grasp 0
574.0 303.0 566.0 344.0 538.0 338.0 545.0 298.0 Grasp 0
545.0 350.0 525.0 298.0 552.0 288.0 572.0 339.0 Grasp 0
452.0 347.0 428.0 222.0 458.0 216.0 482.0 342.0 Grasp 0
462.0 325.0 445.0 235.0 474.0 230.0 491.0 319.0 Grasp 0
258.0 131.0 233.0 195.0 205.0 184.0 230.0 120.0 Grasp 0
375.0 175.0 310.0 245.0 289.0 226.0 354.0 155.0 Grasp 0
293.0 148.0 269.0 210.0 241.0 200.0 266.0 137.0 Grasp 0
509.0 272.0 444.0 223.0 461.0 199.0 526.0 249.0 Grasp 0
530.0 297.0 483.0 372.0 459.0 357.0 506.0 282.0 Grasp 0
333.0 163.0 307.0 231.0 280.0 220.0 306.0 153.0 Grasp 0
471.0 324.0 404.0 273.0 422.0 249.0 490.0 299.0 Grasp 0
324.0 356.0 290.0 269.0 317.0 258.0 351.0 346.0 Grasp 0
554.0 296.0 543.0 356.0 514.0 350.0 526.0 291.0 Grasp 0
248.0 134.0 216.0 186.0 191.0 170.0 223.0 119.0 Grasp 0
