344.0 360.0 308.0 303.0 333.0 288.0 369.0 345.0 Grasp 0
330.0 124.0 269.0 118.0 272.0 89.0 333.0 95.0 Grasp 0
332.0 373.0 295.0 313.0 320.0 297.0 358.0 357.0 Grasp 0
393.0 320.0 316.0 299.0 324.0 270.0 401.0 292.0 Grasp 0
319.0 41.0 274.0 91.0 253.0 72.0 298.0 22.0 Grasp 0
329.0 117.0 258.0 97.0 266.0 69.0 337.0 89.0 Grasp 0
344.0 197.0 266.0 158.0 280.0 131.0 358.0 170.0 Grasp 0
339.0 165.0 269.0 145.0 277.0 117.0 347.0 137.0 Grasp 0
305.0 408.0 250.0 366.0 268.0 342.0 323.0 384.0 Grasp 0
323.0 399.0 253.0 364.0 266.0 337.0 336.0 372.0 Grasp 0
351.0 168.0 301.0 223.0 278.0 202.0 329.0 147.0 Grasp 0
399.0 306.0 328.0 300.0 331.0 270.0 401.0 277.0 Grasp 0
297.0 416.0 245.0 377.0 264.0 353.0 315.0 392.0 Grasp 0
333.0 137.0 278.0 142.0 275.0 112.0 330.0 107.0 Grasp 0
417.0 275.0 339.0 282.0 336.0 253.0 414.0 246.0 Grasp 0
349.0 113.0 279.0 35.0 300.0 16.0 371.0 93.0 Grasp 0
296.0 39.0 279.0 82.0 252.0 71.0 269.0 29.0 Grasp 0
352.0 354.0 316.0 296.0 341.0 280.0 377.0 338.0 Grasp 0
338.0 36.0 283.0 96.0 261.0 77.0 317.0 16.0 Grasp 0
341.0 216.0 268.0 161.0 286.0 136.0 359.0 191.0 Grasp 0
315.0 394.0 284.0 316.0 312.0 305.0 342.0 384.0 Grasp 0
299.0 290.0 240.0 306.0 232.0 279.0 291.0 262.0 Grasp 0
350.0 347.0 307.0 314.0 325.0 290.0 368.0 323.0 Grasp 0
341.0 176.0 270.0 155.0 278.0 126.0 349.0 146.0 Grasp 0
329.0 391.0 259.0 356.0 272.0 329.0 343.0 364.0 Grasp 0
350.0 380.0 251.0 370.0 253.0 340.0 353.0 349.0 Grasp 0
345.0 126.0 308.0 223.0 279.0 212.0 317.0 115.0 Grasp 0
342.0 103.0 315.0 32.0 342.0 22.0 369.0 93.0 Grasp 0
310.0 401.0 263.0 350.0 285.0 330.0 332.0 381.0 Grasp 0
344.0 99.0 333.0 37.0 361.0 32.0 372.0 94.0 Grasp 0
318.0 391.0 301.0 298.0 331.0 293.0 348.0 386.0 Grasp 0
372.0 325.0 325.0 289.0 343.0 266.0 389.0 301.0 Grasp 0
