444.0 202.0 418.0 135.0 445.0 124.0 471.0 192.0 Grasp 0
423.0 135.0 423.0 208.0 394.0 208.0 394.0 135.0 Grasp 0
260.0 129.0 203.0 158.0 190.0 132.0 247.0 103.0 Grasp 0
255.0 121.0 200.0 148.0 187.0 122.0 242.0 95.0 Grasp 0
273.0 382.0 243.0 306.0 271.0 295.0 300.0 371.0 Grasp 0
247.0 373.0 235.0 307.0 264.0 302.0 276.0 368.0 Grasp 0
450.0 130.0 450.0 202.0 421.0 202.0 421.0 130.0 Grasp 0
306.0 389.0 255.0 306.0 280.0 290.0 331.0 373.0 Grasp 0
598.0 141.0 561.0 159.0 548.0 134.0 586.0 115.0 Grasp 0
578.0 106.0 539.0 126.0 526.0 100.0 566.0 81.0 Grasp 0
542.0 293.0 487.0 335.0 469.0 311.0 525.0 269.0 Grasp 0
413.0 202.0 401.0 141.0 430.0 136.0 441.0 197.0 Grasp 0
300.0 179.0 247.0 238.0 224.0 218.0 278.0 159.0 Grasp 0
567.0 324.0 501.0 373.0 484.0 350.0 549.0 301.0 Grasp 0
586.0 114.0 550.0 140.0 533.0 118.0 569.0 91.0 Grasp 0
469.0 135.0 457.0 201.0 428.0 196.0 441.0 129.0 Grasp 0
604.0 148.0 569.0 174.0 552.0 151.0 587.0 125.0 Grasp 0
528.0 264.0 476.0 322.0 454.0 302.0 506.0 244.0 Grasp 0
265.0 139.0 206.0 168.0 193.0 142.0 252.0 112.0 Grasp 0
569.0 90.0 531.0 109.0 518.0 83.0 556.0 64.0 Grasp 0
465.0 134.0 434.0 212.0 407.0 202.0 437.0 124.0 Grasp 0
278.0 160.0 215.0 192.0 202.0 165.0 264.0 134.0 Grasp 0
317.0 205.0 256.0 251.0 238.0 227.0 299.0 181.0 Grasp 0
270.0 148.0 209.0 178.0 196.0 152.0 257.0 121.0 Grasp 0
534.0 285.0 471.0 316.0 458.0 290.0 521.0 258.0 Grasp 0
321.0 206.0 270.0 261.0 248.0 241.0 299.0 185.0 Grasp 0
245.0 98.0 199.0 133.0 181.0 110.0 228.0 75.0 Grasp 0
283.0 383.0 253.0 306.0 281.0 295.0 311.0 373.0 Grasp 0
383.0 225.0 314.0 150.0 335.0 130.0 404.0 206.0 Grasp 0
287.0 169.0 228.0 213.0 210.0 189.0 269.0 145.0 Grasp 0
540.0 346.0 466.0 265.0 488.0 245.0 561.0 326.0 Grasp 0
434.0 204.0 408.0 137.0 435.0 126.0 461.0 194.0 Grasp 0
555.0 49.0 521.0 87.0 500.0 67.0 534.0 30.0 Grasp 0
553.0 306.0 482.0 341.0 469.0 315.0 540.0 280.0 Grasp 0
253.0 116.0 188.0 110.0 190.0 81.0 255.0 87.0 Grasp 0
341.0 224.0 290.0 280.0 268.0 259.0 319.0 203.0 Grasp 0
564.0 319.0 489.0 356.0 476.0 330.0 551.0 293.0 Grasp 0
564.0 73.0 528.0 100.0 511.0 78.0 546.0 51.0 Grasp 0
402.0 222.0 334.0 148.0 355.0 128.0 423.0 202.0 Grasp 0
308.0 197.0 249.0 242.0 231.0 217.0 290.0 173.0 Grasp 0
553.0 295.0 492.0 362.0 470.0 342.0 531.0 275.0 Grasp 0
519.0 259.0 475.0 308.0 454.0 288.0 497.0 239.0 Grasp 0
389.0 68.0 296.0 42.0 304.0 12.0 397.0 38.0 Grasp 0
432.0 214.0 367.0 143.0 389.0 124.0 453.0 195.0 Grasp 0
547.0 26.0 516.0 77.0 491.0 62.0 523.0 11.0 Grasp 0
332.0 220.0 269.0 268.0 251.0 243.0 313.0 196.0 Grasp 0
252.0 124.0 192.0 130.0 189.0 100.0 249.0 95.0 Grasp 0
350.0 394.0 271.0 307.0 293.0 287.0 372.0 374.0 Grasp 0
559.0 307.0 501.0 370.0 480.0 350.0 537.0 287.0 Grasp 0
298.0 386.0 232.0 314.0 254.0 294.0 320.0 366.0 Grasp 0
369.0 78.0 278.0 33.0 291.0 5.0 383.0 51.0 Grasp 0
535.0 272.0 480.0 332.0 458.0 312.0 513.0 252.0 Grasp 0
272.0 308.0 261.0 371.0 232.0 366.0 243.0 303.0 Grasp 0
412.0 136.0 412.0 211.0 383.0 211.0 383.0 136.0 Grasp 0
