259.0 313.0 192.0 263.0 210.0 238.0 277.0 289.0 Grasp 0
593.0 333.0 556.0 361.0 539.0 338.0 576.0 310.0 Grasp 0
386.0 101.0 332.0 86.0 340.0 58.0 393.0 74.0 Grasp 0
383.0 122.0 323.0 116.0 326.0 88.0 386.0 93.0 Grasp 0
278.0 257.0 234.0 329.0 208.0 313.0 252.0 241.0 Grasp 0
392.0 88.0 336.0 60.0 348.0 34.0 405.0 62.0 Grasp 0
405.0 75.0 340.0 56.0 348.0 29.0 413.0 47.0 Grasp 0
602.0 281.0 577.0 218.0 607.0 206.0 631.0 270.0 Grasp 0
576.0 93.0 523.0 53.0 540.0 30.0 594.0 70.0 Grasp 0
332.0 293.0 332.0 356.0 304.0 356.0 304.0 293.0 Grasp 0
599.0 291.0 542.0 200.0 569.0 183.0 626.0 274.0 Grasp 0
268.0 239.0 206.0 306.0 184.0 286.0 246.0 218.0 Grasp 0
403.0 63.0 350.0 37.0 362.0 11.0 416.0 38.0 Grasp 0
583.0 81.0 536.0 45.0 553.0 22.0 600.0 58.0 Grasp 0
394.0 128.0 322.0 148.0 314.0 121.0 387.0 100.0 Grasp 0
407.0 152.0 380.0 222.0 353.0 211.0 380.0 141.0 Grasp 0
275.0 296.0 190.0 289.0 192.0 258.0 278.0 266.0 Grasp 0
567.0 101.0 514.0 62.0 532.0 39.0 584.0 78.0 Grasp 0
259.0 242.0 243.0 329.0 213.0 323.0 229.0 236.0 Grasp 0
312.0 234.0 288.0 172.0 314.0 162.0 338.0 224.0 Grasp 0
564.0 111.0 499.0 79.0 512.0 53.0 577.0 86.0 Grasp 0
548.0 136.0 469.0 113.0 476.0 86.0 556.0 108.0 Grasp 0
344.0 312.0 335.0 262.0 363.0 257.0 372.0 307.0 Grasp 0
278.0 278.0 197.0 301.0 189.0 272.0 270.0 249.0 Grasp 0
555.0 128.0 475.0 105.0 483.0 78.0 563.0 101.0 Grasp 0
562.0 120.0 482.0 97.0 490.0 70.0 570.0 93.0 Grasp 0
391.0 113.0 323.0 106.0 326.0 78.0 393.0 84.0 Grasp 0
590.0 80.0 527.0 62.0 535.0 35.0 598.0 52.0 Grasp 0
416.0 49.0 351.0 30.0 359.0 3.0 424.0 21.0 Grasp 0
388.0 97.0 331.0 68.0 344.0 43.0 401.0 71.0 Grasp 0
261.0 310.0 214.0 235.0 240.0 219.0 286.0 294.0 Grasp 0
390.0 138.0 315.0 159.0 307.0 132.0 382.0 111.0 Grasp 0
567.0 317.0 549.0 218.0 580.0 212.0 599.0 311.0 Grasp 0
401.0 108.0 326.0 129.0 318.0 102.0 394.0 81.0 Grasp 0
255.0 244.0 228.0 316.0 199.0 305.0 227.0 233.0 Grasp 0
572.0 84.0 540.0 33.0 564.0 18.0 596.0 69.0 Grasp 0
277.0 265.0 212.0 314.0 193.0 290.0 258.0 241.0 Grasp 0
341.0 282.0 341.0 347.0 313.0 347.0 313.0 282.0 Grasp 0
551.0 139.0 458.0 131.0 461.0 102.0 554.0 111.0 Grasp 0
425.0 169.0 376.0 223.0 354.0 203.0 404.0 149.0 Grasp 0
277.0 249.0 194.0 291.0 181.0 264.0 264.0 222.0 Grasp 0
591.0 299.0 575.0 212.0 606.0 206.0 622.0 294.0 Grasp 0
568.0 328.0 521.0 206.0 551.0 194.0 599.0 316.0 Grasp 0
549.0 121.0 497.0 81.0 514.0 58.0 567.0 98.0 Grasp 0
272.0 294.0 193.0 271.0 201.0 242.0 281.0 265.0 Grasp 0
