476.0 28.0 476.0 113.0 447.0 113.0 447.0 28.0 Grasp 0
538.0 390.0 530.0 433.0 502.0 428.0 510.0 385.0 Grasp 0
588.0 55.0 574.0 130.0 546.0 125.0 560.0 50.0 Grasp 0
298.0 108.0 274.0 69.0 301.0 53.0 324.0 91.0 Grasp 0
425.0 258.0 391.0 284.0 374.0 260.0 408.0 234.0 Grasp 0
406.0 196.0 383.0 221.0 361.0 201.0 384.0 176.0 Grasp 0
276.0 339.0 252.0 365.0 231.0 346.0 255.0 320.0 Grasp 0
499.0 40.0 499.0 131.0 470.0 131.0 470.0 40.0 Grasp 0
255.0 295.0 225.0 280.0 238.0 254.0 268.0 269.0 Grasp 0
242.0 335.0 213.0 338.0 210.0 309.0 239.0 306.0 Grasp 0
570.0 379.0 564.0 415.0 536.0 410.0 543.0 374.0 Grasp 0
291.0 155.0 234.0 150.0 237.0 119.0 294.0 124.0 Grasp 0
271.0 306.0 241.0 291.0 254.0 265.0 284.0 280.0 Grasp 0
548.0 385.0 540.0 425.0 513.0 420.0 520.0 380.0 Grasp 0
434.0 304.0 397.0 307.0 395.0 278.0 431.0 275.0 Grasp 0
287.0 339.0 262.0 366.0 241.0 347.0 265.0 320.0 Grasp 0
497.0 355.0 497.0 399.0 469.0 399.0 469.0 355.0 Grasp 0
286.0 256.0 252.0 230.0 270.0 206.0 304.0 232.0 Grasp 0
296.0 139.0 259.0 111.0 278.0 86.0 315.0 113.0 Grasp 0
424.0 290.0 388.0 308.0 374.0 282.0 410.0 264.0 Grasp 0
277.0 285.0 245.0 269.0 259.0 243.0 290.0 259.0 Grasp 0
304.0 118.0 288.0 77.0 317.0 65.0 333.0 106.0 Grasp 0
244.0 327.0 217.0 329.0 214.0 300.0 242.0 297.0 Grasp 0
290.0 140.0 239.0 126.0 248.0 95.0 299.0 109.0 Grasp 0
448.0 298.0 412.0 316.0 398.0 289.0 434.0 270.0 Grasp 0
309.0 101.0 293.0 60.0 324.0 48.0 340.0 90.0 Grasp 0
394.0 80.0 371.0 117.0 344.0 101.0 367.0 63.0 Grasp 0
372.0 49.0 363.0 98.0 332.0 92.0 341.0 44.0 Grasp 0
261.0 305.0 231.0 297.0 239.0 268.0 270.0 276.0 Grasp 0
427.0 129.0 376.0 144.0 367.0 114.0 419.0 99.0 Grasp 0
380.0 70.0 364.0 112.0 334.0 101.0 351.0 58.0 Grasp 0
505.0 434.0 496.0 389.0 524.0 384.0 532.0 429.0 Grasp 0
436.0 322.0 398.0 325.0 396.0 295.0 434.0 292.0 Grasp 0
428.0 121.0 412.0 35.0 440.0 29.0 456.0 116.0 Grasp 0
575.0 53.0 559.0 137.0 531.0 131.0 546.0 47.0 Grasp 0
467.0 321.0 450.0 348.0 424.0 332.0 441.0 305.0 Grasp 0
358.0 423.0 358.0 389.0 388.0 389.0 388.0 423.0 Grasp 0
291.0 122.0 259.0 87.0 283.0 65.0 314.0 100.0 Grasp 0
250.0 307.0 218.0 304.0 221.0 275.0 252.0 278.0 Grasp 0
511.0 399.0 494.0 357.0 520.0 346.0 537.0 389.0 Grasp 0
529.0 421.0 513.0 381.0 540.0 371.0 555.0 411.0 Grasp 0
364.0 335.0 364.0 400.0 335.0 400.0 335.0 335.0 Grasp 0
475.0 402.0 463.0 416.0 442.0 397.0 454.0 383.0 Grasp 0
519.0 28.0 519.0 112.0 490.0 112.0 490.0 28.0 Grasp 0
394.0 64.0 370.0 101.0 344.0 85.0 367.0 48.0 Grasp 0
261.0 312.0 230.0 309.0 233.0 280.0 263.0 283.0 Grasp 0
387.0 95.0 364.0 132.0 338.0 115.0 361.0 78.0 Grasp 0
429.0 275.0 394.0 302.0 375.0 277.0 410.0 251.0 Grasp 0
492.0 367.0 492.0 408.0 464.0 408.0 464.0 367.0 Grasp 0
292.0 354.0 263.0 377.0 245.0 354.0 275.0 331.0 Grasp 0
297.0 97.0 273.0 58.0 300.0 41.0 324.0 80.0 Grasp 0
415.0 247.0 381.0 273.0 363.0 249.0 397.0 223.0 Grasp 0
510.0 418.0 502.0 374.0 529.0 369.0 538.0 413.0 Grasp 0
407.0 86.0 377.0 119.0 354.0 98.0 384.0 65.0 Grasp 0
564.0 391.0 558.0 427.0 530.0 422.0 537.0 385.0 Grasp 0
291.0 267.0 257.0 241.0 275.0 217.0 309.0 243.0 Grasp 0
313.0 354.0 280.0 370.0 267.0 344.0 300.0 328.0 Grasp 0
415.0 236.0 381.0 261.0 363.0 237.0 396.0 212.0 Grasp 0
405.0 236.0 371.0 262.0 353.0 237.0 386.0 212.0 Grasp 0
559.0 379.0 552.0 416.0 524.0 411.0 531.0 374.0 Grasp 0
360.0 390.0 347.0 357.0 376.0 345.0 389.0 379.0 Grasp 0
262.0 296.0 227.0 270.0 246.0 246.0 280.0 272.0 Grasp 0
457.0 39.0 457.0 129.0 428.0 129.0 428.0 39.0 Grasp 0
470.0 389.0 461.0 404.0 436.0 390.0 446.0 374.0 Grasp 0
418.0 96.0 379.0 125.0 360.0 99.0 398.0 70.0 Grasp 0
541.0 39.0 541.0 122.0 512.0 122.0 512.0 39.0 Grasp 0
404.0 98.0 373.0 133.0 349.0 111.0 380.0 77.0 Grasp 0
287.0 276.0 252.0 259.0 266.0 231.0 301.0 249.0 Grasp 0
566.0 114.0 551.0 38.0 580.0 33.0 595.0 109.0 Grasp 0
426.0 155.0 365.0 160.0 362.0 129.0 423.0 123.0 Grasp 0
465.0 35.0 465.0 119.0 436.0 119.0 436.0 35.0 Grasp 0
446.0 343.0 413.0 340.0 416.0 311.0 449.0 314.0 Grasp 0
278.0 268.0 244.0 242.0 263.0 217.0 297.0 243.0 Grasp 0
439.0 276.0 405.0 301.0 386.0 277.0 421.0 251.0 Grasp 0
303.0 173.0 250.0 199.0 236.0 171.0 289.0 145.0 Grasp 0
551.0 122.0 535.0 39.0 565.0 34.0 580.0 117.0 Grasp 0
562.0 132.0 548.0 57.0 576.0 52.0 590.0 127.0 Grasp 0
256.0 321.0 226.0 324.0 224.0 295.0 254.0 292.0 Grasp 0
306.0 86.0 296.0 33.0 327.0 27.0 337.0 80.0 Grasp 0
251.0 331.0 223.0 334.0 221.0 305.0 248.0 302.0 Grasp 0
516.0 398.0 508.0 355.0 536.0 350.0 544.0 393.0 Grasp 0
289.0 285.0 256.0 269.0 269.0 243.0 302.0 259.0 Grasp 0
303.0 267.0 268.0 241.0 286.0 217.0 321.0 243.0 Grasp 0
374.0 364.0 374.0 428.0 345.0 428.0 345.0 364.0 Grasp 0
446.0 314.0 441.0 342.0 412.0 336.0 417.0 309.0 Grasp 0
454.0 322.0 416.0 326.0 413.0 296.0 451.0 292.0 Grasp 0
310.0 356.0 310.0 423.0 282.0 423.0 282.0 356.0 Grasp 0
351.0 12.0 351.0 86.0 319.0 86.0 319.0 12.0 Grasp 0
494.0 388.0 473.0 411.0 452.0 392.0 473.0 369.0 Grasp 0
565.0 52.0 549.0 137.0 520.0 132.0 536.0 47.0 Grasp 0
263.0 281.0 233.0 259.0 251.0 236.0 280.0 258.0 Grasp 0
403.0 210.0 351.0 172.0 370.0 147.0 421.0 185.0 Grasp 0
521.0 358.0 513.0 401.0 486.0 396.0 494.0 353.0 Grasp 0
404.0 247.0 369.0 273.0 351.0 249.0 386.0 223.0 Grasp 0
547.0 424.0 541.0 391.0 569.0 385.0 575.0 419.0 Grasp 0
448.0 309.0 437.0 335.0 410.0 325.0 421.0 298.0 Grasp 0
432.0 294.0 402.0 317.0 383.0 293.0 413.0 270.0 Grasp 0
407.0 408.0 400.0 390.0 426.0 380.0 433.0 398.0 Grasp 0
281.0 350.0 257.0 377.0 236.0 358.0 260.0 331.0 Grasp 0
372.0 401.0 365.0 437.0 333.0 431.0 340.0 395.0 Grasp 0
442.0 330.0 407.0 333.0 405.0 304.0 440.0 301.0 Grasp 0
517.0 46.0 500.0 132.0 472.0 127.0 488.0 40.0 Grasp 0
537.0 119.0 506.0 39.0 534.0 28.0 565.0 108.0 Grasp 0
279.0 294.0 246.0 285.0 255.0 256.0 287.0 266.0 Grasp 0
500.0 371.0 500.0 418.0 471.0 418.0 471.0 371.0 Grasp 0
297.0 162.0 240.0 178.0 231.0 148.0 288.0 131.0 Grasp 0
331.0 364.0 331.0 432.0 302.0 432.0 302.0 364.0 Grasp 0
396.0 408.0 389.0 389.0 415.0 379.0 423.0 398.0 Grasp 0
409.0 262.0 377.0 287.0 359.0 263.0 391.0 238.0 Grasp 0
384.0 393.0 365.0 414.0 344.0 395.0 363.0 374.0 Grasp 0
