455.0 18.0 417.0 79.0 391.0 64.0 429.0 2.0 Grasp 0
478.0 38.0 456.0 97.0 428.0 86.0 451.0 28.0 Grasp 0
528.0 72.0 514.0 147.0 485.0 141.0 499.0 67.0 Grasp 0
290.0 255.0 236.0 260.0 234.0 230.0 287.0 225.0 Grasp 0
337.0 396.0 261.0 389.0 264.0 360.0 340.0 367.0 Grasp 0
566.0 102.0 537.0 148.0 512.0 133.0 541.0 87.0 Grasp 0
587.0 289.0 547.0 333.0 525.0 314.0 565.0 270.0 Grasp 0
563.0 247.0 542.0 302.0 515.0 291.0 536.0 237.0 Grasp 0
515.0 35.0 471.0 84.0 449.0 64.0 493.0 15.0 Grasp 0
356.0 382.0 280.0 389.0 278.0 360.0 353.0 353.0 Grasp 0
501.0 55.0 450.0 93.0 432.0 70.0 483.0 31.0 Grasp 0
510.0 237.0 489.0 291.0 461.0 280.0 482.0 226.0 Grasp 0
607.0 298.0 563.0 331.0 545.0 308.0 590.0 275.0 Grasp 0
505.0 214.0 473.0 265.0 448.0 249.0 479.0 198.0 Grasp 0
484.0 214.0 453.0 264.0 427.0 248.0 458.0 198.0 Grasp 0
556.0 263.0 525.0 313.0 500.0 297.0 531.0 248.0 Grasp 0
611.0 312.0 571.0 356.0 549.0 336.0 590.0 292.0 Grasp 0
469.0 219.0 447.0 276.0 419.0 266.0 441.0 208.0 Grasp 0
396.0 232.0 388.0 190.0 418.0 185.0 426.0 227.0 Grasp 0
296.0 95.0 239.0 138.0 222.0 115.0 279.0 73.0 Grasp 0
487.0 225.0 455.0 277.0 430.0 261.0 462.0 209.0 Grasp 0
294.0 266.0 242.0 292.0 228.0 264.0 281.0 238.0 Grasp 0
372.0 298.0 342.0 265.0 364.0 244.0 394.0 277.0 Grasp 0
521.0 246.0 499.0 303.0 472.0 293.0 494.0 236.0 Grasp 0
567.0 278.0 535.0 329.0 510.0 314.0 542.0 263.0 Grasp 0
594.0 269.0 563.0 318.0 539.0 303.0 569.0 253.0 Grasp 0
289.0 242.0 237.0 227.0 245.0 198.0 297.0 213.0 Grasp 0
261.0 87.0 213.0 140.0 191.0 121.0 240.0 67.0 Grasp 0
282.0 226.0 227.0 221.0 230.0 191.0 284.0 197.0 Grasp 0
275.0 220.0 221.0 205.0 229.0 176.0 283.0 191.0 Grasp 0
472.0 15.0 450.0 74.0 422.0 63.0 445.0 4.0 Grasp 0
346.0 398.0 275.0 405.0 273.0 376.0 344.0 369.0 Grasp 0
538.0 255.0 514.0 316.0 487.0 306.0 511.0 244.0 Grasp 0
472.0 37.0 439.0 90.0 414.0 74.0 447.0 22.0 Grasp 0
383.0 221.0 376.0 181.0 405.0 175.0 413.0 215.0 Grasp 0
275.0 78.0 218.0 94.0 210.0 66.0 267.0 50.0 Grasp 0
352.0 389.0 295.0 418.0 282.0 392.0 339.0 364.0 Grasp 0
581.0 136.0 547.0 174.0 525.0 155.0 560.0 117.0 Grasp 0
366.0 286.0 336.0 253.0 358.0 233.0 388.0 265.0 Grasp 0
536.0 234.0 503.0 288.0 478.0 272.0 511.0 219.0 Grasp 0
614.0 307.0 569.0 342.0 551.0 318.0 596.0 284.0 Grasp 0
462.0 219.0 430.0 270.0 405.0 254.0 436.0 203.0 Grasp 0
597.0 290.0 558.0 334.0 536.0 314.0 576.0 270.0 Grasp 0
564.0 123.0 526.0 164.0 505.0 144.0 542.0 103.0 Grasp 0
373.0 365.0 322.0 403.0 304.0 380.0 355.0 341.0 Grasp 0
488.0 11.0 464.0 71.0 436.0 60.0 459.0 0.0 Grasp 0
544.0 62.0 529.0 140.0 500.0 134.0 514.0 57.0 Grasp 0
577.0 253.0 557.0 306.0 530.0 296.0 550.0 243.0 Grasp 0
578.0 147.0 564.0 170.0 539.0 154.0 553.0 132.0 Grasp 0
533.0 246.0 511.0 304.0 483.0 294.0 506.0 235.0 Grasp 0
271.0 111.0 221.0 165.0 199.0 145.0 249.0 91.0 Grasp 0
516.0 56.0 469.0 108.0 447.0 88.0 494.0 36.0 Grasp 0
464.0 18.0 439.0 82.0 411.0 72.0 436.0 7.0 Grasp 0
497.0 44.0 462.0 101.0 437.0 85.0 472.0 28.0 Grasp 0
287.0 93.0 220.0 112.0 212.0 85.0 279.0 66.0 Grasp 0
495.0 237.0 474.0 291.0 447.0 280.0 467.0 226.0 Grasp 0
213.0 318.0 203.0 293.0 230.0 282.0 240.0 308.0 Grasp 0
524.0 229.0 492.0 282.0 467.0 266.0 499.0 214.0 Grasp 0
410.0 240.0 394.0 200.0 422.0 189.0 438.0 230.0 Grasp 0
496.0 38.0 453.0 85.0 432.0 65.0 474.0 18.0 Grasp 0
574.0 123.0 538.0 163.0 516.0 144.0 552.0 104.0 Grasp 0
388.0 246.0 373.0 166.0 403.0 160.0 418.0 240.0 Grasp 0
481.0 197.0 449.0 248.0 424.0 233.0 456.0 182.0 Grasp 0
276.0 83.0 229.0 135.0 208.0 116.0 255.0 64.0 Grasp 0
293.0 270.0 248.0 305.0 229.0 281.0 275.0 246.0 Grasp 0
425.0 152.0 425.0 244.0 395.0 244.0 395.0 152.0 Grasp 0
610.0 327.0 567.0 373.0 546.0 353.0 588.0 307.0 Grasp 0
277.0 233.0 226.0 237.0 223.0 208.0 275.0 203.0 Grasp 0
505.0 220.0 484.0 275.0 456.0 264.0 477.0 210.0 Grasp 0
379.0 246.0 370.0 200.0 400.0 194.0 408.0 240.0 Grasp 0
524.0 76.0 462.0 107.0 449.0 80.0 511.0 50.0 Grasp 0
