234.0 360.0 181.0 301.0 202.0 282.0 255.0 341.0 Grasp 0
298.0 173.0 223.0 180.0 220.0 149.0 295.0 142.0 Grasp 0
390.0 244.0 377.0 316.0 349.0 310.0 362.0 238.0 Grasp 0
319.0 148.0 302.0 103.0 328.0 92.0 346.0 138.0 Grasp 0
298.0 198.0 219.0 191.0 222.0 160.0 300.0 168.0 Grasp 0
298.0 213.0 223.0 220.0 220.0 189.0 296.0 182.0 Grasp 0
366.0 146.0 337.0 98.0 361.0 83.0 390.0 131.0 Grasp 0
395.0 241.0 395.0 307.0 366.0 307.0 366.0 241.0 Grasp 0
465.0 138.0 401.0 90.0 418.0 68.0 482.0 116.0 Grasp 0
424.0 233.0 391.0 318.0 364.0 308.0 397.0 222.0 Grasp 0
358.0 267.0 348.0 323.0 320.0 318.0 330.0 262.0 Grasp 0
312.0 154.0 276.0 114.0 297.0 95.0 333.0 135.0 Grasp 0
446.0 142.0 381.0 93.0 399.0 71.0 463.0 119.0 Grasp 0
356.0 147.0 327.0 100.0 351.0 85.0 380.0 132.0 Grasp 0
362.0 308.0 354.0 267.0 383.0 262.0 390.0 303.0 Grasp 0
234.0 361.0 195.0 342.0 207.0 316.0 246.0 335.0 Grasp 0
241.0 143.0 200.0 174.0 183.0 151.0 224.0 120.0 Grasp 0
343.0 275.0 343.0 318.0 314.0 318.0 314.0 275.0 Grasp 0
247.0 142.0 198.0 196.0 177.0 176.0 226.0 123.0 Grasp 0
479.0 136.0 416.0 89.0 433.0 66.0 496.0 114.0 Grasp 0
383.0 143.0 355.0 96.0 379.0 81.0 408.0 128.0 Grasp 0
342.0 149.0 312.0 101.0 336.0 86.0 366.0 134.0 Grasp 0
297.0 156.0 228.0 175.0 219.0 146.0 288.0 126.0 Grasp 0
299.0 147.0 234.0 196.0 215.0 172.0 280.0 122.0 Grasp 0
534.0 271.0 524.0 324.0 496.0 319.0 506.0 266.0 Grasp 0
510.0 283.0 482.0 355.0 455.0 344.0 483.0 273.0 Grasp 0
434.0 230.0 401.0 317.0 374.0 307.0 408.0 220.0 Grasp 0
550.0 263.0 541.0 312.0 513.0 307.0 523.0 258.0 Grasp 0
585.0 244.0 576.0 292.0 548.0 287.0 557.0 239.0 Grasp 0
581.0 283.0 554.0 262.0 571.0 240.0 598.0 260.0 Grasp 0
421.0 142.0 377.0 94.0 398.0 74.0 442.0 123.0 Grasp 0
380.0 256.0 368.0 319.0 340.0 314.0 352.0 251.0 Grasp 0
298.0 201.0 223.0 208.0 220.0 178.0 295.0 171.0 Grasp 0
369.0 261.0 358.0 320.0 330.0 315.0 341.0 256.0 Grasp 0
353.0 308.0 346.0 269.0 374.0 264.0 381.0 302.0 Grasp 0
461.0 222.0 399.0 322.0 375.0 307.0 437.0 207.0 Grasp 0
393.0 142.0 364.0 95.0 388.0 80.0 417.0 127.0 Grasp 0
483.0 231.0 406.0 315.0 385.0 295.0 461.0 212.0 Grasp 0
287.0 186.0 217.0 151.0 231.0 123.0 301.0 158.0 Grasp 0
292.0 168.0 221.0 161.0 223.0 131.0 295.0 138.0 Grasp 0
302.0 182.0 225.0 204.0 216.0 175.0 294.0 153.0 Grasp 0
483.0 289.0 405.0 251.0 418.0 225.0 496.0 263.0 Grasp 0
488.0 280.0 382.0 271.0 385.0 242.0 491.0 252.0 Grasp 0
251.0 144.0 199.0 229.0 175.0 214.0 227.0 129.0 Grasp 0
