378.0 90.0 285.0 99.0 282.0 70.0 375.0 61.0 Grasp 0
370.0 146.0 283.0 138.0 285.0 108.0 373.0 117.0 Grasp 0
528.0 279.0 509.0 330.0 482.0 320.0 501.0 269.0 Grasp 0
373.0 235.0 333.0 299.0 309.0 284.0 349.0 220.0 Grasp 0
401.0 242.0 391.0 296.0 363.0 290.0 373.0 236.0 Grasp 0
365.0 182.0 286.0 174.0 288.0 145.0 367.0 152.0 Grasp 0
451.0 259.0 432.0 307.0 405.0 297.0 424.0 248.0 Grasp 0
378.0 57.0 285.0 65.0 283.0 36.0 375.0 28.0 Grasp 0
424.0 249.0 402.0 307.0 375.0 297.0 397.0 239.0 Grasp 0
477.0 262.0 456.0 318.0 429.0 308.0 450.0 252.0 Grasp 0
360.0 202.0 279.0 179.0 287.0 151.0 368.0 174.0 Grasp 0
435.0 250.0 424.0 309.0 396.0 303.0 407.0 245.0 Grasp 0
486.0 261.0 475.0 322.0 447.0 317.0 458.0 256.0 Grasp 0
515.0 273.0 493.0 329.0 466.0 319.0 488.0 262.0 Grasp 0
372.0 130.0 282.0 122.0 285.0 93.0 374.0 101.0 Grasp 0
466.0 261.0 445.0 313.0 418.0 303.0 439.0 250.0 Grasp 0
392.0 239.0 370.0 296.0 343.0 285.0 365.0 229.0 Grasp 0
516.0 266.0 516.0 327.0 487.0 327.0 487.0 266.0 Grasp 0
372.0 43.0 290.0 35.0 293.0 6.0 374.0 14.0 Grasp 0
371.0 182.0 294.0 203.0 286.0 175.0 362.0 153.0 Grasp 0
383.0 57.0 284.0 85.0 276.0 57.0 374.0 29.0 Grasp 0
373.0 77.0 286.0 69.0 288.0 40.0 375.0 48.0 Grasp 0
380.0 158.0 294.0 201.0 281.0 175.0 367.0 132.0 Grasp 0
507.0 268.0 483.0 328.0 457.0 318.0 480.0 257.0 Grasp 0
378.0 81.0 285.0 89.0 282.0 60.0 376.0 52.0 Grasp 0
373.0 112.0 284.0 104.0 287.0 75.0 376.0 83.0 Grasp 0
369.0 155.0 284.0 148.0 287.0 118.0 372.0 126.0 Grasp 0
369.0 235.0 281.0 301.0 264.0 279.0 352.0 212.0 Grasp 0
286.0 190.0 286.0 281.0 257.0 281.0 257.0 190.0 Grasp 0
371.0 161.0 287.0 169.0 285.0 140.0 368.0 132.0 Grasp 0
406.0 245.0 370.0 302.0 346.0 287.0 381.0 230.0 Grasp 0
386.0 236.0 345.0 301.0 321.0 286.0 361.0 221.0 Grasp 0
372.0 53.0 289.0 46.0 292.0 16.0 375.0 24.0 Grasp 0
497.0 263.0 458.0 326.0 433.0 311.0 472.0 248.0 Grasp 0
446.0 251.0 446.0 314.0 417.0 314.0 417.0 251.0 Grasp 0
