412.0 170.0 384.0 178.0 376.0 149.0 404.0 141.0 Grasp 0
250.0 204.0 186.0 198.0 189.0 167.0 253.0 173.0 Grasp 0
233.0 349.0 181.0 324.0 194.0 298.0 246.0 323.0 Grasp 0
243.0 314.0 181.0 308.0 183.0 279.0 246.0 285.0 Grasp 0
293.0 175.0 230.0 157.0 238.0 128.0 301.0 146.0 Grasp 0
279.0 237.0 217.0 254.0 208.0 225.0 270.0 208.0 Grasp 0
332.0 70.0 273.0 26.0 291.0 3.0 349.0 47.0 Grasp 0
272.0 209.0 209.0 203.0 212.0 173.0 275.0 178.0 Grasp 0
344.0 343.0 323.0 321.0 346.0 300.0 367.0 323.0 Grasp 0
263.0 215.0 198.0 209.0 201.0 179.0 266.0 185.0 Grasp 0
315.0 14.0 315.0 74.0 284.0 74.0 284.0 14.0 Grasp 0
258.0 289.0 193.0 283.0 195.0 252.0 261.0 258.0 Grasp 0
276.0 289.0 212.0 271.0 221.0 241.0 284.0 259.0 Grasp 0
269.0 175.0 205.0 169.0 207.0 139.0 272.0 145.0 Grasp 0
259.0 325.0 198.0 319.0 201.0 290.0 262.0 296.0 Grasp 0
268.0 227.0 206.0 221.0 209.0 191.0 270.0 197.0 Grasp 0
268.0 304.0 209.0 333.0 196.0 305.0 254.0 276.0 Grasp 0
302.0 95.0 259.0 63.0 277.0 39.0 320.0 72.0 Grasp 0
264.0 193.0 200.0 187.0 203.0 158.0 266.0 163.0 Grasp 0
280.0 221.0 216.0 215.0 219.0 184.0 283.0 190.0 Grasp 0
217.0 346.0 176.0 300.0 198.0 281.0 239.0 326.0 Grasp 0
321.0 97.0 264.0 35.0 286.0 15.0 343.0 77.0 Grasp 0
275.0 271.0 211.0 265.0 214.0 235.0 278.0 241.0 Grasp 0
247.0 243.0 184.0 238.0 187.0 208.0 250.0 214.0 Grasp 0
272.0 299.0 208.0 305.0 205.0 275.0 269.0 269.0 Grasp 0
254.0 298.0 191.0 292.0 193.0 263.0 257.0 269.0 Grasp 0
268.0 261.0 203.0 255.0 205.0 224.0 271.0 230.0 Grasp 0
285.0 204.0 219.0 198.0 222.0 167.0 287.0 173.0 Grasp 0
261.0 154.0 197.0 160.0 194.0 130.0 258.0 124.0 Grasp 0
397.0 160.0 371.0 173.0 358.0 147.0 384.0 134.0 Grasp 0
358.0 334.0 334.0 315.0 352.0 292.0 376.0 310.0 Grasp 0
259.0 324.0 198.0 341.0 190.0 313.0 251.0 296.0 Grasp 0
421.0 185.0 390.0 187.0 387.0 158.0 418.0 155.0 Grasp 0
275.0 153.0 211.0 171.0 202.0 142.0 267.0 124.0 Grasp 0
254.0 277.0 190.0 271.0 193.0 241.0 256.0 247.0 Grasp 0
254.0 355.0 196.0 326.0 210.0 299.0 268.0 328.0 Grasp 0
430.0 182.0 401.0 185.0 398.0 154.0 428.0 151.0 Grasp 0
286.0 193.0 220.0 187.0 223.0 156.0 288.0 162.0 Grasp 0
273.0 238.0 209.0 232.0 211.0 201.0 276.0 207.0 Grasp 0
319.0 100.0 251.0 49.0 269.0 26.0 337.0 77.0 Grasp 0
251.0 255.0 188.0 249.0 191.0 219.0 254.0 224.0 Grasp 0
263.0 249.0 200.0 243.0 203.0 213.0 266.0 219.0 Grasp 0
293.0 221.0 231.0 227.0 228.0 197.0 290.0 191.0 Grasp 0
284.0 226.0 223.0 243.0 214.0 214.0 275.0 196.0 Grasp 0
256.0 232.0 191.0 226.0 194.0 195.0 259.0 201.0 Grasp 0
242.0 304.0 179.0 298.0 181.0 269.0 245.0 275.0 Grasp 0
282.0 187.0 219.0 169.0 227.0 139.0 290.0 158.0 Grasp 0
271.0 277.0 213.0 248.0 226.0 221.0 285.0 250.0 Grasp 0
265.0 265.0 208.0 236.0 221.0 209.0 279.0 237.0 Grasp 0
422.0 173.0 393.0 181.0 384.0 151.0 413.0 143.0 Grasp 0
249.0 330.0 186.0 324.0 189.0 295.0 252.0 301.0 Grasp 0
343.0 334.0 324.0 313.0 346.0 293.0 365.0 314.0 Grasp 0
268.0 335.0 206.0 341.0 203.0 312.0 265.0 306.0 Grasp 0
250.0 186.0 185.0 180.0 188.0 149.0 253.0 155.0 Grasp 0
304.0 9.0 304.0 68.0 273.0 68.0 273.0 9.0 Grasp 0
275.0 295.0 208.0 289.0 211.0 258.0 278.0 264.0 Grasp 0
