587.0 255.0 554.0 202.0 579.0 186.0 612.0 239.0 Grasp 0
597.0 260.0 565.0 208.0 590.0 192.0 622.0 244.0 Grasp 0
190.0 255.0 164.0 187.0 191.0 177.0 217.0 244.0 Grasp 0
332.0 291.0 332.0 365.0 301.0 365.0 301.0 291.0 Grasp 0
343.0 290.0 343.0 364.0 313.0 364.0 313.0 290.0 Grasp 0
275.0 285.0 275.0 359.0 244.0 359.0 244.0 285.0 Grasp 0
526.0 241.0 511.0 320.0 480.0 314.0 495.0 235.0 Grasp 0
531.0 308.0 515.0 218.0 546.0 212.0 562.0 302.0 Grasp 0
281.0 301.0 281.0 375.0 251.0 375.0 251.0 301.0 Grasp 0
582.0 237.0 542.0 192.0 563.0 173.0 604.0 217.0 Grasp 0
567.0 276.0 540.0 208.0 567.0 197.0 594.0 266.0 Grasp 0
235.0 375.0 235.0 300.0 265.0 300.0 265.0 375.0 Grasp 0
549.0 224.0 533.0 313.0 502.0 307.0 518.0 218.0 Grasp 0
531.0 233.0 531.0 319.0 499.0 319.0 499.0 233.0 Grasp 0
554.0 267.0 493.0 313.0 474.0 288.0 535.0 242.0 Grasp 0
556.0 260.0 529.0 188.0 556.0 177.0 584.0 249.0 Grasp 0
544.0 275.0 532.0 215.0 562.0 209.0 573.0 270.0 Grasp 0
570.0 265.0 549.0 210.0 576.0 200.0 597.0 254.0 Grasp 0
248.0 168.0 190.0 163.0 193.0 134.0 250.0 139.0 Grasp 0
327.0 44.0 250.0 37.0 252.0 8.0 330.0 15.0 Grasp 0
