328.0 287.0 309.0 318.0 285.0 303.0 304.0 272.0 Grasp 0
404.0 331.0 382.0 366.0 357.0 351.0 380.0 315.0 Grasp 0
207.0 213.0 195.0 233.0 171.0 218.0 183.0 198.0 Grasp 0
435.0 359.0 413.0 394.0 389.0 379.0 411.0 344.0 Grasp 0
419.0 322.0 398.0 357.0 373.0 342.0 395.0 307.0 Grasp 0
387.0 318.0 367.0 351.0 342.0 336.0 362.0 303.0 Grasp 0
367.0 311.0 345.0 347.0 321.0 332.0 343.0 296.0 Grasp 0
467.0 169.0 442.0 197.0 421.0 178.0 446.0 150.0 Grasp 0
375.0 295.0 353.0 331.0 329.0 316.0 351.0 280.0 Grasp 0
185.0 198.0 174.0 216.0 149.0 201.0 161.0 183.0 Grasp 0
198.0 195.0 183.0 219.0 158.0 204.0 173.0 180.0 Grasp 0
514.0 212.0 490.0 238.0 469.0 219.0 493.0 193.0 Grasp 0
273.0 249.0 258.0 272.0 234.0 257.0 248.0 234.0 Grasp 0
418.0 336.0 400.0 366.0 375.0 351.0 394.0 321.0 Grasp 0
355.0 307.0 335.0 340.0 310.0 325.0 331.0 292.0 Grasp 0
311.0 263.0 294.0 289.0 270.0 274.0 287.0 248.0 Grasp 0
300.0 268.0 284.0 295.0 259.0 280.0 276.0 253.0 Grasp 0
113.0 215.0 83.0 182.0 104.0 162.0 135.0 196.0 Grasp 0
155.0 178.0 115.0 181.0 113.0 153.0 153.0 149.0 Grasp 0
108.0 195.0 94.0 161.0 121.0 150.0 135.0 185.0 Grasp 0
104.0 227.0 75.0 205.0 93.0 182.0 122.0 204.0 Grasp 0
434.0 344.0 414.0 377.0 389.0 362.0 410.0 329.0 Grasp 0
179.0 140.0 102.0 224.0 81.0 205.0 158.0 121.0 Grasp 0
503.0 201.0 479.0 228.0 458.0 209.0 482.0 182.0 Grasp 0
167.0 178.0 95.0 214.0 82.0 188.0 154.0 153.0 Grasp 0
392.0 308.0 372.0 340.0 348.0 325.0 368.0 293.0 Grasp 0
153.0 162.0 118.0 152.0 125.0 124.0 161.0 135.0 Grasp 0
447.0 137.0 421.0 165.0 399.0 146.0 425.0 117.0 Grasp 0
341.0 297.0 320.0 331.0 296.0 316.0 317.0 281.0 Grasp 0
424.0 344.0 403.0 377.0 379.0 362.0 400.0 329.0 Grasp 0
159.0 174.0 117.0 171.0 120.0 142.0 162.0 146.0 Grasp 0
350.0 286.0 329.0 319.0 305.0 304.0 325.0 271.0 Grasp 0
325.0 274.0 298.0 304.0 277.0 284.0 304.0 255.0 Grasp 0
509.0 227.0 481.0 248.0 464.0 225.0 492.0 204.0 Grasp 0
488.0 185.0 464.0 212.0 443.0 193.0 467.0 166.0 Grasp 0
414.0 344.0 393.0 378.0 369.0 363.0 390.0 329.0 Grasp 0
342.0 289.0 313.0 321.0 292.0 301.0 321.0 270.0 Grasp 0
468.0 163.0 438.0 185.0 421.0 162.0 450.0 140.0 Grasp 0
382.0 302.0 361.0 335.0 337.0 320.0 357.0 287.0 Grasp 0
236.0 231.0 217.0 252.0 195.0 232.0 215.0 211.0 Grasp 0
255.0 236.0 236.0 257.0 215.0 237.0 233.0 217.0 Grasp 0
491.0 211.0 463.0 233.0 446.0 210.0 474.0 189.0 Grasp 0
333.0 276.0 314.0 308.0 290.0 292.0 309.0 261.0 Grasp 0
283.0 259.0 268.0 283.0 243.0 268.0 258.0 244.0 Grasp 0
363.0 284.0 340.0 321.0 316.0 306.0 338.0 269.0 Grasp 0
447.0 339.0 423.0 377.0 399.0 362.0 423.0 324.0 Grasp 0
144.0 168.0 104.0 172.0 101.0 143.0 141.0 139.0 Grasp 0
457.0 153.0 432.0 181.0 411.0 161.0 436.0 134.0 Grasp 0
230.0 221.0 212.0 240.0 191.0 221.0 209.0 202.0 Grasp 0
487.0 201.0 458.0 222.0 441.0 200.0 470.0 178.0 Grasp 0
155.0 151.0 123.0 135.0 136.0 109.0 168.0 125.0 Grasp 0
182.0 185.0 167.0 208.0 143.0 193.0 157.0 169.0 Grasp 0
403.0 317.0 382.0 351.0 358.0 336.0 379.0 302.0 Grasp 0
261.0 239.0 248.0 260.0 224.0 245.0 237.0 224.0 Grasp 0
175.0 190.0 161.0 213.0 137.0 198.0 151.0 175.0 Grasp 0
246.0 236.0 227.0 257.0 206.0 238.0 225.0 217.0 Grasp 0
428.0 335.0 409.0 365.0 385.0 350.0 404.0 320.0 Grasp 0
135.0 208.0 114.0 175.0 138.0 160.0 159.0 193.0 Grasp 0
117.0 213.0 96.0 179.0 120.0 164.0 142.0 198.0 Grasp 0
300.0 258.0 284.0 283.0 260.0 268.0 275.0 243.0 Grasp 0
317.0 282.0 298.0 313.0 274.0 298.0 293.0 267.0 Grasp 0
483.0 175.0 458.0 202.0 437.0 183.0 462.0 155.0 Grasp 0
472.0 185.0 442.0 207.0 425.0 184.0 454.0 162.0 Grasp 0
137.0 179.0 96.0 183.0 93.0 154.0 134.0 151.0 Grasp 0
219.0 211.0 205.0 235.0 180.0 220.0 195.0 196.0 Grasp 0
444.0 361.0 425.0 391.0 401.0 376.0 420.0 346.0 Grasp 0
376.0 313.0 356.0 345.0 332.0 330.0 352.0 298.0 Grasp 0
393.0 328.0 371.0 363.0 347.0 348.0 369.0 313.0 Grasp 0
311.0 273.0 294.0 301.0 269.0 286.0 287.0 258.0 Grasp 0
108.0 205.0 84.0 166.0 108.0 151.0 132.0 189.0 Grasp 0
504.0 217.0 476.0 238.0 458.0 215.0 486.0 194.0 Grasp 0
154.0 187.0 133.0 203.0 116.0 180.0 137.0 164.0 Grasp 0
425.0 353.0 402.0 390.0 378.0 375.0 401.0 338.0 Grasp 0
256.0 244.0 242.0 266.0 218.0 251.0 232.0 229.0 Grasp 0
115.0 224.0 88.0 194.0 109.0 174.0 137.0 204.0 Grasp 0
148.0 185.0 103.0 189.0 101.0 160.0 145.0 156.0 Grasp 0
118.0 196.0 105.0 161.0 132.0 150.0 145.0 185.0 Grasp 0
289.0 254.0 274.0 277.0 250.0 262.0 264.0 239.0 Grasp 0
143.0 164.0 106.0 154.0 114.0 126.0 151.0 136.0 Grasp 0
345.0 275.0 324.0 309.0 300.0 294.0 320.0 260.0 Grasp 0
365.0 297.0 346.0 329.0 321.0 314.0 341.0 282.0 Grasp 0
351.0 296.0 329.0 331.0 304.0 316.0 326.0 281.0 Grasp 0
447.0 147.0 421.0 175.0 400.0 156.0 425.0 128.0 Grasp 0
165.0 160.0 129.0 149.0 137.0 121.0 173.0 132.0 Grasp 0
160.0 123.0 103.0 216.0 78.0 201.0 136.0 108.0 Grasp 0
457.0 164.0 432.0 191.0 410.0 172.0 436.0 144.0 Grasp 0
