234.0 372.0 209.0 307.0 236.0 296.0 262.0 362.0 Grasp 0
474.0 339.0 454.0 361.0 433.0 342.0 453.0 320.0 Grasp 0
538.0 136.0 520.0 107.0 545.0 92.0 563.0 120.0 Grasp 0
477.0 335.0 456.0 350.0 439.0 328.0 460.0 312.0 Grasp 0
515.0 137.0 497.0 108.0 521.0 93.0 540.0 122.0 Grasp 0
572.0 121.0 563.0 99.0 590.0 89.0 599.0 111.0 Grasp 0
226.0 369.0 207.0 321.0 235.0 310.0 253.0 358.0 Grasp 0
563.0 122.0 553.0 97.0 580.0 87.0 589.0 112.0 Grasp 0
547.0 137.0 529.0 108.0 554.0 93.0 571.0 122.0 Grasp 0
442.0 85.0 414.0 99.0 400.0 71.0 428.0 57.0 Grasp 0
557.0 135.0 541.0 110.0 565.0 95.0 581.0 120.0 Grasp 0
258.0 380.0 219.0 317.0 244.0 302.0 283.0 364.0 Grasp 0
526.0 142.0 508.0 113.0 532.0 98.0 550.0 127.0 Grasp 0
483.0 344.0 463.0 360.0 446.0 337.0 466.0 322.0 Grasp 0
415.0 66.0 379.0 84.0 366.0 57.0 401.0 39.0 Grasp 0
478.0 352.0 458.0 367.0 441.0 344.0 461.0 329.0 Grasp 0
578.0 113.0 571.0 95.0 598.0 84.0 605.0 103.0 Grasp 0
550.0 125.0 530.0 103.0 551.0 84.0 571.0 105.0 Grasp 0
