390.0 88.0 279.0 56.0 287.0 27.0 399.0 59.0 Grasp 0
378.0 182.0 378.0 270.0 345.0 270.0 345.0 182.0 Grasp 0
582.0 237.0 550.0 288.0 526.0 273.0 557.0 221.0 Grasp 0
598.0 249.0 577.0 303.0 550.0 292.0 571.0 239.0 Grasp 0
507.0 175.0 507.0 263.0 477.0 263.0 477.0 175.0 Grasp 0
406.0 192.0 372.0 279.0 341.0 267.0 375.0 180.0 Grasp 0
525.0 192.0 511.0 267.0 482.0 261.0 496.0 186.0 Grasp 0
381.0 71.0 349.0 19.0 374.0 4.0 406.0 56.0 Grasp 0
218.0 261.0 190.0 189.0 220.0 177.0 248.0 250.0 Grasp 0
444.0 219.0 386.0 283.0 362.0 260.0 420.0 197.0 Grasp 0
394.0 183.0 394.0 272.0 361.0 272.0 361.0 183.0 Grasp 0
366.0 186.0 350.0 270.0 318.0 264.0 334.0 180.0 Grasp 0
364.0 89.0 316.0 36.0 338.0 16.0 386.0 69.0 Grasp 0
377.0 80.0 329.0 27.0 351.0 7.0 399.0 60.0 Grasp 0
559.0 220.0 525.0 275.0 500.0 259.0 534.0 205.0 Grasp 0
333.0 179.0 333.0 268.0 300.0 268.0 300.0 179.0 Grasp 0
591.0 239.0 567.0 301.0 540.0 291.0 564.0 228.0 Grasp 0
297.0 179.0 281.0 266.0 249.0 260.0 266.0 173.0 Grasp 0
410.0 346.0 348.0 328.0 356.0 298.0 419.0 315.0 Grasp 0
281.0 178.0 248.0 263.0 218.0 251.0 251.0 167.0 Grasp 0
565.0 220.0 540.0 284.0 513.0 274.0 538.0 209.0 Grasp 0
285.0 180.0 270.0 263.0 238.0 257.0 253.0 174.0 Grasp 0
242.0 264.0 225.0 174.0 257.0 168.0 273.0 258.0 Grasp 0
542.0 208.0 518.0 271.0 491.0 261.0 515.0 198.0 Grasp 0
344.0 106.0 279.0 56.0 297.0 33.0 362.0 82.0 Grasp 0
366.0 98.0 280.0 56.0 293.0 29.0 379.0 72.0 Grasp 0
328.0 182.0 312.0 269.0 280.0 263.0 296.0 176.0 Grasp 0
306.0 179.0 306.0 261.0 274.0 261.0 274.0 179.0 Grasp 0
251.0 175.0 251.0 253.0 219.0 253.0 219.0 175.0 Grasp 0
331.0 108.0 229.0 99.0 232.0 69.0 333.0 78.0 Grasp 0
328.0 41.0 263.0 147.0 236.0 130.0 302.0 24.0 Grasp 0
456.0 222.0 411.0 294.0 383.0 277.0 428.0 204.0 Grasp 0
477.0 267.0 459.0 169.0 488.0 164.0 506.0 261.0 Grasp 0
365.0 94.0 299.0 45.0 317.0 21.0 382.0 71.0 Grasp 0
353.0 279.0 318.0 186.0 349.0 174.0 385.0 267.0 Grasp 0
610.0 269.0 550.0 299.0 538.0 273.0 597.0 244.0 Grasp 0
291.0 79.0 228.0 126.0 210.0 102.0 272.0 55.0 Grasp 0
286.0 64.0 286.0 121.0 256.0 121.0 256.0 64.0 Grasp 0
418.0 328.0 339.0 321.0 342.0 290.0 421.0 297.0 Grasp 0
223.0 286.0 165.0 242.0 184.0 217.0 242.0 261.0 Grasp 0
219.0 280.0 164.0 220.0 187.0 199.0 242.0 259.0 Grasp 0
332.0 272.0 316.0 185.0 348.0 179.0 364.0 266.0 Grasp 0
311.0 48.0 298.0 120.0 268.0 114.0 281.0 42.0 Grasp 0
228.0 262.0 179.0 208.0 202.0 186.0 252.0 240.0 Grasp 0
