345.0 174.0 262.0 166.0 265.0 136.0 348.0 144.0 Grasp 0
403.0 91.0 328.0 54.0 341.0 28.0 415.0 65.0 Grasp 0
277.0 243.0 229.0 206.0 248.0 182.0 296.0 218.0 Grasp 0
271.0 267.0 206.0 234.0 220.0 206.0 285.0 238.0 Grasp 0
284.0 233.0 237.0 197.0 255.0 172.0 303.0 209.0 Grasp 0
495.0 257.0 450.0 306.0 429.0 286.0 474.0 238.0 Grasp 0
368.0 150.0 278.0 142.0 281.0 112.0 371.0 121.0 Grasp 0
396.0 113.0 308.0 88.0 316.0 61.0 404.0 86.0 Grasp 0
253.0 282.0 201.0 243.0 220.0 217.0 272.0 256.0 Grasp 0
382.0 130.0 299.0 107.0 307.0 79.0 390.0 102.0 Grasp 0
481.0 184.0 467.0 160.0 491.0 145.0 506.0 169.0 Grasp 0
278.0 256.0 213.0 223.0 227.0 195.0 292.0 227.0 Grasp 0
449.0 218.0 382.0 185.0 395.0 159.0 462.0 192.0 Grasp 0
454.0 252.0 414.0 295.0 393.0 276.0 432.0 233.0 Grasp 0
347.0 176.0 245.0 185.0 242.0 155.0 344.0 146.0 Grasp 0
360.0 132.0 306.0 91.0 323.0 68.0 378.0 109.0 Grasp 0
254.0 295.0 191.0 277.0 200.0 246.0 263.0 264.0 Grasp 0
442.0 251.0 371.0 305.0 353.0 282.0 425.0 228.0 Grasp 0
387.0 277.0 370.0 189.0 398.0 184.0 415.0 272.0 Grasp 0
368.0 147.0 288.0 124.0 296.0 96.0 376.0 119.0 Grasp 0
464.0 199.0 441.0 162.0 465.0 147.0 488.0 184.0 Grasp 0
406.0 284.0 387.0 182.0 415.0 176.0 434.0 279.0 Grasp 0
483.0 193.0 452.0 159.0 473.0 140.0 504.0 174.0 Grasp 0
468.0 253.0 451.0 297.0 424.0 287.0 441.0 243.0 Grasp 0
353.0 284.0 337.0 199.0 365.0 193.0 381.0 279.0 Grasp 0
362.0 193.0 344.0 291.0 315.0 285.0 334.0 188.0 Grasp 0
345.0 148.0 296.0 111.0 313.0 88.0 362.0 125.0 Grasp 0
477.0 255.0 434.0 302.0 413.0 282.0 456.0 235.0 Grasp 0
354.0 164.0 271.0 157.0 274.0 127.0 357.0 135.0 Grasp 0
332.0 170.0 277.0 143.0 290.0 116.0 346.0 144.0 Grasp 0
354.0 139.0 301.0 99.0 319.0 76.0 371.0 116.0 Grasp 0
376.0 116.0 316.0 70.0 333.0 48.0 393.0 93.0 Grasp 0
265.0 285.0 194.0 265.0 203.0 235.0 273.0 255.0 Grasp 0
292.0 222.0 247.0 187.0 265.0 163.0 311.0 197.0 Grasp 0
238.0 296.0 193.0 247.0 217.0 225.0 261.0 274.0 Grasp 0
370.0 283.0 353.0 193.0 381.0 187.0 398.0 278.0 Grasp 0
412.0 81.0 333.0 41.0 346.0 16.0 424.0 56.0 Grasp 0
487.0 255.0 469.0 301.0 443.0 291.0 461.0 245.0 Grasp 0
307.0 202.0 257.0 165.0 275.0 141.0 325.0 178.0 Grasp 0
380.0 188.0 361.0 287.0 333.0 282.0 351.0 183.0 Grasp 0
387.0 104.0 324.0 56.0 341.0 33.0 404.0 81.0 Grasp 0
342.0 186.0 234.0 196.0 232.0 165.0 340.0 155.0 Grasp 0
441.0 214.0 404.0 174.0 426.0 154.0 462.0 194.0 Grasp 0
509.0 261.0 494.0 300.0 467.0 289.0 482.0 250.0 Grasp 0
467.0 206.0 418.0 169.0 436.0 146.0 484.0 183.0 Grasp 0
368.0 125.0 311.0 81.0 328.0 58.0 386.0 102.0 Grasp 0
455.0 202.0 432.0 164.0 456.0 149.0 480.0 187.0 Grasp 0
461.0 213.0 393.0 179.0 406.0 153.0 474.0 187.0 Grasp 0
374.0 138.0 295.0 116.0 303.0 88.0 382.0 110.0 Grasp 0
302.0 219.0 232.0 199.0 240.0 169.0 310.0 189.0 Grasp 0
508.0 142.0 499.0 193.0 470.0 187.0 480.0 137.0 Grasp 0
296.0 234.0 222.0 213.0 231.0 183.0 304.0 204.0 Grasp 0
467.0 254.0 426.0 299.0 405.0 279.0 445.0 235.0 Grasp 0
404.0 104.0 313.0 78.0 321.0 51.0 412.0 77.0 Grasp 0
