617.0 182.0 539.0 189.0 536.0 159.0 614.0 152.0 Grasp 0
618.0 95.0 537.0 102.0 535.0 72.0 615.0 65.0 Grasp 0
400.0 23.0 323.0 81.0 305.0 58.0 382.0 0.0 Grasp 0
610.0 119.0 533.0 111.0 536.0 82.0 613.0 89.0 Grasp 0
472.0 92.0 448.0 29.0 476.0 18.0 500.0 81.0 Grasp 0
339.0 224.0 305.0 198.0 322.0 175.0 356.0 201.0 Grasp 0
530.0 5.0 530.0 49.0 500.0 49.0 500.0 5.0 Grasp 0
273.0 331.0 249.0 393.0 213.0 379.0 237.0 317.0 Grasp 0
493.0 185.0 421.0 205.0 413.0 177.0 485.0 156.0 Grasp 0
503.0 92.0 424.0 152.0 407.0 128.0 485.0 69.0 Grasp 0
494.0 167.0 432.0 214.0 414.0 190.0 476.0 144.0 Grasp 0
475.0 123.0 413.0 54.0 435.0 34.0 497.0 103.0 Grasp 0
618.0 68.0 538.0 91.0 529.0 63.0 610.0 40.0 Grasp 0
286.0 355.0 224.0 385.0 207.0 351.0 268.0 320.0 Grasp 0
488.0 182.0 422.0 189.0 420.0 159.0 485.0 153.0 Grasp 0
283.0 373.0 215.0 380.0 211.0 342.0 280.0 335.0 Grasp 0
610.0 207.0 531.0 185.0 540.0 156.0 618.0 178.0 Grasp 0
475.0 66.0 459.0 24.0 487.0 13.0 503.0 55.0 Grasp 0
416.0 48.0 337.0 107.0 319.0 84.0 398.0 24.0 Grasp 0
601.0 21.0 547.0 80.0 525.0 60.0 579.0 1.0 Grasp 0
495.0 205.0 430.0 224.0 422.0 195.0 487.0 177.0 Grasp 0
410.0 39.0 332.0 99.0 314.0 75.0 392.0 16.0 Grasp 0
493.0 134.0 424.0 153.0 416.0 125.0 485.0 105.0 Grasp 0
617.0 30.0 539.0 89.0 521.0 65.0 599.0 6.0 Grasp 0
615.0 134.0 535.0 141.0 533.0 111.0 612.0 104.0 Grasp 0
498.0 187.0 462.0 226.0 440.0 205.0 475.0 166.0 Grasp 0
473.0 102.0 423.0 48.0 445.0 28.0 495.0 82.0 Grasp 0
498.0 150.0 455.0 219.0 429.0 204.0 472.0 135.0 Grasp 0
598.0 234.0 516.0 172.0 534.0 148.0 616.0 210.0 Grasp 0
614.0 170.0 536.0 163.0 539.0 133.0 617.0 140.0 Grasp 0
502.0 138.0 422.0 198.0 404.0 175.0 484.0 115.0 Grasp 0
323.0 240.0 250.0 204.0 263.0 178.0 335.0 214.0 Grasp 0
501.0 122.0 424.0 181.0 407.0 157.0 484.0 99.0 Grasp 0
606.0 213.0 526.0 153.0 544.0 129.0 624.0 189.0 Grasp 0
497.0 134.0 445.0 216.0 420.0 201.0 471.0 118.0 Grasp 0
487.0 172.0 424.0 178.0 422.0 149.0 484.0 143.0 Grasp 0
282.0 213.0 245.0 272.0 221.0 257.0 257.0 198.0 Grasp 0
607.0 173.0 477.0 109.0 491.0 82.0 621.0 146.0 Grasp 0
547.0 122.0 436.0 178.0 423.0 151.0 534.0 95.0 Grasp 0
573.0 14.0 551.0 70.0 524.0 60.0 545.0 3.0 Grasp 0
487.0 57.0 479.0 13.0 509.0 7.0 517.0 52.0 Grasp 0
292.0 359.0 221.0 352.0 224.0 319.0 295.0 325.0 Grasp 0
612.0 159.0 537.0 152.0 540.0 122.0 615.0 129.0 Grasp 0
493.0 146.0 425.0 166.0 417.0 137.0 485.0 118.0 Grasp 0
305.0 268.0 216.0 242.0 223.0 215.0 313.0 241.0 Grasp 0
511.0 178.0 500.0 233.0 471.0 227.0 481.0 173.0 Grasp 0
308.0 251.0 233.0 214.0 246.0 188.0 321.0 225.0 Grasp 0
502.0 165.0 478.0 226.0 450.0 215.0 474.0 154.0 Grasp 0
260.0 392.0 216.0 343.0 245.0 317.0 289.0 366.0 Grasp 0
622.0 32.0 542.0 119.0 520.0 99.0 599.0 12.0 Grasp 0
614.0 81.0 535.0 74.0 538.0 44.0 617.0 51.0 Grasp 0
615.0 169.0 522.0 123.0 535.0 96.0 628.0 142.0 Grasp 0
621.0 192.0 497.0 203.0 495.0 173.0 619.0 162.0 Grasp 0
326.0 247.0 209.0 236.0 212.0 208.0 328.0 218.0 Grasp 0
559.0 13.0 551.0 55.0 522.0 50.0 530.0 8.0 Grasp 0
503.0 109.0 426.0 167.0 408.0 143.0 485.0 85.0 Grasp 0
615.0 92.0 538.0 85.0 541.0 55.0 618.0 62.0 Grasp 0
485.0 82.0 473.0 15.0 502.0 9.0 515.0 76.0 Grasp 0
582.0 245.0 522.0 179.0 544.0 159.0 604.0 225.0 Grasp 0
493.0 65.0 444.0 28.0 462.0 4.0 511.0 41.0 Grasp 0
623.0 115.0 538.0 139.0 530.0 110.0 615.0 86.0 Grasp 0
544.0 243.0 519.0 178.0 547.0 167.0 572.0 232.0 Grasp 0
500.0 151.0 425.0 208.0 407.0 184.0 482.0 128.0 Grasp 0
417.0 36.0 358.0 131.0 333.0 116.0 391.0 21.0 Grasp 0
475.0 78.0 439.0 39.0 461.0 19.0 497.0 58.0 Grasp 0
625.0 57.0 544.0 118.0 526.0 94.0 607.0 33.0 Grasp 0
620.0 84.0 490.0 149.0 476.0 122.0 607.0 57.0 Grasp 0
