263.0 75.0 200.0 107.0 187.0 81.0 250.0 49.0 Grasp 0
411.0 142.0 386.0 77.0 413.0 67.0 438.0 131.0 Grasp 0
355.0 212.0 311.0 283.0 286.0 267.0 330.0 196.0 Grasp 0
262.0 164.0 203.0 147.0 211.0 119.0 270.0 136.0 Grasp 0
433.0 132.0 411.0 74.0 438.0 63.0 460.0 121.0 Grasp 0
284.0 105.0 225.0 169.0 204.0 150.0 262.0 85.0 Grasp 0
329.0 160.0 301.0 89.0 328.0 78.0 356.0 150.0 Grasp 0
359.0 152.0 346.0 80.0 374.0 74.0 388.0 147.0 Grasp 0
385.0 144.0 373.0 81.0 401.0 76.0 413.0 139.0 Grasp 0
375.0 238.0 324.0 294.0 302.0 274.0 353.0 218.0 Grasp 0
272.0 190.0 216.0 195.0 213.0 166.0 269.0 161.0 Grasp 0
273.0 84.0 211.0 152.0 189.0 133.0 252.0 65.0 Grasp 0
258.0 178.0 188.0 143.0 201.0 116.0 271.0 152.0 Grasp 0
269.0 83.0 205.0 131.0 188.0 108.0 251.0 60.0 Grasp 0
373.0 250.0 288.0 274.0 280.0 246.0 365.0 222.0 Grasp 0
252.0 63.0 205.0 77.0 197.0 49.0 245.0 35.0 Grasp 0
396.0 279.0 326.0 314.0 313.0 287.0 383.0 252.0 Grasp 0
393.0 266.0 342.0 322.0 320.0 302.0 371.0 246.0 Grasp 0
344.0 159.0 316.0 87.0 343.0 77.0 371.0 148.0 Grasp 0
404.0 282.0 349.0 324.0 331.0 300.0 387.0 258.0 Grasp 0
382.0 256.0 327.0 297.0 310.0 274.0 364.0 232.0 Grasp 0
342.0 200.0 326.0 285.0 297.0 279.0 313.0 194.0 Grasp 0
446.0 127.0 420.0 61.0 447.0 50.0 473.0 117.0 Grasp 0
286.0 156.0 274.0 92.0 303.0 87.0 315.0 151.0 Grasp 0
402.0 145.0 376.0 78.0 403.0 67.0 429.0 135.0 Grasp 0
359.0 228.0 305.0 269.0 288.0 245.0 341.0 205.0 Grasp 0
394.0 245.0 374.0 352.0 345.0 346.0 365.0 239.0 Grasp 0
327.0 164.0 281.0 90.0 306.0 75.0 352.0 149.0 Grasp 0
422.0 307.0 346.0 329.0 338.0 301.0 414.0 279.0 Grasp 0
266.0 160.0 196.0 107.0 214.0 84.0 284.0 137.0 Grasp 0
411.0 279.0 384.0 351.0 356.0 340.0 384.0 269.0 Grasp 0
267.0 185.0 204.0 179.0 207.0 150.0 269.0 156.0 Grasp 0
278.0 196.0 227.0 211.0 219.0 182.0 270.0 168.0 Grasp 0
384.0 266.0 329.0 307.0 312.0 284.0 366.0 242.0 Grasp 0
358.0 83.0 358.0 148.0 329.0 148.0 329.0 83.0 Grasp 0
284.0 106.0 236.0 184.0 211.0 169.0 260.0 91.0 Grasp 0
358.0 157.0 329.0 83.0 356.0 72.0 385.0 147.0 Grasp 0
265.0 161.0 197.0 127.0 210.0 101.0 278.0 135.0 Grasp 0
349.0 214.0 304.0 263.0 282.0 243.0 327.0 194.0 Grasp 0
363.0 228.0 314.0 282.0 292.0 262.0 341.0 208.0 Grasp 0
406.0 291.0 348.0 334.0 330.0 311.0 388.0 267.0 Grasp 0
413.0 291.0 365.0 344.0 343.0 324.0 391.0 271.0 Grasp 0
421.0 139.0 396.0 75.0 423.0 65.0 448.0 128.0 Grasp 0
379.0 230.0 346.0 316.0 318.0 306.0 352.0 219.0 Grasp 0
315.0 161.0 274.0 95.0 299.0 80.0 339.0 145.0 Grasp 0
366.0 213.0 332.0 299.0 305.0 289.0 338.0 203.0 Grasp 0
405.0 269.0 363.0 337.0 338.0 322.0 380.0 253.0 Grasp 0
424.0 304.0 376.0 356.0 355.0 336.0 402.0 284.0 Grasp 0
371.0 81.0 371.0 150.0 342.0 150.0 342.0 81.0 Grasp 0
375.0 147.0 363.0 82.0 391.0 77.0 404.0 141.0 Grasp 0
449.0 130.0 407.0 83.0 428.0 64.0 470.0 110.0 Grasp 0
306.0 155.0 293.0 87.0 321.0 81.0 334.0 150.0 Grasp 0
413.0 292.0 328.0 316.0 320.0 288.0 405.0 264.0 Grasp 0
259.0 67.0 210.0 92.0 197.0 66.0 246.0 41.0 Grasp 0
382.0 260.0 299.0 283.0 291.0 255.0 374.0 232.0 Grasp 0
346.0 157.0 267.0 217.0 249.0 194.0 329.0 134.0 Grasp 0
392.0 253.0 360.0 337.0 332.0 326.0 365.0 242.0 Grasp 0
347.0 80.0 315.0 164.0 288.0 153.0 320.0 69.0 Grasp 0
313.0 88.0 300.0 158.0 271.0 152.0 284.0 82.0 Grasp 0
391.0 270.0 307.0 294.0 299.0 266.0 383.0 242.0 Grasp 0
272.0 93.0 220.0 177.0 195.0 161.0 247.0 77.0 Grasp 0
390.0 155.0 344.0 80.0 368.0 65.0 415.0 140.0 Grasp 0
330.0 209.0 287.0 241.0 270.0 218.0 313.0 185.0 Grasp 0
269.0 112.0 213.0 139.0 200.0 113.0 256.0 86.0 Grasp 0
302.0 95.0 240.0 194.0 215.0 178.0 277.0 79.0 Grasp 0
274.0 112.0 220.0 153.0 202.0 130.0 257.0 89.0 Grasp 0
314.0 105.0 225.0 172.0 208.0 149.0 296.0 82.0 Grasp 0
