491.0 40.0 404.0 105.0 386.0 80.0 472.0 15.0 Grasp 0
328.0 383.0 278.0 303.0 303.0 287.0 353.0 367.0 Grasp 0
270.0 378.0 240.0 302.0 268.0 291.0 298.0 368.0 Grasp 0
276.0 302.0 263.0 371.0 234.0 366.0 247.0 296.0 Grasp 0
331.0 115.0 252.0 75.0 266.0 48.0 344.0 87.0 Grasp 0
237.0 303.0 225.0 368.0 196.0 363.0 208.0 298.0 Grasp 0
528.0 259.0 441.0 193.0 459.0 169.0 546.0 235.0 Grasp 0
325.0 104.0 260.0 54.0 278.0 29.0 344.0 79.0 Grasp 0
306.0 114.0 254.0 57.0 278.0 36.0 329.0 93.0 Grasp 0
283.0 379.0 254.0 302.0 281.0 291.0 311.0 368.0 Grasp 0
356.0 178.0 287.0 158.0 294.0 131.0 364.0 151.0 Grasp 0
212.0 371.0 199.0 303.0 228.0 297.0 241.0 365.0 Grasp 0
261.0 302.0 232.0 376.0 204.0 366.0 233.0 291.0 Grasp 0
256.0 378.0 227.0 302.0 254.0 291.0 284.0 368.0 Grasp 0
333.0 96.0 265.0 44.0 284.0 19.0 352.0 71.0 Grasp 0
600.0 120.0 516.0 56.0 535.0 31.0 619.0 95.0 Grasp 0
299.0 121.0 250.0 67.0 273.0 46.0 322.0 100.0 Grasp 0
300.0 379.0 271.0 302.0 298.0 291.0 328.0 368.0 Grasp 0
286.0 303.0 286.0 364.0 256.0 364.0 256.0 303.0 Grasp 0
494.0 39.0 431.0 139.0 405.0 123.0 468.0 23.0 Grasp 0
503.0 47.0 440.0 148.0 414.0 132.0 477.0 31.0 Grasp 0
298.0 303.0 298.0 364.0 269.0 364.0 269.0 303.0 Grasp 0
456.0 17.0 406.0 97.0 380.0 81.0 430.0 0.0 Grasp 0
260.0 301.0 260.0 367.0 230.0 367.0 230.0 301.0 Grasp 0
559.0 205.0 460.0 176.0 468.0 147.0 567.0 175.0 Grasp 0
319.0 121.0 248.0 85.0 262.0 57.0 333.0 93.0 Grasp 0
