564.0 163.0 553.0 189.0 527.0 179.0 537.0 152.0 Grasp 0
251.0 102.0 211.0 146.0 189.0 126.0 229.0 82.0 Grasp 0
545.0 110.0 539.0 142.0 508.0 136.0 515.0 104.0 Grasp 0
520.0 116.0 520.0 148.0 491.0 148.0 491.0 116.0 Grasp 0
539.0 136.0 534.0 163.0 506.0 158.0 511.0 131.0 Grasp 0
212.0 363.0 196.0 280.0 225.0 274.0 241.0 358.0 Grasp 0
267.0 91.0 219.0 128.0 201.0 104.0 249.0 67.0 Grasp 0
250.0 81.0 200.0 119.0 182.0 95.0 232.0 57.0 Grasp 0
223.0 353.0 207.0 268.0 236.0 263.0 252.0 348.0 Grasp 0
546.0 140.0 540.0 170.0 512.0 164.0 517.0 135.0 Grasp 0
526.0 124.0 526.0 150.0 497.0 150.0 497.0 124.0 Grasp 0
272.0 83.0 212.0 113.0 199.0 86.0 259.0 57.0 Grasp 0
253.0 92.0 203.0 130.0 185.0 107.0 235.0 69.0 Grasp 0
475.0 140.0 460.0 219.0 431.0 213.0 446.0 135.0 Grasp 0
