148.0 196.0 100.0 201.0 97.0 172.0 145.0 167.0 Grasp 0
420.0 312.0 378.0 380.0 354.0 365.0 396.0 297.0 Grasp 0
534.0 218.0 491.0 287.0 466.0 272.0 509.0 203.0 Grasp 0
150.0 254.0 101.0 259.0 99.0 230.0 147.0 226.0 Grasp 0
522.0 210.0 451.0 263.0 434.0 240.0 504.0 187.0 Grasp 0
530.0 216.0 474.0 276.0 453.0 257.0 508.0 196.0 Grasp 0
150.0 212.0 101.0 216.0 99.0 188.0 147.0 183.0 Grasp 0
145.0 299.0 100.0 294.0 103.0 266.0 148.0 270.0 Grasp 0
447.0 313.0 437.0 366.0 409.0 361.0 419.0 308.0 Grasp 0
150.0 265.0 102.0 269.0 99.0 241.0 147.0 236.0 Grasp 0
235.0 346.0 206.0 299.0 230.0 283.0 260.0 331.0 Grasp 0
432.0 311.0 421.0 368.0 392.0 363.0 403.0 306.0 Grasp 0
420.0 312.0 409.0 370.0 380.0 365.0 391.0 306.0 Grasp 0
149.0 227.0 100.0 232.0 98.0 203.0 146.0 199.0 Grasp 0
408.0 313.0 342.0 385.0 321.0 365.0 386.0 293.0 Grasp 0
423.0 362.0 414.0 315.0 443.0 310.0 451.0 357.0 Grasp 0
541.0 88.0 506.0 179.0 478.0 168.0 514.0 78.0 Grasp 0
149.0 243.0 101.0 248.0 98.0 219.0 146.0 215.0 Grasp 0
147.0 285.0 98.0 281.0 101.0 252.0 149.0 257.0 Grasp 0
520.0 210.0 433.0 253.0 421.0 227.0 507.0 184.0 Grasp 0
361.0 224.0 311.0 186.0 329.0 163.0 379.0 201.0 Grasp 0
163.0 253.0 104.0 297.0 87.0 275.0 146.0 230.0 Grasp 0
153.0 280.0 108.0 303.0 95.0 277.0 141.0 254.0 Grasp 0
147.0 279.0 90.0 251.0 102.0 225.0 160.0 254.0 Grasp 0
