529.0 131.0 501.0 86.0 529.0 68.0 557.0 114.0 Grasp 0
564.0 280.0 526.0 321.0 503.0 300.0 540.0 259.0 Grasp 0
582.0 290.0 553.0 338.0 526.0 322.0 556.0 274.0 Grasp 0
568.0 116.0 524.0 67.0 548.0 45.0 592.0 94.0 Grasp 0
520.0 237.0 479.0 283.0 455.0 261.0 496.0 216.0 Grasp 0
343.0 182.0 256.0 139.0 272.0 109.0 358.0 152.0 Grasp 0
500.0 154.0 486.0 77.0 518.0 71.0 532.0 148.0 Grasp 0
584.0 92.0 565.0 45.0 596.0 33.0 614.0 80.0 Grasp 0
542.0 123.0 514.0 78.0 542.0 61.0 569.0 105.0 Grasp 0
462.0 170.0 436.0 105.0 467.0 93.0 492.0 158.0 Grasp 0
546.0 263.0 508.0 305.0 484.0 284.0 522.0 242.0 Grasp 0
586.0 104.0 543.0 56.0 567.0 35.0 610.0 82.0 Grasp 0
470.0 109.0 426.0 180.0 397.0 163.0 442.0 91.0 Grasp 0
350.0 177.0 280.0 124.0 300.0 96.0 370.0 149.0 Grasp 0
597.0 93.0 559.0 52.0 583.0 30.0 621.0 72.0 Grasp 0
591.0 306.0 556.0 343.0 533.0 322.0 567.0 285.0 Grasp 0
578.0 42.0 539.0 31.0 547.0 3.0 586.0 14.0 Grasp 0
533.0 250.0 492.0 294.0 469.0 272.0 509.0 228.0 Grasp 0
373.0 199.0 273.0 227.0 264.0 195.0 363.0 166.0 Grasp 0
512.0 230.0 468.0 278.0 444.0 257.0 488.0 208.0 Grasp 0
516.0 144.0 491.0 80.0 521.0 68.0 546.0 132.0 Grasp 0
508.0 144.0 479.0 97.0 507.0 80.0 536.0 127.0 Grasp 0
491.0 156.0 461.0 108.0 489.0 91.0 518.0 139.0 Grasp 0
501.0 221.0 448.0 279.0 424.0 257.0 477.0 199.0 Grasp 0
375.0 199.0 312.0 247.0 292.0 220.0 355.0 172.0 Grasp 0
575.0 290.0 538.0 331.0 515.0 309.0 552.0 269.0 Grasp 0
409.0 77.0 394.0 156.0 361.0 150.0 376.0 71.0 Grasp 0
551.0 116.0 524.0 72.0 551.0 55.0 578.0 99.0 Grasp 0
477.0 218.0 405.0 212.0 408.0 178.0 480.0 185.0 Grasp 0
355.0 192.0 248.0 201.0 244.0 168.0 352.0 158.0 Grasp 0
360.0 201.0 319.0 96.0 351.0 84.0 392.0 189.0 Grasp 0
566.0 106.0 539.0 63.0 567.0 46.0 594.0 89.0 Grasp 0
448.0 91.0 401.0 167.0 372.0 150.0 420.0 73.0 Grasp 0
429.0 84.0 415.0 159.0 382.0 153.0 396.0 78.0 Grasp 0
486.0 163.0 471.0 86.0 504.0 80.0 518.0 157.0 Grasp 0
