581.0 193.0 511.0 245.0 494.0 222.0 564.0 169.0 Grasp 0
493.0 91.0 445.0 170.0 417.0 153.0 466.0 74.0 Grasp 0
441.0 242.0 375.0 236.0 377.0 207.0 444.0 214.0 Grasp 0
395.0 26.0 347.0 103.0 321.0 87.0 369.0 10.0 Grasp 0
350.0 275.0 256.0 346.0 239.0 322.0 333.0 251.0 Grasp 0
487.0 267.0 469.0 364.0 441.0 358.0 459.0 261.0 Grasp 0
572.0 181.0 501.0 217.0 488.0 191.0 559.0 155.0 Grasp 0
568.0 214.0 507.0 232.0 499.0 204.0 560.0 186.0 Grasp 0
260.0 181.0 177.0 205.0 169.0 176.0 252.0 153.0 Grasp 0
249.0 155.0 177.0 161.0 174.0 132.0 246.0 125.0 Grasp 0
457.0 66.0 407.0 146.0 380.0 130.0 430.0 49.0 Grasp 0
580.0 141.0 505.0 224.0 483.0 204.0 559.0 122.0 Grasp 0
414.0 39.0 366.0 117.0 339.0 101.0 388.0 23.0 Grasp 0
588.0 249.0 520.0 268.0 512.0 240.0 580.0 221.0 Grasp 0
435.0 56.0 373.0 123.0 350.0 102.0 412.0 35.0 Grasp 0
305.0 378.0 242.0 347.0 255.0 321.0 318.0 352.0 Grasp 0
542.0 87.0 466.0 29.0 483.0 6.0 560.0 63.0 Grasp 0
256.0 165.0 177.0 188.0 168.0 159.0 248.0 136.0 Grasp 0
494.0 184.0 410.0 208.0 402.0 178.0 486.0 154.0 Grasp 0
484.0 83.0 433.0 165.0 405.0 149.0 457.0 66.0 Grasp 0
472.0 76.0 422.0 158.0 395.0 141.0 445.0 60.0 Grasp 0
453.0 66.0 390.0 135.0 367.0 114.0 430.0 45.0 Grasp 0
249.0 136.0 177.0 157.0 168.0 128.0 240.0 107.0 Grasp 0
429.0 267.0 369.0 237.0 382.0 211.0 442.0 241.0 Grasp 0
423.0 256.0 380.0 235.0 394.0 207.0 437.0 229.0 Grasp 0
405.0 33.0 357.0 111.0 331.0 95.0 379.0 17.0 Grasp 0
547.0 92.0 449.0 44.0 462.0 18.0 560.0 66.0 Grasp 0
505.0 333.0 450.0 292.0 467.0 269.0 521.0 310.0 Grasp 0
386.0 24.0 325.0 90.0 303.0 69.0 363.0 3.0 Grasp 0
290.0 170.0 246.0 99.0 271.0 84.0 314.0 155.0 Grasp 0
459.0 226.0 399.0 220.0 402.0 190.0 462.0 195.0 Grasp 0
579.0 213.0 512.0 247.0 499.0 220.0 566.0 187.0 Grasp 0
575.0 181.0 507.0 233.0 489.0 210.0 558.0 158.0 Grasp 0
474.0 281.0 435.0 381.0 408.0 371.0 447.0 271.0 Grasp 0
247.0 119.0 179.0 153.0 165.0 126.0 233.0 92.0 Grasp 0
255.0 121.0 176.0 181.0 158.0 157.0 237.0 97.0 Grasp 0
579.0 236.0 513.0 255.0 505.0 227.0 571.0 208.0 Grasp 0
433.0 244.0 392.0 224.0 406.0 196.0 447.0 216.0 Grasp 0
486.0 202.0 411.0 209.0 408.0 178.0 483.0 171.0 Grasp 0
568.0 203.0 505.0 221.0 497.0 193.0 560.0 175.0 Grasp 0
419.0 266.0 361.0 250.0 369.0 221.0 427.0 237.0 Grasp 0
244.0 131.0 174.0 138.0 172.0 108.0 241.0 101.0 Grasp 0
321.0 264.0 241.0 351.0 220.0 332.0 299.0 245.0 Grasp 0
397.0 267.0 291.0 258.0 294.0 228.0 400.0 237.0 Grasp 0
