550.0 185.0 480.0 165.0 488.0 136.0 558.0 156.0 Grasp 0
253.0 199.0 189.0 193.0 192.0 163.0 256.0 169.0 Grasp 0
569.0 151.0 499.0 144.0 501.0 115.0 572.0 122.0 Grasp 0
555.0 174.0 483.0 153.0 491.0 125.0 563.0 146.0 Grasp 0
560.0 244.0 490.0 225.0 498.0 196.0 568.0 216.0 Grasp 0
589.0 108.0 519.0 102.0 521.0 73.0 592.0 79.0 Grasp 0
247.0 312.0 182.0 279.0 198.0 249.0 262.0 281.0 Grasp 0
357.0 246.0 333.0 285.0 309.0 270.0 332.0 231.0 Grasp 0
578.0 79.0 542.0 69.0 550.0 41.0 585.0 51.0 Grasp 0
267.0 315.0 198.0 309.0 201.0 275.0 270.0 281.0 Grasp 0
557.0 201.0 486.0 181.0 494.0 152.0 565.0 172.0 Grasp 0
586.0 72.0 549.0 61.0 557.0 33.0 594.0 44.0 Grasp 0
564.0 233.0 494.0 213.0 502.0 185.0 572.0 205.0 Grasp 0
570.0 98.0 532.0 94.0 535.0 65.0 573.0 69.0 Grasp 0
583.0 125.0 512.0 105.0 520.0 76.0 591.0 96.0 Grasp 0
579.0 173.0 511.0 154.0 519.0 125.0 587.0 145.0 Grasp 0
273.0 313.0 217.0 285.0 230.0 259.0 286.0 287.0 Grasp 0
598.0 137.0 526.0 116.0 534.0 88.0 606.0 109.0 Grasp 0
350.0 215.0 333.0 259.0 306.0 248.0 322.0 204.0 Grasp 0
414.0 316.0 388.0 274.0 417.0 257.0 443.0 298.0 Grasp 0
543.0 245.0 469.0 224.0 477.0 195.0 551.0 216.0 Grasp 0
266.0 324.0 212.0 297.0 225.0 270.0 279.0 297.0 Grasp 0
584.0 46.0 555.0 38.0 563.0 10.0 592.0 19.0 Grasp 0
566.0 184.0 498.0 165.0 506.0 136.0 574.0 155.0 Grasp 0
389.0 239.0 361.0 284.0 335.0 268.0 363.0 223.0 Grasp 0
578.0 147.0 505.0 126.0 513.0 98.0 586.0 119.0 Grasp 0
394.0 318.0 371.0 259.0 401.0 248.0 423.0 307.0 Grasp 0
552.0 212.0 481.0 191.0 489.0 163.0 560.0 183.0 Grasp 0
244.0 322.0 195.0 285.0 213.0 261.0 262.0 298.0 Grasp 0
388.0 347.0 360.0 275.0 391.0 262.0 419.0 335.0 Grasp 0
260.0 306.0 194.0 273.0 209.0 243.0 275.0 275.0 Grasp 0
283.0 302.0 228.0 274.0 241.0 248.0 297.0 276.0 Grasp 0
553.0 223.0 480.0 202.0 488.0 173.0 561.0 194.0 Grasp 0
535.0 244.0 460.0 237.0 463.0 207.0 538.0 214.0 Grasp 0
460.0 272.0 381.0 333.0 362.0 307.0 441.0 247.0 Grasp 0
583.0 94.0 541.0 82.0 549.0 54.0 591.0 66.0 Grasp 0
244.0 332.0 197.0 297.0 215.0 273.0 262.0 308.0 Grasp 0
579.0 117.0 507.0 123.0 504.0 94.0 576.0 87.0 Grasp 0
591.0 56.0 558.0 47.0 566.0 19.0 599.0 28.0 Grasp 0
525.0 261.0 453.0 241.0 462.0 212.0 533.0 233.0 Grasp 0
559.0 256.0 486.0 235.0 494.0 206.0 567.0 227.0 Grasp 0
560.0 267.0 484.0 246.0 492.0 217.0 568.0 239.0 Grasp 0
262.0 300.0 212.0 263.0 230.0 239.0 279.0 276.0 Grasp 0
412.0 335.0 355.0 307.0 370.0 276.0 427.0 305.0 Grasp 0
548.0 234.0 475.0 213.0 483.0 185.0 556.0 205.0 Grasp 0
556.0 284.0 481.0 262.0 489.0 234.0 564.0 255.0 Grasp 0
272.0 297.0 214.0 253.0 235.0 226.0 292.0 270.0 Grasp 0
596.0 147.0 527.0 127.0 535.0 99.0 604.0 119.0 Grasp 0
258.0 192.0 201.0 176.0 209.0 147.0 266.0 163.0 Grasp 0
376.0 245.0 348.0 289.0 323.0 274.0 351.0 230.0 Grasp 0
260.0 330.0 203.0 314.0 211.0 285.0 268.0 302.0 Grasp 0
323.0 102.0 199.0 67.0 207.0 37.0 331.0 73.0 Grasp 0
269.0 301.0 196.0 294.0 199.0 260.0 272.0 267.0 Grasp 0
575.0 212.0 500.0 191.0 508.0 163.0 583.0 184.0 Grasp 0
391.0 249.0 350.0 281.0 332.0 257.0 373.0 226.0 Grasp 0
566.0 195.0 498.0 175.0 507.0 147.0 575.0 166.0 Grasp 0
582.0 63.0 547.0 53.0 555.0 25.0 590.0 35.0 Grasp 0
